gis_data/PP1766_DIS_Layer6_Top_ASCII.txt
ncols         308
nrows         431
xllcorner     -321143.35392317
yllcorner     1277883.4776336
cellsize      1609.334
NODATA_value  -9999
[rows 175 to 209 of 431, columns 79 to 157 of 308]
0 0 0 0 -269.059 -285.595 -282.314 -282.314 -295.438 -288.876 -298.719 -298.719 -266.157 -298.719 -63.0419 -292.157 -295.438 -298.719 -277.757 -203.57 -242.9 -229.818 -229.818 -225.566 -259.347 -269.19 -285.595 -295.438 -302 -302 -302.391 -305.281 -305.281 -305.281 -305.281 -305.281 -305.281 -292.453 -294.55 -302 -302 -302 -295.438 -292.157 -292.157 -285.595 -285.595 -275.752 -281.327 -259.347 -268.443 -246.223 -246.223 -229.818 -225.093 -210.132 -210.132 -193.07 -193.07 -180.603 -147.793 -151.074 -147.793 -140.41 -117.65 -189.826 -15.9582 -85.454 -56.9536 -85.454 1.37843 -85.454 0 0 0 406.696 0 0 0
0 0 0 0 0 -259.347 -298.719 -295.438 -296.573 -298.719 -295.438 -295.438 -291.597 -192.79 -0.970739 48.7234 -298.719 -298.719 -234.902 -200.289 -171.082 -198.011 -171.005 -225.566 -229.491 -229.491 -242.942 -279.033 -288.876 -302 -295.254 -305.281 -305.281 -305.281 -308.562 -308.562 -295.421 -292.453 -305.281 -305.281 -305.281 -302 -302 -298.719 -292.157 -282.314 -282.359 -279.033 -282.314 -265.909 -264.223 -246.223 -239.661 -229.818 -229.818 -216.694 -207.271 -193.727 -187.165 -170.76 -160.917 -151.972 -151.972 -203.435 -120.998 -65.768 -74.9492 -85.454 -85.454 -41.9583 -81.6491 54.6119 0 0 0 419.416 419.416 0 0
0 0 0 0 0 -285.595 -298.719 -298.719 -298.719 -298.719 -298.719 -301.336 -295.438 -255.777 -302 -271.362 -298.719 -295.438 -272.471 -219.683 -147.793 -151.819 -179.047 -216.694 -180.751 -218.17 -252.785 -269.394 -285.595 -285.595 -295.438 -302 -305.281 -302 -308.562 -305.281 -303.682 -302 -305.281 -305.281 -302 -302 -302 -302 -295.438 -292.157 -282.314 -279.033 -275.752 -265.909 -252.785 -252.785 -242.942 -236.535 -226.537 -216.694 -203.57 -193.727 -193.727 -189.842 -168.217 -210.132 -206.851 -160.917 -149.475 -134.669 -133.987 -113.772 25.1801 32.5074 -73.7152 108.837 108.837 181.596 233.286 451.444 431.263 0 0
0 0 0 0 0 -216.595 -298.719 -298.719 -298.719 -298.719 -295.438 -295.438 -298.719 -302 -298.719 -298.719 -298.719 -301.138 -265.672 -214.745 -129.008 -119.155 -166.944 -134.253 -168.733 -168.733 -239.203 -236.564 -244.51 -282.314 -302 -302 -302 -308.562 -302 -302 -308.562 -308.562 -308.562 -308.562 -308.562 -305.281 -302 -298.719 -292.157 -288.876 -279.033 -279.033 -272.471 -265.909 -256.066 -252.785 -237.576 -233.099 -229.818 -223.256 -210.132 -203.57 -206.851 -189.842 -213.413 -210.132 -154.67 -169.906 -135.012 -134.669 -112.039 -113.772 -19.9116 -19.9116 98.6373 170.387 152.073 181.596 423.673 451.444 319.066 0 0
0 0 0 0 0 -25.0328 -298.719 -295.438 -295.438 -302 -302 -298.719 -298.719 -302 -302 -302 -298.719 -59.0723 -265.672 -150.62 -129.008 -74.9257 -74.9257 -123.776 -120.48 -115.89 -177.251 -214.181 -255.528 -255.528 -305.281 -305.281 -305.281 -302 -305.281 -308.562 -308.562 -311.843 -308.562 -308.562 -308.562 -302 -302 -302 -292.157 -285.595 -279.033 -275.752 -265.909 -265.909 -256.066 -256.066 -246.223 -239.661 -229.818 -219.975 -210.132 -235.381 -240.732 -233.099 -190.119 -182.202 -124.069 -97.9518 -74.3465 -74.3465 -27.2671 -9.991 -62.7182 -29.9199 11.3469 31.5247 97.7191 128.746 275.087 349.253 0 0 0
0 0 0 0 0 0 -229.844 -301.156 -298.719 -298.719 -298.719 -298.719 -295.438 -298.719 -302 -302 -300.005 -292.157 -292.157 -147.051 -193.675 -44.497 -54.5169 -71.2541 -153.16 -152.504 -156.019 -150.84 -187.881 -302 -305.281 -315.124 -315.124 -308.562 -305.281 -309.779 -308.562 -299.713 -308.562 -308.562 -308.562 -308.562 -305.281 -298.719 -292.157 -285.595 -275.752 -275.752 -269.19 -265.909 -261.519 -249.504 -239.729 -236.38 -256.066 -235.784 -246.223 -246.223 -200.289 -207.715 -144.975 -144.975 -118.264 -82.9505 -60.6919 -59.5635 18.799 0.913525 -31.2624 -31.2624 30.2358 2.90861 62.2541 221.216 0 0 0 0 0
0 0 0 0 0 0 -295.438 -298.719 -302 -302 -302 -302 -302 -302 -302 -302 -302 -302 -288.938 -216.76 -74.9768 -70.841 -37.6003 -140.15 -78.6445 -190.067 -181.603 -226.04 -227.812 -302 -308.562 -318.405 -315.124 -308.562 -310.92 -308.562 -308.562 -311.843 -311.843 -308.562 -308.562 -302 -302 -302 -295.438 -288.876 -282.314 -274.944 -269.19 -259.347 -259.347 -256.066 -246.223 -239.661 -256.066 -226.537 -246.223 -210.132 -210.132 -203.57 -183.258 -160.917 -118.264 -76.9424 -60.6919 -38.6185 -32.958 86.2334 77.7854 43.8317 -32.582 26.8887 74.619 232.644 0 0 0 0 0
0 0 0 0 0 0 0 -298.719 -298.719 -302 -302 -302 -302 -298.719 -298.719 -299.685 -302 -302 -302 -284.251 -165.157 -59.9276 -146.499 -142.852 -102.724 -240.815 -177.332 -281.604 -190.631 -305.139 -315.124 -318.405 -318.405 -308.589 -311.843 -311.843 -311.843 -305.472 -311.843 -308.562 -308.562 -308.562 -305.281 -299.883 -295.438 -288.876 -278.633 -279.033 -272.471 -269.19 -262.628 -256.066 -252.785 -239.661 -239.661 -233.099 -226.537 -226.537 -210.132 -203.57 -182.081 -163.276 -170.76 -134.669 -85.7661 -10.5911 25.5968 4.62991 77.7854 38.6375 -44.2436 112.092 74.619 127.614 0 0 0 0 0
0 0 0 0 0 0 -292.114 -292.114 -298.719 -302 -302 -302 -298.719 -298.719 -298.719 -298.719 -298.719 -302 -302 -284.251 -110.981 -110.981 -142.427 -106.06 -113.437 -240.815 -272.471 -281.604 -276.747 -276.747 -311.843 -311.843 -315.124 -302 -311.843 -308.562 -308.562 -311.843 -311.843 -307.714 -308.562 -308.562 -305.281 -305.281 -302 -292.157 -285.595 -279.033 -275.752 -272.471 -272.471 -262.628 -256.066 -246.223 -239.661 -233.099 -226.537 -223.256 -223.256 -210.132 -199.745 -173.159 -154.355 -119.358 -55.925 -49.9124 -88.4676 -91.9348 23.3026 -64.5099 -15.7353 -33.8607 -33.8607 27.1695 0 0 0 0 0
0 0 0 0 0 0 -288.996 -301.459 -302 -302 -302 -298.719 -298.719 -298.719 -298.719 -298.719 -299.148 -298.719 -298.719 -298.719 -300.403 -77.2828 -265.589 -97.6574 -151.296 -151.296 -302.158 -302 -305.281 -302 -302 -315.124 -302 -307.195 -311.379 -302 -311.843 -311.843 -311.843 -311.843 -303.682 -308.562 -305.281 -305.281 -302 -292.157 -285.595 -285.595 -282.314 -275.752 -269.19 -262.628 -252.785 -246.223 -246.223 -243.513 -236.38 -229.818 -219.975 -203.561 -194.658 -183.818 -154.396 -115.853 -108.421 -41.8217 -73.6236 -69.8484 -69.8484 -85.8341 -111.702 -85.2541 -13.1962 0 0 0 0 0 0
-9999 0 0 0 0 -242.088 -302 -302 -302 -302 -302 -298.719 -302 -298.719 -302 -302 -302 -302 -295.438 -308.562 -296.229 -296.229 -298.719 -287.38 -302 -302 -308.562 -302 -311.843 -311.843 -308.562 -311.751 -311.805 -311.843 -311.843 -302 -302.001 -310.798 -311.843 -302 -308.562 -308.562 -302 -302 -302 -302 -292.157 -285.595 -282.314 -275.752 -272.471 -265.909 -259.347 -256.066 -252.785 -243.513 -236.38 -229.818 -229.818 -219.975 -195.685 -183.818 -167.357 -115.853 -78.1857 -78.1857 -29.3759 -139.386 -108.416 -85.8341 -72.7124 -85.2541 38.6086 -97.2747 0 0 0 0 0
-9999 0 0 0 0 0 -302 -302 -302 -302 -302 -295.438 -302 -302 -302 -302 -302 -302 -302 -302.183 -302 -302 -302 -302 -311.843 -311.843 -308.562 -308.562 -305.281 -302 -308.562 -308.347 -308.562 -307.7 -302 -305.281 -308.416 -307.015 -315.124 -315.124 -311.843 -311.843 -308.562 -305.281 -302 -302 -292.157 -292.157 -285.595 -279.033 -272.471 -265.909 -259.347 -252.785 -252.785 -246.223 -242.942 -236.38 -226.537 -210.34 -206.851 -206.851 -183.852 -166.627 -111.702 -99.685 -136.815 -129.917 -157.202 -108.311 -110.135 -78.892 -118.264 -14.7343 0 0 0 0 0
-9999 -9999 0 0 0 0 -302 -298.719 -298.719 -298.719 -295.438 -258.868 -298.719 -298.719 -298.719 -298.719 -302 -302 -302 -302 -302 -302 -298.719 -302 -304.436 -311.843 -308.562 -315.124 -315.124 -304.983 -308.562 -302 -308.562 -302 -302 -311.843 -311.843 -311.843 -308.562 -305.22 -311.843 -302 -308.562 -308.562 -302 -302 -298.719 -289.086 -282.314 -275.752 -282.314 -272.471 -265.909 -259.347 -252.785 -246.704 -239.661 -239.661 -229.818 -223.256 -213.413 -206.851 -193.727 -181.012 -172.381 -172.381 -170.76 -160.917 -88.3373 -125.12 25.1669 -121.545 -85.196 77.1055 172.316 0 0 0 0
-9999 -9999 0 0 0 0 0 -298.719 -295.438 -295.438 -295.438 0 0 0 -256.066 -277.509 -302 -276.251 -295.438 -285.477 -298.719 -302 -302 -302 -315.124 -302 -311.843 -302 -302 -311.843 -302 -305.281 -305.281 -302 -302 -305.702 -311.843 -308.562 -308.562 -305.281 -302 -311.843 -302 -308.562 -302 -302 -298.719 -295.438 -293.573 -282.314 -282.314 -272.471 -265.909 -258.152 -258.152 -249.504 -246.223 -236.38 -229.818 -219.975 -213.413 -210.132 -203.57 -193.727 -184.221 -177.322 -89.9615 -74.9422 -20.0735 -31.2499 -60.5723 68.2436 -62.487 19.538 166.474 0 0 0 0
-9999 -9999 -9999 0 0 0 0 0 0 -275.804 -265.909 -247.137 0 0 0 0 -181.851 -219.198 -254.411 -269.19 -299.95 -268.236 -294.197 -281.556 -302 -297.153 -302 -302 -302 -302 -308.019 -305.281 -305.281 -302 -302.041 -302 -302 -305.281 -305.281 -311.843 -298.719 -311.843 -308.562 -308.562 -308.562 -304.999 -302 -295.438 -288.876 -282.314 -282.314 -275.752 -272.471 -262.628 -252.785 -249.504 -242.942 -242.942 -236.38 -226.537 -223.256 -213.413 -203.57 -205.355 -184.221 -155.599 -143.271 -64.9361 -20.0735 -55.7135 -60.5723 39.2317 39.2317 33.9764 58.91 51.5108 0 0 0
-9999 -9999 -9999 -9999 0 0 0 0 -292.157 -275.804 -269.19 -126.209 -186.602 0 0 0 0 0 -134.669 -219.975 -207.411 -268.236 -263.526 -281.556 -267.166 -267.166 -275.752 -299.263 -298.719 -302 -302 -305.281 -305.281 -305.281 -308.562 -305.281 -302 -308.562 -307.572 -313.416 -311.843 -305.281 -308.562 -308.562 -305.281 -304.953 -304.953 -302 -295.438 -288.876 -282.314 -275.752 -269.19 -262.628 -262.628 -256.066 -246.223 -239.661 -233.099 -226.537 -219.975 -216.694 -210.132 -203.57 -200.289 -159.883 -90.9339 -129.534 -129.534 -62.487 14.5544 -8.22868 32.8893 104.333 73.3492 -62.487 0 0 0
-9999 -9999 -9999 -9999 0 0 0 0 0 -285.595 -239.661 -216.694 -154.355 0 0 0 0 0 0 -150.381 -179.275 -179.275 -218.186 -223.351 -160.313 -227.071 -249.504 -283.107 -271.465 -295.438 -292.157 -305.281 -305.281 -305.281 -308.562 -308.562 -315.124 -311.031 -300.866 -313.416 -313.524 -305.281 -302 -302 -302 -305.281 -303.34 -302 -292.157 -285.595 -285.595 -279.033 -272.471 -265.909 -262.628 -252.785 -249.326 -244.817 -236.38 -233.099 -226.537 -216.694 -200.289 -200.289 -168.372 -167.287 -154.751 -112.749 -108.405 -80.3188 -65.0193 -8.85668 -8.85668 71.1494 -34.3287 -22.9406 0 0 0
-9999 -9999 -9999 -9999 -9999 0 0 0 -275.752 -275.636 -259.347 -210.132 -129.045 -114.983 0 0 0 0 0 0 0 0 0 0 0 0 0 -236.408 -258.499 -275.752 -288.876 -302 -302 -305.281 -311.843 -302 -315.124 -302 -315.124 -315.124 -315.124 -302 -311.843 -311.843 -308.562 -302 -302.618 -302 -295.438 -292.157 -285.595 -279.033 -271.619 -265.909 -265.909 -259.347 -252.785 -244.817 -239.571 -233.099 -223.256 -223.256 -216.694 -213.413 -190.446 -167.287 -123.164 -112.749 -104.526 -44.891 -124.826 -46.1045 25.9546 -39.6101 -65.9698 -59.1415 0 0 0
-9999 -9999 -9999 -9999 -9999 0 0 0 0 -259.347 -259.347 -169.835 -129.045 -59.5648 -59.5648 0 0 0 0 0 0 0 0 0 0 0 -200.289 -223.256 -232.442 -251.2 -269.19 -288.876 -298.719 -305.281 -311.843 -311.843 -315.124 -311.843 -302 -308.562 -302 -315.124 -311.843 -311.843 -306.01 -308.562 -302 -302 -295.438 -292.157 -292.157 -282.314 -279.033 -272.471 -266.279 -259.347 -252.785 -252.785 -246.223 -235.924 -229.818 -223.256 -219.975 -201.102 -198.115 -177.322 -155.174 -108.813 -151.074 -44.891 -115.22 -46.1045 -31.5905 -43.5806 -95.6217 -59.1415 0 0 0
-9999 -9999 -9999 -9999 -9999 -9999 0 -147.663 -252.785 -236.38 -236.38 -216.694 0 0 3.133 0 0 0 0 0 0 0 0 0 0 0 0 -206.851 -232.442 -249.504 -269.19 -285.595 -285.595 -298.719 -308.562 -310.586 -311.843 -302 -298.719 -298.719 -309.182 -311.843 -308.562 -305.281 -305.281 -302 -302.525 -298.719 -292.157 -295.438 -288.876 -282.314 -272.471 -272.471 -272.471 -265.909 -256.066 -249.504 -239.661 -233.099 -226.537 -226.537 -219.975 -216.694 -206.851 -180.603 -131.003 -111.702 -177.187 -168.434 -124.088 -43.6733 -74.9237 -71.5473 -63.3384 -63.3384 -35.3633 58.4689 0
-9999 -9999 -9999 -9999 -9999 -9999 -9999 0 -203.57 -211.061 -206.851 -164.845 0 0 0 0 0 0 0 0 0 0 0 0 0 0 -180.603 -226.537 -226.537 -239.661 -252.796 -272.471 -285.595 -302 -311.843 -308.562 -302 -308.68 -298.719 -308.562 -309.182 -308.562 -308.562 -302 -305.281 -305.281 -302.525 -298.719 -292.157 -292.157 -292.157 -285.595 -285.595 -272.471 -272.471 -262.628 -252.785 -252.785 -242.942 -236.38 -228.267 -226.537 -216.845 -210.132 -206.851 -200.289 -195.86 -183.884 -175.366 -154.355 -121.036 -83.3798 -116.702 -105.14 -49.3747 -71.8711 -61.0604 3.21877 0
-9999 -9999 -9999 -9999 -9999 -9999 -9999 0 -151.074 0 0 -90.9196 -87.8775 0 0 0 0 0 0 0 0 0 0 0 0 0 0 -187.682 -216.694 -242.942 -256.066 -279.033 -279.033 -299.461 -308.562 -308.562 -308.562 -302 -308.562 -308.562 -305.281 -305.281 -308.562 -305.281 -302 -302 -302 -302 -302 -295.438 -292.157 -285.595 -279.033 -279.033 -272.471 -262.628 -259.347 -249.504 -242.942 -236.38 -228.267 -226.537 -219.975 -216.694 -206.851 -197.008 -195.86 -183.884 -183.884 -170.76 -117.839 -147.793 -116.702 -77.124 -49.3747 -62.4244 -101.859 -50.6372 0
-9999 -9999 -9999 -9999 -9999 -9999 -9999 -9999 0 0 0 -90.9196 0 0 0 0 0 0 0 0 0 0 0 0 0 0 0 -190.446 -190.446 -224.116 -249.504 -275.752 -285.595 -301.181 -306.777 -308.562 -302 -308.562 -302 -303.682 -305.281 -302 -302 -302 -302 -302 -302 -298.719 -295.438 -295.438 -295.438 -288.876 -285.595 -275.752 -269.19 -262.628 -256.066 -252.785 -246.223 -236.38 -231.292 -226.537 -219.618 -219.224 -219.224 -206.133 -197.008 -186.304 -183.884 -142.256 -106.915 -145.499 -146.507 -104.229 -131.388 -48.7105 -83.9992 -1.13301 0
-9999 -9999 -9999 -9999 -9999 -9999 -9999 -9999 0 0 0 0 0 0 0 0 0 0 0 0 0 0 0 0 0 0 0 0 0 -224.116 -259.347 -275.752 -285.595 -295.438 -308.562 -308.562 -305.281 -308.562 -305.281 -305.281 -302 -305.281 -302 -302 -301.588 -299.939 -299.939 -291.674 -293.987 -292.157 -292.157 -285.595 -279.033 -279.033 -274.054 -265.909 -259.347 -249.504 -242.942 -236.38 -229.818 -229.818 -223.256 -216.694 -210.132 -197.008 -193.727 -170.76 -170.76 -159.192 -170.76 -151.074 -97.4514 -115.443 -107.568 -122.684 -49.5237 -7.92435 -9.02199
-9999 -9999 -9999 -9999 -9999 -9999 -9999 -9999 -9999 0 0 0 0 0 0 0 0 0 0 0 0 0 0 0 0 0 0 0 0 0 0 -268.839 -288.876 -298.719 -305.351 -305.351 -305.281 -308.562 -302 -302 -303.479 -305.225 -291.017 -294.499 -273.159 -295.037 -276.363 -291.674 -282.016 -292.157 -265.882 -282.086 -276.312 -279.033 -272.471 -265.909 -259.347 -259.347 -249.504 -246.223 -236.38 -229.818 -223.256 -216.694 -213.565 -206.851 -197.484 -180.603 -155.769 -142.243 -134.05 -132.23 -154.355 -116.39 -121.628 -89.7171 -122.395 20.4845 -19.834
-9999 -9999 -9999 -9999 -9999 -9999 -9999 -9999 -9999 0 0 0 0 0 0 0 0 0 0 0 0 0 0 0 0 0 0 0 0 0 0 0 -274.003 -298.719 -302 -302 -302 -295.438 -302 -302 -281.001 -281.119 -242.473 -259.818 -235.449 -254.862 -215.244 -239.522 -222.404 -248.54 -227.165 -259.688 -249.386 -249.386 -258.536 -267.519 -259.347 -256.066 -246.223 -242.942 -239.661 -233.099 -226.537 -216.694 -206.851 -206.851 -193.727 -180.603 -183.288 -156.219 -134.669 -132.23 -141.231 -116.39 -20.2978 -20.2978 -46.9239 -95.3794 -52.9427
-9999 -9999 -9999 -9999 -9999 -9999 -9999 -9999 -9999 -9999 0 0 0 0 0 0 0 0 0 0 0 0 0 0 0 0 0 0 0 0 0 0 -272.553 -302 -302 -302 -302 -296.123 -275.679 -277.513 -223.528 -235.446 -204.968 -210.318 -209.919 -213.827 -212.799 -211.212 -209.346 -212.567 -198.4 -199.925 -189.217 -215.83 -225.607 -258.702 -259.203 -259.203 -252.785 -246.223 -239.661 -233.099 -219.975 -210.132 -210.132 -200.289 -190.446 -180.603 -167.479 -163.337 -147.793 -147.793 -108.025 -92.016 -92.016 -82.173 -32.958 -110.183 -73.2521
-9999 -9999 -9999 -9999 -9999 -9999 -9999 -9999 -9999 -9999 -9999 0 0 0 0 0 0 0 0 0 0 0 0 0 0 0 0 0 0 0 0 0 0 -283.863 -295.993 -302 -302 -271.472 -275.679 -214.121 -217.557 -201.087 -204.968 -279.253 -209.919 -262.892 -262.892 -253.039 -245.889 -238.401 -198.4 -188.929 -180.613 -180.613 -173.723 -204.785 -237.903 -254.945 -252.785 -246.223 -242.942 -236.38 -226.537 -216.694 -203.57 -197.008 -183.884 -177.322 -170.76 -167.479 -151.938 -137.8 -95.9945 -92.016 -68.0179 -68.0179 -78.2623 -39.5169 -39.4794
-9999 -9999 -9999 -9999 -9999 -9999 -9999 -9999 -9999 -9999 -9999 0 0 0 0 0 0 0 0 0 0 0 0 0 0 0 0 0 0 0 0 0 0 -301.111 -301.934 -287.124 -289.058 -208.378 -209.066 -186.774 -192.063 -285.179 -285.179 -280.771 -277.163 -266.045 -255.513 -248.622 -244.607 -243.922 -237.037 -219.187 -211.57 -195.108 -173.723 -194.484 -237.903 -234.935 -252.785 -242.942 -242.942 -236.1 -226.537 -211.594 -211.594 -203.57 -190.446 -180.603 -170.76 -166.112 -151.938 -151.074 -140.402 -121.545 -101.859 -77.704 -37.2498 -11.6892 16.2817
-9999 -9999 -9999 -9999 -9999 -9999 -9999 -9999 -9999 -9999 -9999 -9999 0 0 0 0 0 0 0 0 0 0 0 0 0 0 0 0 0 0 0 0 0 -216.105 -260.516 -243.097 -234.215 -176.896 -176.896 -274.646 -280.429 -281.749 -283.548 -281.26 -275.366 -260.392 -260.392 -255.877 -249.982 -245.995 -232.241 -216.446 -205.368 -203.221 -193.658 -164.22 -185.937 -231.953 -248.104 -239.661 -239.661 -229.818 -226.537 -216.694 -206.851 -190.629 -180.603 -170.76 -170.76 -157.636 -154.355 -144.512 -140.402 -101.859 -101.859 -81.1884 -49.363 -21.5806 16.2817
-9999 -9999 -9999 -9999 -9999 -9999 -9999 -9999 -9999 -9999 -9999 -9999 0 0 0 0 0 0 0 0 0 0 0 0 0 0 0 0 0 0 0 0 0 -216.105 -246.404 -246.404 -179.408 -177.168 -260.016 -273.608 -279.095 -284.591 -284.591 -283.971 -282.398 -273.136 -261.212 -259.096 -251.503 -256.38 -248.833 -230.244 -211.878 -198.932 -186.657 -153.384 -186.344 -171.253 -223.522 -236.567 -236.38 -226.537 -219.975 -206.851 -206.851 -193.727 -188.096 -177.322 -167.479 -157.636 -147.793 -143.69 -134.669 -118.25 -108.817 -75.2837 -113.573 -37.2214 -37.2214
-9999 -9999 -9999 -9999 -9999 -9999 -9999 -9999 -9999 -9999 -9999 -9999 -9999 0 0 0 0 0 0 0 0 0 0 0 0 0 0 0 0 0 0 0 0 0 0 -210.132 -113.71 -226.794 -225.812 -261.806 -278.17 -280.054 -286.587 -283.971 -279.844 -273.136 -275.371 -272.336 -273.461 -256.38 -254.336 -230.244 -210.53 -210.53 -195.263 -163.59 -147.565 -171.253 -205.188 -230.827 -230.827 -222.203 -223.256 -213.413 -202.242 -190.446 -183.884 -180.603 -174.041 -160.917 -151.073 -134.669 -134.669 -124.826 -101.859 -118.595 -143.913 -72.33 -167.479
-9999 -9999 -9999 -9999 -9999 -9999 -9999 -9999 -9999 -9999 -9999 -9999 -9999 -9999 0 0 0 0 0 0 0 0 0 0 0 0 0 0 0 0 0 0 0 0 -62.2377 -62.2377 -99.5039 -176.031 -215.001 -259.189 -276.444 -282.521 -273.508 -281.2 -272.048 -279.255 -279.186 -278.93 -286.526 -286.526 -287.174 -254.157 -220.104 -207.874 -185.957 -152.636 -166.824 -136.463 -143.5 -185.466 -202.451 -222.203 -216.694 -213.413 -210.132 -200.289 -187.165 -180.603 -167.479 -160.917 -147.793 -147.793 -190.446 -190.675 -144.512 -118.595 -82.173 -72.33 -95.297
-9999 -9999 -9999 -9999 -9999 -9999 -9999 -9999 -9999 -9999 -9999 -9999 -9999 -9999 0 0 0 0 0 0 0 0 0 0 0 0 0 0 0 0 0 0 0 0 0 -51.9893 -71.3229 -151.186 -120.643 -192.716 -238.435 -264.802 -269.383 -269.833 -259.227 -270.184 -262.724 -281.329 -318.415 -306.703 -282.245 -251.869 -209.301 -209.301 -187.159 -179.997 -166.118 -128.788 -111.722 -151.524 -109.275 -160.063 -178.501 -213.091 -209.157 -200.289 -226.537 -226.537 -213.413 -174.041 -206.851 -200.289 -160.917 -151.074 -129.869 -129.869 -108.735 -101.859 -57.3734
-9999 -9999 -9999 -9999 -9999 -9999 -9999 -9999 -9999 -9999 -9999 -9999 -9999 -9999 -9999 0 0 0 0 0 0 0 0 0 0 0 0 0 0 0 0 0 0 0 0 0 83.409 -28.4545 -120.643 -185.97 -238.435 -265.411 -265.411 -269.284 -257.542 -243.361 -252.78 -292.676 -307.013 -307.013 -284.105 -268.683 -211.396 -200.248 -186.341 -173.786 -170.452 -162.355 -146.679 -102.313 -98.7651 -124.687 -138.339 -199.079 -175.749 -198.647 -197.008 -219.975 -213.902 -184.917 -174.041 -174.041 -138.75 -131.388 -114.983 -105.14 -82.795 -55.775 -84.1548
