gis_data/PP1766_DIS_Layer1_Top_ASCII.txt
ncols         308
nrows         431
xllcorner     -321143.35392317
yllcorner     1277883.4776336
cellsize      1609.334
NODATA_value  -9999
[rows 216 to 251 of 431, columns 164 to 245 of 308]
217 213 217 243 243 246 253 276 282 361 285 571 637 489 564 801 1155 1099 1099 1086 879 1595 1411 2169 971 1831 1125 1417 2202 2759 2687 2202 1467 1467 2425 2936 2904 3038 2300 1549 1900 3251 1637 3005 3606 3199 3957 3957 -9999 -9999 -9999 -9999 -9999 -9999 -9999 -9999 -9999 -9999 -9999 -9999 -9999 -9999 -9999 -9999 -9999 -9999 -9999 -9999 -9999 -9999 -9999 -9999 -9999 -9999 -9999 -9999 -9999 -9999 -9999 -9999 -9999 -9999
190 217 138 240 141 154 164 243 253 331 423 466 755 558 587 594 633 886 1214 994 837 1522 1522 1640 2503 1814 1083 1775 2169 1457 2051 2359 2097 2284 2425 2612 2612 2992 2457 2362 1900 3488 1637 1916 1916 3478 5604 5145 -9999 -9999 -9999 -9999 -9999 -9999 -9999 -9999 -9999 -9999 -9999 -9999 -9999 -9999 -9999 -9999 -9999 -9999 -9999 -9999 -9999 -9999 -9999 -9999 -9999 -9999 -9999 -9999 -9999 -9999 -9999 -9999 -9999 -9999
200 203 240 240 240 240 253 243 249 358 384 354 371 423 512 515 748 932 932 1303 896 866 1539 1723 2412 2152 2011 1306 1493 1588 1768 1660 2179 2520 1581 1532 2727 1404 2828 2950 2950 3478 3704 2891 2077 2435 3616 2208 3599 -9999 -9999 -9999 -9999 -9999 -9999 -9999 -9999 -9999 -9999 -9999 -9999 -9999 -9999 -9999 -9999 -9999 -9999 -9999 -9999 -9999 -9999 -9999 -9999 -9999 -9999 -9999 -9999 -9999 -9999 -9999 -9999 -9999
253 226 233 249 272 240 272 272 354 302 351 354 335 423 413 518 482 810 1083 1112 869 837 837 1352 1841 2343 2379 1417 833 1798 902 945 1841 3124 2106 2261 2261 2402 1959 3573 3235 3803 3767 3865 3872 2389 2933 3376 2936 -9999 -9999 -9999 -9999 -9999 -9999 -9999 -9999 -9999 -9999 -9999 -9999 -9999 -9999 -9999 -9999 -9999 -9999 -9999 -9999 -9999 -9999 -9999 -9999 -9999 -9999 -9999 -9999 -9999 -9999 -9999 -9999 -9999
236 190 259 285 266 266 331 328 331 351 295 295 292 345 351 433 479 745 1017 1093 650 837 938 1352 1440 1440 1811 2395 2021 1798 2372 945 2625 2625 2330 1667 2054 2402 2736 3619 3619 4216 3940 3911 4059 2727 4866 4899 4393 4757 -9999 -9999 -9999 -9999 -9999 -9999 -9999 -9999 -9999 -9999 -9999 -9999 -9999 -9999 -9999 -9999 -9999 -9999 -9999 -9999 -9999 -9999 -9999 -9999 -9999 -9999 -9999 -9999 -9999 -9999 -9999 -9999
259 220 259 210 289 292 289 289 322 315 266 279 292 348 348 397 486 610 902 1155 1089 843 1007 955 1581 1795 2179 2690 2100 2100 3199 2631 1965 1696 2008 2618 2608 2812 2648 3488 3356 4216 4374 4374 3908 3511 3622 4899 5217 4757 -9999 -9999 -9999 -9999 -9999 -9999 -9999 -9999 -9999 -9999 -9999 -9999 -9999 -9999 -9999 -9999 -9999 -9999 -9999 -9999 -9999 -9999 -9999 -9999 -9999 -9999 -9999 -9999 -9999 -9999 -9999 -9999
259 282 259 289 302 253 279 226 230 302 259 259 282 318 377 404 443 758 807 971 617 1175 1139 1253 1414 1414 2182 2940 2474 2080 3110 3278 3366 3160 2658 2700 2809 2907 2500 2746 2943 3465 4157 3701 4305 3678 4518 4518 5820 6093 4981 -9999 -9999 -9999 -9999 -9999 -9999 -9999 -9999 -9999 -9999 -9999 -9999 -9999 -9999 -9999 -9999 -9999 -9999 -9999 -9999 -9999 -9999 -9999 -9999 -9999 -9999 -9999 -9999 -9999 -9999 -9999
236 223 253 295 276 236 279 200 259 292 249 308 282 335 335 407 371 512 807 1037 617 794 1194 1066 1293 1348 2093 2612 2110 2110 1896 2914 3087 3540 3058 2897 3002 3255 3393 2605 3337 3386 3616 3616 3494 4347 3576 4364 5240 6365 5161 5161 -9999 -9999 -9999 -9999 -9999 -9999 -9999 -9999 -9999 -9999 -9999 -9999 -9999 -9999 -9999 -9999 -9999 -9999 -9999 -9999 -9999 -9999 -9999 -9999 -9999 -9999 -9999 -9999 -9999 -9999
249 236 262 246 253 174 184 272 246 302 335 249 262 282 394 364 453 443 443 443 404 942 1030 1096 1312 1237 1457 2326 2126 1923 1896 3265 3265 3406 4082 2976 3002 3110 3393 2733 2733 3324 3576 3475 3494 4456 4977 4977 4285 5817 5732 4813 -9999 -9999 -9999 -9999 -9999 -9999 -9999 -9999 -9999 -9999 -9999 -9999 -9999 -9999 -9999 -9999 -9999 -9999 -9999 -9999 -9999 -9999 -9999 -9999 -9999 -9999 -9999 -9999 -9999 -9999
226 233 240 190 187 253 266 190 230 223 233 249 299 282 282 423 322 423 430 627 663 1043 856 1099 1319 1201 1437 1555 2316 2146 1942 2116 2366 2431 3081 2503 2503 2553 2694 3064 3025 2822 3931 3041 3183 3442 4833 5207 4285 6339 6339 5525 5000 -9999 -9999 -9999 -9999 -9999 -9999 -9999 -9999 -9999 -9999 -9999 -9999 -9999 -9999 -9999 -9999 -9999 -9999 -9999 -9999 -9999 -9999 -9999 -9999 -9999 -9999 -9999 -9999 -9999
207 233 187 187 226 246 180 190 210 223 226 240 292 308 358 443 420 449 449 617 774 951 843 981 1116 1112 1217 1230 1499 1414 1906 2280 2280 2215 2149 2576 2343 2323 2887 3035 2792 2615 2782 2936 3343 3265 4262 3776 5240 4721 4977 5204 5358 -9999 -9999 -9999 -9999 -9999 -9999 -9999 -9999 -9999 -9999 -9999 -9999 -9999 -9999 -9999 -9999 -9999 -9999 -9999 -9999 -9999 -9999 -9999 -9999 -9999 -9999 -9999 -9999 -9999
190 217 190 194 167 171 187 187 200 213 305 358 371 308 443 413 518 410 456 617 732 732 791 974 994 1112 1024 1230 1565 1565 1854 1834 2087 2031 2057 2487 2487 2018 2477 2772 2566 2402 2566 2395 2992 3068 3163 3402 4488 3891 3891 4354 6040 6158 -9999 -9999 -9999 -9999 -9999 -9999 -9999 -9999 -9999 -9999 -9999 -9999 -9999 -9999 -9999 -9999 -9999 -9999 -9999 -9999 -9999 -9999 -9999 -9999 -9999 -9999 -9999 -9999
177 203 161 161 154 157 177 190 276 276 249 276 351 413 568 702 535 571 518 535 515 722 1093 1112 984 984 929 1240 1303 1257 1621 2303 2612 2090 2018 2074 2103 2018 2359 2359 2648 2379 2284 2395 2943 3068 3274 3274 3327 3379 3343 4354 5932 6158 5492 -9999 -9999 -9999 -9999 -9999 -9999 -9999 -9999 -9999 -9999 -9999 -9999 -9999 -9999 -9999 -9999 -9999 -9999 -9999 -9999 -9999 -9999 -9999 -9999 -9999 -9999 -9999
190 184 135 144 210 217 246 246 289 243 338 367 568 509 604 692 492 512 518 489 482 482 886 1034 1194 866 1004 1273 1257 1096 1562 1998 2244 2221 1739 2343 1700 2001 1765 2359 2349 2205 2408 2408 2441 3110 2809 2891 3196 2959 3058 3980 5138 5072 5282 -9999 -9999 -9999 -9999 -9999 -9999 -9999 -9999 -9999 -9999 -9999 -9999 -9999 -9999 -9999 -9999 -9999 -9999 -9999 -9999 -9999 -9999 -9999 -9999 -9999 -9999 -9999
190 131 135 180 200 236 236 262 289 335 335 417 423 499 604 568 492 505 505 423 410 502 935 1056 955 955 840 1923 1401 1283 1453 1791 1864 2582 1739 1595 1631 2051 1946 1946 2116 2083 2097 2251 2795 2858 2549 2549 2484 2352 4068 4377 4738 5161 4708 4574 -9999 -9999 -9999 -9999 -9999 -9999 -9999 -9999 -9999 -9999 -9999 -9999 -9999 -9999 -9999 -9999 -9999 -9999 -9999 -9999 -9999 -9999 -9999 -9999 -9999 -9999
128 174 151 210 220 210 217 213 233 328 404 440 518 509 509 525 459 413 433 413 410 377 495 896 1056 886 840 1581 1581 1322 1326 1417 1864 2530 1739 1601 1601 1447 1526 1969 2116 1913 1873 1873 2264 2569 2943 2431 3110 2792 3150 4013 4397 4564 4406 4524 -9999 -9999 -9999 -9999 -9999 -9999 -9999 -9999 -9999 -9999 -9999 -9999 -9999 -9999 -9999 -9999 -9999 -9999 -9999 -9999 -9999 -9999 -9999 -9999 -9999 -9999
174 184 197 197 226 203 256 249 282 266 266 292 374 427 466 371 387 390 413 341 420 364 522 787 1053 965 650 1083 1286 1158 1230 1457 1457 1906 2343 1453 1526 1873 1700 2247 2120 1847 1765 1791 2264 2513 2513 1860 2625 3671 3150 3619 4397 4193 4193 4341 4390 -9999 -9999 -9999 -9999 -9999 -9999 -9999 -9999 -9999 -9999 -9999 -9999 -9999 -9999 -9999 -9999 -9999 -9999 -9999 -9999 -9999 -9999 -9999 -9999 -9999
161 161 180 197 200 203 220 194 249 223 236 302 371 463 463 315 322 345 358 318 325 354 486 620 564 899 830 896 896 948 1312 1286 1595 1614 1916 1982 1982 1667 2031 1742 2110 1650 1598 1680 1959 2484 2451 2097 3114 2907 2907 3035 3222 3980 3626 3360 3895 4367 -9999 -9999 -9999 -9999 -9999 -9999 -9999 -9999 -9999 -9999 -9999 -9999 -9999 -9999 -9999 -9999 -9999 -9999 -9999 -9999 -9999 -9999 -9999 -9999
154 171 187 187 180 190 194 194 197 223 197 226 253 318 397 315 331 331 312 312 308 354 548 620 600 600 646 781 929 1247 1240 1099 1099 1303 1181 1828 2211 2202 2110 1680 1831 1647 1555 1972 1703 2051 2051 2234 3091 2323 2379 2562 3330 3425 3425 3419 3143 3950 -9999 -9999 -9999 -9999 -9999 -9999 -9999 -9999 -9999 -9999 -9999 -9999 -9999 -9999 -9999 -9999 -9999 -9999 -9999 -9999 -9999 -9999 -9999 -9999
154 154 157 174 177 187 174 180 180 190 190 243 259 322 269 308 282 361 285 312 295 295 371 541 423 633 768 774 728 1037 1043 1224 1558 1303 1768 1768 1903 2103 2018 1680 1624 1647 1270 1270 1434 1942 1158 2234 2346 2369 2369 2129 2536 2789 3245 2959 3353 3360 4649 -9999 -9999 -9999 -9999 -9999 -9999 -9999 -9999 -9999 -9999 -9999 -9999 -9999 -9999 -9999 -9999 -9999 -9999 -9999 -9999 -9999 -9999 -9999
151 157 157 157 161 171 174 177 174 180 174 213 220 256 226 272 308 308 249 259 341 377 345 482 423 463 620 607 869 984 646 764 899 1326 1348 1457 1611 1972 1693 1693 1437 1467 1414 1234 1165 1470 1102 1640 2835 2041 2198 2129 2392 2789 2825 2559 3550 3360 3990 -9999 -9999 -9999 -9999 -9999 -9999 -9999 -9999 -9999 -9999 -9999 -9999 -9999 -9999 -9999 -9999 -9999 -9999 -9999 -9999 -9999 -9999 -9999
151 144 151 154 161 164 164 171 171 171 174 200 220 223 223 230 262 295 249 305 315 315 305 351 525 499 564 761 699 768 699 925 1004 1145 1355 1355 1398 1627 1706 1709 1365 1253 1660 1660 1004 1135 1490 1959 1860 2024 2490 2152 2156 2385 2474 2654 3353 3353 3422 3967 -9999 -9999 -9999 -9999 -9999 -9999 -9999 -9999 -9999 -9999 -9999 -9999 -9999 -9999 -9999 -9999 -9999 -9999 -9999 -9999 -9999 -9999
138 138 151 141 154 154 161 161 167 174 174 180 190 194 203 233 262 233 236 256 282 299 305 351 351 489 440 627 699 820 699 922 922 1020 1257 1348 1194 1552 1296 1296 1230 1427 1207 1601 955 1112 1946 2480 2195 2277 2894 2175 2441 2441 2366 2287 2848 3301 3366 3924 -9999 -9999 -9999 -9999 -9999 -9999 -9999 -9999 -9999 -9999 -9999 -9999 -9999 -9999 -9999 -9999 -9999 -9999 -9999 -9999 -9999 -9999
115 125 135 144 151 148 148 161 164 174 177 184 190 194 200 210 213 223 236 279 282 276 289 318 384 433 561 469 469 558 623 1066 909 1011 1158 1234 1148 1027 1289 1171 1230 1335 1335 1099 1749 892 1946 2251 2195 2129 2129 3593 3629 3406 2366 2625 2989 2989 3685 3573 3370 -9999 -9999 -9999 -9999 -9999 -9999 -9999 -9999 -9999 -9999 -9999 -9999 -9999 -9999 -9999 -9999 -9999 -9999 -9999 -9999 -9999
118 125 135 131 141 144 151 157 167 171 171 180 187 197 200 213 217 217 236 249 256 285 299 308 308 361 469 456 486 742 778 971 971 1148 1122 1050 1099 1184 1335 1139 1165 1398 912 1066 1358 1155 1155 1867 1762 2369 2389 3101 3990 3110 3032 3297 2707 3058 3685 3950 3370 3366 -9999 -9999 -9999 -9999 -9999 -9999 -9999 -9999 -9999 -9999 -9999 -9999 -9999 -9999 -9999 -9999 -9999 -9999 -9999 -9999
112 118 125 131 141 144 144 148 157 164 174 180 187 187 197 207 210 217 233 249 266 266 276 302 318 443 446 502 502 735 791 843 869 906 1165 1004 1083 974 1043 646 1024 1135 1135 1345 1690 2139 1759 1394 1768 2208 2208 2671 2907 2700 2730 3435 2940 4147 3671 4564 3658 3517 -9999 -9999 -9999 -9999 -9999 -9999 -9999 -9999 -9999 -9999 -9999 -9999 -9999 -9999 -9999 -9999 -9999 -9999 -9999 -9999
112 115 121 125 131 135 141 148 157 164 167 177 180 190 197 203 213 213 226 233 262 269 299 302 308 328 377 427 574 735 692 692 827 879 1056 1004 1148 974 761 761 696 889 850 1404 1736 1739 1739 1572 1319 2195 2667 2313 2891 2677 3002 3980 3730 3806 3593 4459 4459 2959 3242 -9999 -9999 -9999 -9999 -9999 -9999 -9999 -9999 -9999 -9999 -9999 -9999 -9999 -9999 -9999 -9999 -9999 -9999 -9999
108 115 118 125 131 138 138 141 151 157 167 177 180 180 194 197 210 217 226 233 246 246 259 279 292 308 351 440 423 515 637 663 781 830 850 850 751 758 627 892 1188 853 1135 1198 1411 1749 1332 1572 1237 2195 2244 2326 2733 2677 2927 3980 3137 3137 3137 3297 3251 2959 2943 -9999 -9999 -9999 -9999 -9999 -9999 -9999 -9999 -9999 -9999 -9999 -9999 -9999 -9999 -9999 -9999 -9999 -9999 -9999
108 112 112 118 121 131 138 144 151 161 161 167 177 190 197 203 213 213 223 233 243 249 266 272 285 292 308 348 423 466 630 630 689 840 728 692 587 879 906 906 1214 1250 1161 1260 1585 1700 1542 1204 1335 1857 2238 2179 2681 2681 2307 2858 3258 2441 2989 3068 2835 3107 2845 2812 -9999 -9999 -9999 -9999 -9999 -9999 -9999 -9999 -9999 -9999 -9999 -9999 -9999 -9999 -9999 -9999 -9999 -9999
105 112 112 118 125 131 131 135 144 151 161 171 177 180 187 197 207 213 223 233 233 246 253 266 285 292 308 331 331 354 463 610 755 755 640 640 587 587 843 961 958 1280 860 1345 1965 1621 1394 1165 1568 1568 1841 1926 2261 2415 2165 2270 2149 2149 2720 2848 2894 3163 2638 3074 3097 -9999 -9999 -9999 -9999 -9999 -9999 -9999 -9999 -9999 -9999 -9999 -9999 -9999 -9999 -9999 -9999 -9999
105 108 108 118 121 128 131 141 144 154 154 164 171 180 187 200 207 210 217 226 233 246 256 266 266 279 299 308 331 371 463 427 587 604 600 492 587 748 843 830 1001 1096 860 1759 1965 1365 1365 1001 1194 1814 1841 1942 2241 2241 2480 1952 1572 1916 2297 2559 2425 2871 2733 2553 3009 -9999 -9999 -9999 -9999 -9999 -9999 -9999 -9999 -9999 -9999 -9999 -9999 -9999 -9999 -9999 -9999 -9999
98 108 112 121 121 131 131 135 141 148 157 171 174 177 187 197 207 217 220 230 230 240 246 269 272 289 305 315 315 335 381 463 495 377 528 502 476 738 778 801 915 866 866 1303 1503 1050 1001 1332 1729 1785 1713 2139 2146 2402 2480 1647 1572 1516 1965 2539 2425 2474 2733 2766 2766 3176 -9999 -9999 -9999 -9999 -9999 -9999 -9999 -9999 -9999 -9999 -9999 -9999 -9999 -9999 -9999 -9999
102 108 108 115 118 125 131 135 144 144 154 161 171 177 190 197 210 213 220 230 233 246 259 269 269 289 299 315 335 345 384 361 381 466 600 669 797 771 771 686 899 791 1027 1102 1076 1207 1207 1503 1293 1578 1532 1890 2690 2257 2225 2077 1398 1568 1893 2435 2435 1847 2218 2310 2661 3494 -9999 -9999 -9999 -9999 -9999 -9999 -9999 -9999 -9999 -9999 -9999 -9999 -9999 -9999 -9999 -9999
102 105 108 112 118 121 125 131 138 144 154 161 171 171 184 194 203 213 223 230 233 243 256 262 279 289 308 308 315 335 322 361 374 466 692 692 673 715 738 732 866 912 912 758 781 856 1335 1135 1411 1266 1293 1503 1978 1919 1929 1440 2520 2303 2517 2490 1962 1640 2369 1877 1877 2077 2100 -9999 -9999 -9999 -9999 -9999 -9999 -9999 -9999 -9999 -9999 -9999 -9999 -9999 -9999 -9999
98 98 102 108 115 118 128 131 141 141 151 157 171 174 190 197 207 207 220 226 240 246 259 259 272 282 302 315 315 308 354 354 361 381 456 528 673 623 564 600 748 637 824 758 1047 856 1221 1047 1119 1266 1378 1503 1844 1844 1394 1243 2054 2303 2697 2247 2247 1289 1102 2202 1700 2070 1985 2569 -9999 -9999 -9999 -9999 -9999 -9999 -9999 -9999 -9999 -9999 -9999 -9999 -9999 -9999
95 102 102 108 115 121 125 131 141 148 154 164 174 174 187 194 207 213 223 230 233 240 253 262 269 282 295 295 312 331 338 351 351 377 453 453 518 502 653 640 604 751 548 541 1221 1247 1263 1296 1230 1230 1378 1854 1532 1434 1404 1555 1926 2228 2369 1440 1296 1289 1250 2202 2379 1201 1936 2569 -9999 -9999 -9999 -9999 -9999 -9999 -9999 -9999 -9999 -9999 -9999 -9999 -9999 -9999
