gis_data/PP1766_DIS_Layer9_Top_ASCII.txt
ncols         308
nrows         431
xllcorner     -321143.35392317
yllcorner     1277883.4776336
cellsize      1609.334
NODATA_value  -9999
[rows 175 to 209 of 431, columns 79 to 157 of 308]
0 0 0 0 -1017.06 -1033.59 -1030.31 -1030.31 -1043.44 -1036.88 -1046.72 -1046.72 -1014.16 -1046.72 -811.042 -1040.16 -1043.44 -1046.72 -1025.76 -951.57 -990.9 -977.818 -977.818 -973.566 -1007.35 -1017.19 -1033.59 -1043.44 -1050 -1050 -1050.39 -1053.28 -1053.28 -1053.28 -1053.28 -1053.28 -1053.28 -1040.45 -1042.55 -1050 -1050 -1050 -1043.44 -1040.16 -1040.16 -1033.59 -1033.59 -1023.75 -1029.33 -1007.35 -1016.44 -994.223 -994.223 -977.818 -973.093 -958.132 -958.132 -941.07 -941.07 -928.603 -895.793 -899.074 -895.793 -888.41 -865.65 -937.826 -763.958 -833.454 -804.954 -833.454 -746.622 -833.454 0 0 0 -341.304 0 0 0
0 0 0 0 0 -1007.35 -1046.72 -1043.44 -1044.57 -1046.72 -1043.44 -1043.44 -1039.6 -940.79 -748.971 -699.277 -1046.72 -1046.72 -982.902 -948.289 -919.082 -946.011 -919.005 -973.566 -977.491 -977.491 -990.942 -1027.03 -1036.88 -1050 -1043.25 -1053.28 -1053.28 -1053.28 -1056.56 -1056.56 -1043.42 -1040.45 -1053.28 -1053.28 -1053.28 -1050 -1050 -1046.72 -1040.16 -1030.31 -1030.36 -1027.03 -1030.31 -1013.91 -1012.22 -994.223 -987.661 -977.818 -977.818 -964.694 -955.271 -941.727 -935.165 -918.76 -908.917 -899.972 -899.972 -951.435 -868.998 -813.768 -822.949 -833.454 -833.454 -789.958 -829.649 -693.388 0 0 0 -328.584 -328.584 0 0
0 0 0 0 0 -1033.59 -1046.72 -1046.72 -1046.72 -1046.72 -1046.72 -1049.34 -1043.44 -1003.78 -1050 -1019.36 -1046.72 -1043.44 -1020.47 -967.683 -895.793 -899.819 -927.047 -964.694 -928.751 -966.169 -1000.78 -1017.39 -1033.59 -1033.59 -1043.44 -1050 -1053.28 -1050 -1056.56 -1053.28 -1051.68 -1050 -1053.28 -1053.28 -1050 -1050 -1050 -1050 -1043.44 -1040.16 -1030.31 -1027.03 -1023.75 -1013.91 -1000.78 -1000.78 -990.942 -984.535 -974.537 -964.694 -951.57 -941.727 -941.727 -937.843 -916.217 -958.132 -954.851 -908.917 -897.475 -882.669 -881.987 -861.772 -722.82 -715.493 -821.715 -639.163 -639.163 -566.404 -514.714 -296.556 -316.737 0 0
0 0 0 0 0 -964.596 -1046.72 -1046.72 -1046.72 -1046.72 -1043.44 -1043.44 -1046.72 -1050 -1046.72 -1046.72 -1046.72 -1049.14 -1013.67 -962.745 -877.008 -867.155 -914.944 -882.253 -916.733 -916.733 -987.203 -984.564 -992.51 -1030.31 -1050 -1050 -1050 -1056.56 -1050 -1050 -1056.56 -1056.56 -1056.56 -1056.56 -1056.56 -1053.28 -1050 -1046.72 -1040.16 -1036.88 -1027.03 -1027.03 -1020.47 -1013.91 -1004.07 -1000.78 -985.576 -981.099 -977.818 -971.256 -958.132 -951.57 -954.851 -937.843 -961.413 -958.132 -902.67 -917.906 -883.012 -882.669 -860.039 -861.772 -767.912 -767.912 -649.363 -577.613 -595.927 -566.404 -324.327 -296.556 -428.934 0 0
0 0 0 0 0 -773.033 -1046.72 -1043.44 -1043.44 -1050 -1050 -1046.72 -1046.72 -1050 -1050 -1050 -1046.72 -807.072 -1013.67 -898.62 -877.008 -822.926 -822.926 -871.776 -868.48 -863.89 -925.251 -962.181 -1003.53 -1003.53 -1053.28 -1053.28 -1053.28 -1050 -1053.28 -1056.56 -1056.56 -1059.84 -1056.56 -1056.56 -1056.56 -1050 -1050 -1050 -1040.16 -1033.59 -1027.03 -1023.75 -1013.91 -1013.91 -1004.07 -1004.07 -994.223 -987.661 -977.818 -967.975 -958.132 -983.381 -988.732 -981.099 -938.119 -930.202 -872.069 -845.952 -822.346 -822.346 -775.267 -757.991 -810.718 -777.92 -736.653 -716.475 -650.281 -619.254 -472.913 -398.747 0 0 0
0 0 0 0 0 0 -977.844 -1049.16 -1046.72 -1046.72 -1046.72 -1046.72 -1043.44 -1046.72 -1050 -1050 -1048 -1040.16 -1040.16 -895.051 -941.675 -792.497 -802.517 -819.254 -901.16 -900.504 -904.019 -898.84 -935.881 -1050 -1053.28 -1063.12 -1063.12 -1056.56 -1053.28 -1057.78 -1056.56 -1047.71 -1056.56 -1056.56 -1056.56 -1056.56 -1053.28 -1046.72 -1040.16 -1033.59 -1023.75 -1023.75 -1017.19 -1013.91 -1009.52 -997.504 -987.729 -984.38 -1004.07 -983.784 -994.223 -994.223 -948.289 -955.715 -892.975 -892.975 -866.264 -830.951 -808.692 -807.564 -729.201 -747.086 -779.262 -779.262 -717.764 -745.091 -685.746 -526.784 0 0 0 0 0
0 0 0 0 0 0 -1043.44 -1046.72 -1050 -1050 -1050 -1050 -1050 -1050 -1050 -1050 -1050 -1050 -1036.94 -964.76 -822.977 -818.841 -785.6 -888.15 -826.644 -938.067 -929.603 -974.04 -975.812 -1050 -1056.56 -1066.41 -1063.12 -1056.56 -1058.92 -1056.56 -1056.56 -1059.84 -1059.84 -1056.56 -1056.56 -1050 -1050 -1050 -1043.44 -1036.88 -1030.31 -1022.94 -1017.19 -1007.35 -1007.35 -1004.07 -994.223 -987.661 -1004.07 -974.537 -994.223 -958.132 -958.132 -951.57 -931.258 -908.917 -866.264 -824.942 -808.692 -786.618 -780.958 -661.767 -670.215 -704.168 -780.582 -721.111 -673.381 -515.356 0 0 0 0 0
0 0 0 0 0 0 0 -1046.72 -1046.72 -1050 -1050 -1050 -1050 -1046.72 -1046.72 -1047.68 -1050 -1050 -1050 -1032.25 -913.157 -807.928 -894.499 -890.852 -850.724 -988.815 -925.332 -1029.6 -938.63 -1053.14 -1063.12 -1066.41 -1066.41 -1056.59 -1059.84 -1059.84 -1059.84 -1053.47 -1059.84 -1056.56 -1056.56 -1056.56 -1053.28 -1047.88 -1043.44 -1036.88 -1026.63 -1027.03 -1020.47 -1017.19 -1010.63 -1004.07 -1000.78 -987.661 -987.661 -981.099 -974.537 -974.537 -958.132 -951.57 -930.081 -911.276 -918.76 -882.669 -833.766 -758.591 -722.403 -743.37 -670.215 -709.362 -792.244 -635.908 -673.381 -620.386 0 0 0 0 0
0 0 0 0 0 0 -1040.11 -1040.11 -1046.72 -1050 -1050 -1050 -1046.72 -1046.72 -1046.72 -1046.72 -1046.72 -1050 -1050 -1032.25 -858.981 -858.981 -890.427 -854.06 -861.437 -988.815 -1020.47 -1029.6 -1024.75 -1024.75 -1059.84 -1059.84 -1063.12 -1050 -1059.84 -1056.56 -1056.56 -1059.84 -1059.84 -1055.71 -1056.56 -1056.56 -1053.28 -1053.28 -1050 -1040.16 -1033.59 -1027.03 -1023.75 -1020.47 -1020.47 -1010.63 -1004.07 -994.223 -987.661 -981.099 -974.537 -971.256 -971.256 -958.132 -947.745 -921.159 -902.355 -867.358 -803.925 -797.912 -836.468 -839.935 -724.697 -812.51 -763.735 -781.861 -781.861 -720.831 0 0 0 0 0
0 0 0 0 0 0 -1037 -1049.46 -1050 -1050 -1050 -1046.72 -1046.72 -1046.72 -1046.72 -1046.72 -1047.15 -1046.72 -1046.72 -1046.72 -1048.4 -825.283 -1013.59 -845.657 -899.296 -899.296 -1050.16 -1050 -1053.28 -1050 -1050 -1063.12 -1050 -1055.2 -1059.38 -1050 -1059.84 -1059.84 -1059.84 -1059.84 -1051.68 -1056.56 -1053.28 -1053.28 -1050 -1040.16 -1033.59 -1033.59 -1030.31 -1023.75 -1017.19 -1010.63 -1000.78 -994.223 -994.223 -991.513 -984.38 -977.818 -967.975 -951.561 -942.658 -931.818 -902.396 -863.853 -856.421 -789.822 -821.624 -817.848 -817.848 -833.834 -859.702 -833.254 -761.196 0 0 0 0 0 0
-9999 0 0 0 0 -990.088 -1050 -1050 -1050 -1050 -1050 -1046.72 -1050 -1046.72 -1050 -1050 -1050 -1050 -1043.44 -1056.56 -1044.23 -1044.23 -1046.72 -1035.38 -1050 -1050 -1056.56 -1050 -1059.84 -1059.84 -1056.56 -1059.75 -1059.81 -1059.84 -1059.84 -1050 -1050 -1058.8 -1059.84 -1050 -1056.56 -1056.56 -1050 -1050 -1050 -1050 -1040.16 -1033.59 -1030.31 -1023.75 -1020.47 -1013.91 -1007.35 -1004.07 -1000.78 -991.513 -984.38 -977.818 -977.818 -967.975 -943.685 -931.818 -915.357 -863.853 -826.186 -826.186 -777.376 -887.386 -856.416 -833.834 -820.712 -833.254 -709.391 -845.275 0 0 0 0 0
-9999 0 0 0 0 0 -1050 -1050 -1050 -1050 -1050 -1043.44 -1050 -1050 -1050 -1050 -1050 -1050 -1050 -1050.18 -1050 -1050 -1050 -1050 -1059.84 -1059.84 -1056.56 -1056.56 -1053.28 -1050 -1056.56 -1056.35 -1056.56 -1055.7 -1050 -1053.28 -1056.42 -1055.02 -1063.12 -1063.12 -1059.84 -1059.84 -1056.56 -1053.28 -1050 -1050 -1040.16 -1040.16 -1033.59 -1027.03 -1020.47 -1013.91 -1007.35 -1000.78 -1000.78 -994.223 -990.942 -984.38 -974.537 -958.34 -954.851 -954.851 -931.852 -914.627 -859.702 -847.685 -884.815 -877.917 -905.202 -856.311 -858.135 -826.892 -866.264 -762.734 0 0 0 0 0
-9999 -9999 0 0 0 0 -1050 -1046.72 -1046.72 -1046.72 -1043.44 -1006.87 -1046.72 -1046.72 -1046.72 -1046.72 -1050 -1050 -1050 -1050 -1050 -1050 -1046.72 -1050 -1052.44 -1059.84 -1056.56 -1063.12 -1063.12 -1052.98 -1056.56 -1050 -1056.56 -1050 -1050 -1059.84 -1059.84 -1059.84 -1056.56 -1053.22 -1059.84 -1050 -1056.56 -1056.56 -1050 -1050 -1046.72 -1037.09 -1030.31 -1023.75 -1030.31 -1020.47 -1013.91 -1007.35 -1000.78 -994.704 -987.661 -987.661 -977.818 -971.256 -961.413 -954.851 -941.727 -929.012 -920.381 -920.381 -918.76 -908.917 -836.337 -873.12 -722.833 -869.545 -833.196 -670.895 -575.684 0 0 0 0
-9999 -9999 0 0 0 0 0 -1046.72 -1043.44 -1043.44 -1043.44 0 0 0 -1004.07 -1025.51 -1050 -1024.25 -1043.44 -1033.48 -1046.72 -1050 -1050 -1050 -1063.12 -1050 -1059.84 -1050 -1050 -1059.84 -1050 -1053.28 -1053.28 -1050 -1050 -1053.7 -1059.84 -1056.56 -1056.56 -1053.28 -1050 -1059.84 -1050 -1056.56 -1050 -1050 -1046.72 -1043.44 -1041.57 -1030.31 -1030.31 -1020.47 -1013.91 -1006.15 -1006.15 -997.504 -994.223 -984.38 -977.818 -967.975 -961.413 -958.132 -951.57 -941.727 -932.221 -925.322 -837.961 -822.942 -768.074 -779.25 -808.572 -679.756 -810.487 -728.462 -581.526 0 0 0 0
-9999 -9999 -9999 0 0 0 0 0 0 -1023.8 -1013.91 -995.137 0 0 0 0 -929.851 -967.198 -1002.41 -1017.19 -1047.95 -1016.24 -1042.2 -1029.56 -1050 -1045.15 -1050 -1050 -1050 -1050 -1056.02 -1053.28 -1053.28 -1050 -1050.04 -1050 -1050 -1053.28 -1053.28 -1059.84 -1046.72 -1059.84 -1056.56 -1056.56 -1056.56 -1053 -1050 -1043.44 -1036.88 -1030.31 -1030.31 -1023.75 -1020.47 -1010.63 -1000.78 -997.504 -990.942 -990.942 -984.38 -974.537 -971.256 -961.413 -951.57 -953.355 -932.221 -903.599 -891.271 -812.936 -768.074 -803.714 -808.572 -708.768 -708.768 -714.024 -689.09 -696.489 0 0 0
-9999 -9999 -9999 -9999 0 0 0 0 -1040.16 -1023.8 -1017.19 -874.209 -934.602 0 0 0 0 0 -882.669 -967.975 -955.411 -1016.24 -1011.53 -1029.56 -1015.17 -1015.17 -1023.75 -1047.26 -1046.72 -1050 -1050 -1053.28 -1053.28 -1053.28 -1056.56 -1053.28 -1050 -1056.56 -1055.57 -1061.42 -1059.84 -1053.28 -1056.56 -1056.56 -1053.28 -1052.95 -1052.95 -1050 -1043.44 -1036.88 -1030.31 -1023.75 -1017.19 -1010.63 -1010.63 -1004.07 -994.223 -987.661 -981.099 -974.537 -967.975 -964.694 -958.132 -951.57 -948.289 -907.883 -838.934 -877.534 -877.534 -810.487 -733.446 -756.229 -715.111 -643.667 -674.651 -810.487 0 0 0
-9999 -9999 -9999 -9999 0 0 0 0 0 -1033.59 -987.661 -964.694 -902.355 0 0 0 0 0 0 -898.381 -927.275 -927.275 -966.186 -971.351 -908.313 -975.071 -997.504 -1031.11 -1019.47 -1043.44 -1040.16 -1053.28 -1053.28 -1053.28 -1056.56 -1056.56 -1063.12 -1059.03 -1048.87 -1061.42 -1061.52 -1053.28 -1050 -1050 -1050 -1053.28 -1051.34 -1050 -1040.16 -1033.59 -1033.59 -1027.03 -1020.47 -1013.91 -1010.63 -1000.78 -997.326 -992.817 -984.38 -981.099 -974.537 -964.694 -948.289 -948.289 -916.372 -915.287 -902.751 -860.749 -856.405 -828.319 -813.019 -756.857 -756.857 -676.851 -782.329 -770.941 0 0 0
-9999 -9999 -9999 -9999 -9999 0 0 0 -1023.75 -1023.64 -1007.35 -958.132 -877.045 -862.983 0 0 0 0 0 0 0 0 0 0 0 0 0 -984.408 -1006.5 -1023.75 -1036.88 -1050 -1050 -1053.28 -1059.84 -1050 -1063.12 -1050 -1063.12 -1063.12 -1063.12 -1050 -1059.84 -1059.84 -1056.56 -1050 -1050.62 -1050 -1043.44 -1040.16 -1033.59 -1027.03 -1019.62 -1013.91 -1013.91 -1007.35 -1000.78 -992.817 -987.571 -981.099 -971.256 -971.256 -964.694 -961.413 -938.446 -915.287 -871.164 -860.749 -852.526 -792.891 -872.826 -794.104 -722.045 -787.61 -813.97 -807.141 0 0 0
-9999 -9999 -9999 -9999 -9999 0 0 0 0 -1007.35 -1007.35 -917.835 -877.045 -807.565 -807.565 0 0 0 0 0 0 0 0 0 0 0 -948.289 -971.256 -980.442 -999.2 -1017.19 -1036.88 -1046.72 -1053.28 -1059.84 -1059.84 -1063.12 -1059.84 -1050 -1056.56 -1050 -1063.12 -1059.84 -1059.84 -1054.01 -1056.56 -1050 -1050 -1043.44 -1040.16 -1040.16 -1030.31 -1027.03 -1020.47 -1014.28 -1007.35 -1000.78 -1000.78 -994.223 -983.924 -977.818 -971.256 -967.975 -949.102 -946.115 -925.322 -903.174 -856.813 -899.074 -792.891 -863.22 -794.104 -779.591 -791.581 -843.622 -807.141 0 0 0
-9999 -9999 -9999 -9999 -9999 -9999 0 -895.663 -1000.78 -984.38 -984.38 -964.694 0 0 -744.867 0 0 0 0 0 0 0 0 0 0 0 0 -954.851 -980.442 -997.504 -1017.19 -1033.59 -1033.59 -1046.72 -1056.56 -1058.59 -1059.84 -1050 -1046.72 -1046.72 -1057.18 -1059.84 -1056.56 -1053.28 -1053.28 -1050 -1050.53 -1046.72 -1040.16 -1043.44 -1036.88 -1030.31 -1020.47 -1020.47 -1020.47 -1013.91 -1004.07 -997.504 -987.661 -981.099 -974.537 -974.537 -967.975 -964.694 -954.851 -928.603 -879.003 -859.702 -925.187 -916.434 -872.088 -791.673 -822.924 -819.547 -811.338 -811.338 -783.363 -689.531 0
-9999 -9999 -9999 -9999 -9999 -9999 -9999 0 -951.57 -959.061 -954.851 -912.845 0 0 0 0 0 0 0 0 0 0 0 0 0 0 -928.603 -974.537 -974.537 -987.661 -1000.8 -1020.47 -1033.59 -1050 -1059.84 -1056.56 -1050 -1056.68 -1046.72 -1056.56 -1057.18 -1056.56 -1056.56 -1050 -1053.28 -1053.28 -1050.53 -1046.72 -1040.16 -1040.16 -1040.16 -1033.59 -1033.59 -1020.47 -1020.47 -1010.63 -1000.78 -1000.78 -990.942 -984.38 -976.267 -974.537 -964.845 -958.132 -954.851 -948.289 -943.86 -931.884 -923.366 -902.355 -869.036 -831.38 -864.702 -853.14 -797.375 -819.871 -809.06 -744.781 0
-9999 -9999 -9999 -9999 -9999 -9999 -9999 0 -899.074 0 0 -838.92 -835.878 0 0 0 0 0 0 0 0 0 0 0 0 0 0 -935.682 -964.694 -990.942 -1004.07 -1027.03 -1027.03 -1047.46 -1056.56 -1056.56 -1056.56 -1050 -1056.56 -1056.56 -1053.28 -1053.28 -1056.56 -1053.28 -1050 -1050 -1050 -1050 -1050 -1043.44 -1040.16 -1033.59 -1027.03 -1027.03 -1020.47 -1010.63 -1007.35 -997.504 -990.942 -984.38 -976.267 -974.537 -967.975 -964.694 -954.851 -945.008 -943.86 -931.884 -931.884 -918.76 -865.839 -895.793 -864.702 -825.124 -797.375 -810.424 -849.859 -798.637 0
-9999 -9999 -9999 -9999 -9999 -9999 -9999 -9999 0 0 0 -838.92 0 0 0 0 0 0 0 0 0 0 0 0 0 0 0 -938.446 -938.446 -972.116 -997.504 -1023.75 -1033.59 -1049.18 -1054.78 -1056.56 -1050 -1056.56 -1050 -1051.68 -1053.28 -1050 -1050 -1050 -1050 -1050 -1050 -1046.72 -1043.44 -1043.44 -1043.44 -1036.88 -1033.59 -1023.75 -1017.19 -1010.63 -1004.07 -1000.78 -994.223 -984.38 -979.292 -974.537 -967.618 -967.224 -967.224 -954.133 -945.008 -934.304 -931.884 -890.256 -854.915 -893.499 -894.507 -852.229 -879.388 -796.711 -831.999 -749.133 0
-9999 -9999 -9999 -9999 -9999 -9999 -9999 -9999 0 0 0 0 0 0 0 0 0 0 0 0 0 0 0 0 0 0 0 0 0 -972.116 -1007.35 -1023.75 -1033.59 -1043.44 -1056.56 -1056.56 -1053.28 -1056.56 -1053.28 -1053.28 -1050 -1053.28 -1050 -1050 -1049.59 -1047.94 -1047.94 -1039.67 -1041.99 -1040.16 -1040.16 -1033.59 -1027.03 -1027.03 -1022.05 -1013.91 -1007.35 -997.504 -990.942 -984.38 -977.818 -977.818 -971.256 -964.694 -958.132 -945.008 -941.727 -918.76 -918.76 -907.192 -918.76 -899.074 -845.451 -863.443 -855.568 -870.684 -797.524 -755.924 -757.022
-9999 -9999 -9999 -9999 -9999 -9999 -9999 -9999 -9999 0 0 0 0 0 0 0 0 0 0 0 0 0 0 0 0 0 0 0 0 0 0 -1016.84 -1036.88 -1046.72 -1053.35 -1053.35 -1053.28 -1056.56 -1050 -1050 -1051.48 -1053.22 -1039.02 -1042.5 -1021.16 -1043.04 -1024.36 -1039.67 -1030.02 -1040.16 -1013.88 -1030.09 -1024.31 -1027.03 -1020.47 -1013.91 -1007.35 -1007.35 -997.504 -994.223 -984.38 -977.818 -971.256 -964.694 -961.565 -954.851 -945.484 -928.603 -903.769 -890.243 -882.05 -880.23 -902.355 -864.39 -869.628 -837.717 -870.395 -727.515 -767.834
-9999 -9999 -9999 -9999 -9999 -9999 -9999 -9999 -9999 0 0 0 0 0 0 0 0 0 0 0 0 0 0 0 0 0 0 0 0 0 0 0 -1022 -1046.72 -1050 -1050 -1050 -1043.44 -1050 -1050 -1029 -1029.12 -990.473 -1007.82 -983.449 -1002.86 -963.244 -987.522 -970.404 -996.54 -975.165 -1007.69 -997.386 -997.386 -1006.54 -1015.52 -1007.35 -1004.07 -994.223 -990.942 -987.661 -981.099 -974.537 -964.694 -954.851 -954.851 -941.727 -928.603 -931.288 -904.219 -882.669 -880.23 -889.231 -864.39 -768.298 -768.298 -794.924 -843.379 -800.943
-9999 -9999 -9999 -9999 -9999 -9999 -9999 -9999 -9999 -9999 0 0 0 0 0 0 0 0 0 0 0 0 0 0 0 0 0 0 0 0 0 0 -1020.55 -1050 -1050 -1050 -1050 -1044.12 -1023.68 -1025.51 -971.528 -983.446 -952.968 -958.318 -957.919 -961.827 -960.799 -959.212 -957.346 -960.567 -946.4 -947.925 -937.217 -963.83 -973.607 -1006.7 -1007.2 -1007.2 -1000.78 -994.223 -987.661 -981.099 -967.975 -958.132 -958.132 -948.289 -938.446 -928.603 -915.479 -911.337 -895.793 -895.793 -856.025 -840.016 -840.016 -830.173 -780.958 -858.183 -821.252
-9999 -9999 -9999 -9999 -9999 -9999 -9999 -9999 -9999 -9999 -9999 0 0 0 0 0 0 0 0 0 0 0 0 0 0 0 0 0 0 0 0 0 0 -1031.86 -1043.99 -1050 -1050 -1019.47 -1023.68 -962.121 -965.557 -949.087 -952.968 -1027.25 -957.919 -1010.89 -1010.89 -1001.04 -993.889 -986.401 -946.4 -936.929 -928.613 -928.613 -921.723 -952.785 -985.903 -1002.95 -1000.78 -994.223 -990.942 -984.38 -974.537 -964.694 -951.57 -945.008 -931.884 -925.322 -918.76 -915.479 -899.938 -885.8 -843.995 -840.016 -816.018 -816.018 -826.262 -787.517 -787.479
-9999 -9999 -9999 -9999 -9999 -9999 -9999 -9999 -9999 -9999 -9999 0 0 0 0 0 0 0 0 0 0 0 0 0 0 0 0 0 0 0 0 0 0 -1049.11 -1049.93 -1035.12 -1037.06 -956.378 -957.066 -934.774 -940.063 -1033.18 -1033.18 -1028.77 -1025.16 -1014.05 -1003.51 -996.622 -992.607 -991.922 -985.037 -967.187 -959.57 -943.108 -921.723 -942.484 -985.903 -982.935 -1000.78 -990.942 -990.942 -984.1 -974.537 -959.594 -959.594 -951.57 -938.446 -928.603 -918.76 -914.112 -899.938 -899.074 -888.402 -869.545 -849.859 -825.704 -785.25 -759.689 -731.718
-9999 -9999 -9999 -9999 -9999 -9999 -9999 -9999 -9999 -9999 -9999 -9999 0 0 0 0 0 0 0 0 0 0 0 0 0 0 0 0 0 0 0 0 0 -964.105 -1008.52 -991.097 -982.215 -924.896 -924.896 -1022.65 -1028.43 -1029.75 -1031.55 -1029.26 -1023.37 -1008.39 -1008.39 -1003.88 -997.982 -993.995 -980.241 -964.446 -953.368 -951.221 -941.658 -912.22 -933.937 -979.953 -996.104 -987.661 -987.661 -977.818 -974.537 -964.694 -954.851 -938.629 -928.603 -918.76 -918.76 -905.636 -902.355 -892.512 -888.402 -849.859 -849.859 -829.188 -797.363 -769.581 -731.718
-9999 -9999 -9999 -9999 -9999 -9999 -9999 -9999 -9999 -9999 -9999 -9999 0 0 0 0 0 0 0 0 0 0 0 0 0 0 0 0 0 0 0 0 0 -964.105 -994.404 -994.404 -927.408 -925.168 -1008.02 -1021.61 -1027.09 -1032.59 -1032.59 -1031.97 -1030.4 -1021.14 -1009.21 -1007.1 -999.503 -1004.38 -996.833 -978.244 -959.878 -946.932 -934.657 -901.384 -934.344 -919.253 -971.522 -984.567 -984.38 -974.537 -967.975 -954.851 -954.851 -941.727 -936.096 -925.322 -915.479 -905.636 -895.793 -891.69 -882.669 -866.25 -856.817 -823.284 -861.573 -785.221 -785.221
-9999 -9999 -9999 -9999 -9999 -9999 -9999 -9999 -9999 -9999 -9999 -9999 -9999 0 0 0 0 0 0 0 0 0 0 0 0 0 0 0 0 0 0 0 0 0 0 -958.132 -861.71 -974.794 -973.812 -1009.81 -1026.17 -1028.05 -1034.59 -1031.97 -1027.84 -1021.14 -1023.37 -1020.34 -1021.46 -1004.38 -1002.34 -978.244 -958.53 -958.53 -943.263 -911.59 -895.565 -919.253 -953.188 -978.827 -978.827 -970.203 -971.256 -961.413 -950.242 -938.446 -931.884 -928.603 -922.041 -908.917 -899.073 -882.669 -882.669 -872.826 -849.859 -866.595 -891.913 -820.33 -915.479
-9999 -9999 -9999 -9999 -9999 -9999 -9999 -9999 -9999 -9999 -9999 -9999 -9999 -9999 0 0 0 0 0 0 0 0 0 0 0 0 0 0 0 0 0 0 0 0 -810.238 -810.238 -847.504 -924.031 -963.001 -1007.19 -1024.44 -1030.52 -1021.51 -1029.2 -1020.05 -1027.25 -1027.19 -1026.93 -1034.53 -1034.53 -1035.17 -1002.16 -968.104 -955.874 -933.957 -900.636 -914.824 -884.463 -891.5 -933.466 -950.451 -970.203 -964.694 -961.413 -958.132 -948.289 -935.165 -928.603 -915.479 -908.917 -895.793 -895.793 -938.446 -938.675 -892.512 -866.595 -830.173 -820.33 -843.297
-9999 -9999 -9999 -9999 -9999 -9999 -9999 -9999 -9999 -9999 -9999 -9999 -9999 -9999 0 0 0 0 0 0 0 0 0 0 0 0 0 0 0 0 0 0 0 0 0 -799.989 -819.323 -899.186 -868.643 -940.716 -986.435 -1012.8 -1017.38 -1017.83 -1007.23 -1018.18 -1010.72 -1029.33 -1066.42 -1054.7 -1030.24 -999.869 -957.301 -957.301 -935.159 -927.997 -914.118 -876.788 -859.722 -899.524 -857.275 -908.063 -926.501 -961.091 -957.157 -948.289 -974.537 -974.537 -961.413 -922.041 -954.851 -948.289 -908.917 -899.074 -877.869 -877.869 -856.735 -849.859 -805.373
-9999 -9999 -9999 -9999 -9999 -9999 -9999 -9999 -9999 -9999 -9999 -9999 -9999 -9999 -9999 0 0 0 0 0 0 0 0 0 0 0 0 0 0 0 0 0 0 0 0 0 -664.591 -776.455 -868.643 -933.97 -986.435 -1013.41 -1013.41 -1017.28 -1005.54 -991.361 -1000.78 -1040.68 -1055.01 -1055.01 -1032.1 -1016.68 -959.396 -948.248 -934.341 -921.786 -918.452 -910.355 -894.679 -850.313 -846.765 -872.687 -886.339 -947.079 -923.749 -946.647 -945.008 -967.975 -961.902 -932.917 -922.041 -922.041 -886.75 -879.388 -862.983 -853.14 -830.795 -803.775 -832.155
