gis_data/PP1766_DIS_Layer6_Top_ASCII.txt
ncols         308
nrows         431
xllcorner     -321143.35392317
yllcorner     1277883.4776336
cellsize      1609.334
NODATA_value  -9999
[rows 280 to 314 of 431, columns 158 to 236 of 308]
0 0 393.96 203.173 69.444 -62.7633 -187.189 -205.229 -312.644 -418.774 -457.868 -430.035 -402.229 -399.9 -394.327 -379.32 -386.992 -363.983 -353.203 -339.747 -336.547 -336.547 -333.956 -329.122 -330.673 -330.355 -328.191 -308.229 -316.45 -291.402 -272.58 -231.358 -221.884 -191.922 -162.906 -137.53 -141.447 -124.388 -117.43 -98.5258 -91.5776 -63.9384 -56.503 -56.503 -55.925 -52.644 -46.082 -39.52 -36.239 -29.677 -32.958 -28.8708 -6.70999 -13.272 -9.991 -0.14801 6.414 6.414 12.976 19.538 29.381 39.224 49.067 52.348 65.472 65.472 72.034 85.158 62.191 78.596 89.7731 108.125 95.356 0 357.389 216.398 0 0 0
0 0 361.28 298.774 180.785 11.1615 -113.578 -251.87 -349.426 -438.425 -438.425 -464.671 -448.492 -418.292 -394.327 -396.952 -386.992 -406.185 -384.16 -361.672 -350.031 -346.404 -333.956 -335.152 -330.673 -345.004 -339.503 -330.302 -316.45 -307.901 -292.505 -255.679 -271.512 -227.591 -189.481 -163.727 -141.204 -126.368 -122.183 -122.183 -137.711 -110.027 -86.2121 -63.8334 -59.206 -52.644 -52.644 -49.363 -46.082 -35.9923 -32.958 -26.396 -23.115 -16.553 -16.553 -9.991 -3.42899 3.133 12.976 19.538 29.381 29.381 39.224 49.067 58.91 65.94 68.753 49.067 45.2364 58.91 68.753 85.158 98.3362 178.009 140.812 140.812 154.059 193.431 0
0 0 0 233.114 135.348 -43.2324 -166.201 -181.762 -285.656 -408.58 -457.099 -470.585 -457.394 -449.838 -449.838 -455.795 -421.414 -405.285 -380.716 -369.82 -360.056 -372.47 -354.726 -358.263 -350.534 -364.367 -347.652 -346.537 -346.537 -350.216 -328.648 -309.926 -271.512 -222.376 -189.481 -168.653 -168.653 -149.759 -131.234 -136.596 -137.711 -133.757 -86.2121 -107.781 -66.4507 -59.206 -52.644 -52.644 -46.082 -39.52 -39.52 -32.958 -29.677 -23.115 -7.89236 -6.70999 3.133 3.133 9.69501 16.257 26.1 32.662 42.505 49.6278 52.348 52.348 62.191 39.224 42.505 55.629 62.191 75.315 62.191 0 117.968 131.7 0 201.707 0
0 0 548.247 502.456 235.983 50.6297 -86.9639 -226.068 -314.491 -424.867 -424.867 -475.525 -496.715 -507.777 -486.142 -465.422 -429.991 -437.452 -409.686 -396.35 -381.362 -402.409 -374.346 -381.787 -378.138 -399.3 -380.739 -389.555 -370.789 -366.162 -342.833 -308.049 -308.049 -266.707 -228.072 -232.01 -188.874 -178.279 -145.959 -193.915 -168.302 -186.812 -167.819 -134.456 -73.9481 -63.9618 -63.9618 -55.925 -52.644 -46.082 -39.52 -32.958 -29.677 -20.2781 -20.2781 -13.272 -6.70999 -0.14801 9.69501 22.6998 26.1 32.662 35.943 39.224 45.786 49.798 62.191 31.8786 31.8786 39.224 55.629 58.91 91.72 115.862 114.687 114.687 117.968 150.778 159.303
0 0 0 502.456 200.105 50.6297 -3.5896 -129.281 -272.178 -368.46 -440.037 -475.525 -515.531 -507.777 -518.213 -504.917 -477.246 -458.829 -419.737 -416.094 -408.165 -394.291 -388.865 -397.059 -402.979 -419.627 -402.156 -409.531 -409.531 -393.522 -368.485 -337.251 -304.129 -279.303 -254.04 -310.396 -264.27 -271.597 -234.871 -241.174 -206.377 -211.679 -194.9 -216.71 -160.425 -99.1689 -65.4378 -58.0513 -52.644 -46.082 -46.082 -39.52 -32.958 -26.1275 -19.834 -9.991 -3.42899 -0.14801 3.133 12.976 19.538 26.1 38.3203 39.224 39.224 45.786 52.348 19.538 32.662 26.1 42.5773 78.596 78.596 85.158 99.5049 104.844 117.968 409.747 159.303
0 0 0 0 406.333 139.819 -45.2394 -155.776 -284.517 -389.849 -405.778 -456.764 -507.684 -513.226 -511.646 -498.462 -498.832 -498.832 -476.846 -437.711 -410.114 -394.291 -391.369 -397.059 -431.143 -431.143 -437.197 -429.865 -424.846 -393.522 -367.893 -337.251 -342.581 -310.616 -332.838 -310.396 -303.306 -271.597 -286.154 -312.954 -273.143 -257.77 -225.17 -221.551 -177.578 -105.459 -105.459 -68.3595 -59.206 -49.363 -42.801 -36.239 -29.677 -23.115 -23.115 -13.272 -6.7278 -0.14801 4.5365 12.976 22.819 19.538 29.381 35.943 42.505 45.786 52.348 54.7766 54.7766 19.538 21.9353 68.2853 77.8427 81.877 91.72 78.596 95.001 114.687 129.865
0 0 0 0 341.275 108.53 143.569 -45.6496 -172.571 -298.921 -403.866 -476.006 -495.098 -503.653 -504.026 -501.6 -494.744 -504.237 -481.352 -445.647 -398.356 -398.356 -387.428 -402.012 -448.477 -445.824 -437.013 -431.966 -427.24 -426.97 -408.716 -370.109 -354.287 -340.409 -377.323 -377.323 -363.53 -342.248 -342.654 -312.954 -290.907 -257.77 -237.393 -237.393 -225.214 -191.507 -117.546 -68.3595 -52.9706 -49.363 -49.363 -39.52 -33.5667 -29.677 -19.834 -13.272 -6.70999 -6.70999 -0.14801 6.414 13.8475 22.819 29.381 32.662 32.662 39.224 49.067 49.067 52.348 58.91 6.19676 63.0813 63.0813 72.034 75.315 82.9962 95.001 114.687 124.53
0 0 0 0 0 256.035 281.297 14.9245 -174.571 -299.346 -331.064 -435.051 -490.207 -489.875 -486.429 -478.908 -486.185 -486.185 -474.388 -464.754 -411.729 -392.541 -389.15 -420.197 -444.759 -461.551 -441.685 -431.245 -421.171 -422.384 -400.64 -375.364 -382.2 -370.38 -387.36 -383.401 -374.299 -359.97 -351.924 -351.924 -334.198 -303.986 -277.348 -246.472 -219.532 -186.707 -187.923 -129.455 -70.6749 -52.644 -46.082 -39.52 -31.1806 -31.1806 -26.396 -16.553 -16.553 -5.91667 -0.14801 6.414 12.976 12.976 22.819 29.381 32.662 39.224 42.505 49.067 45.786 52.348 52.348 58.91 58.91 72.034 68.753 68.753 81.877 95.3545 108.125
0 0 0 0 0 579.393 579.393 327.012 55.5474 -172.276 -331.064 -450.95 -490.207 -500.417 -491.326 -474.347 -464.871 -458.911 -474.388 -453.081 -411.729 -412.708 -397.539 -410.989 -444.759 -462.272 -445.068 -427.078 -437.461 -420.326 -418.216 -402.313 -390.781 -381.593 -387.543 -387.543 -384.153 -379.199 -381.664 -360.063 -336.485 -307.679 -275.125 -275.125 -233.896 -207.823 -181.313 -137.301 -77.0949 -49.7261 -51.4103 -46.082 -39.52 -32.958 -26.396 -19.834 -16.553 -16.553 -6.70999 -0.14801 3.133 12.976 22.819 29.381 22.819 29.381 39.224 39.224 39.224 48.1212 26.7463 53.0116 49.067 54.4959 55.629 68.753 78.596 91.72 108.125
0 0 0 0 0 838.383 679.507 240.437 14.823 -184.327 -184.327 -350.109 -453.167 -483.262 -487.391 -477.279 -453.769 -445.655 -439.125 -439.19 -427.665 -420.108 -412.492 -421.092 -421.092 -454.717 -459.678 -458.772 -437.461 -443.946 -418.216 -408.164 -408.164 -401.369 -389.241 -389.84 -384.153 -391.755 -381.664 -385.447 -366.113 -337.451 -306.548 -265.901 -233.896 -201.702 -197.285 -176.41 -147.753 -84.0896 -49.363 -44.019 -39.52 -39.52 -29.677 -26.396 -19.834 -13.272 -6.70999 -0.14801 6.414 6.414 12.976 19.538 22.819 27.1659 32.662 35.943 32.662 39.224 39.224 45.786 42.505 45.786 55.629 55.629 65.472 0 101.563
0 0 0 0 0 0 0 861.749 461.616 -2.54656 -204.549 -352.773 -464.705 -432.157 -446.074 -429.935 -468.601 -429.16 -420.564 -421.135 -417.588 -414.993 -410.075 -408.374 -425.327 -446.525 -458.013 -480.492 -480.492 -488.882 -465.961 -442.103 -411.82 -407.375 -397.136 -405.908 -403.221 -410.273 -399.79 -383.653 -361.758 -329.699 -329.699 -271.717 -243.161 -211.404 -197.285 -179.99 -147.753 -82.7786 -82.7786 -52.1618 -46.082 -39.52 -29.677 -26.396 -19.834 -27.6538 -13.272 -13.2232 3.133 6.29646 12.976 16.257 16.257 10.1478 29.381 24.5452 26.1 26.1 -2.21648 -2.21648 32.662 38.7459 42.505 52.348 0 0 98.282
0 0 0 0 0 0 0 861.749 651.939 -2.54656 488.956 -178.208 -299.262 -356.351 -386.057 -411.371 -445.3 -476.028 -449.898 -467.4 -430.338 -404.362 -398.535 -398.785 -398.785 -420.947 -443.233 -464.44 -485.31 -486.883 -470.795 -459.643 -455.734 -444.444 -417.648 -417.49 -417.52 -417.44 -403.278 -404.227 -380.403 -352.178 -318.292 -254.324 -225.844 -211.016 -211.016 -204.319 -183.102 -164.44 -94.7575 -48.7198 -42.801 -44.9202 -36.239 -29.677 -26.396 -17.6586 -16.553 -12.4856 -12.4856 -3.42899 3.133 6.414 12.976 22.819 20.4372 21.2755 21.2755 21.9152 27.4906 29.381 32.662 35.943 42.505 39.224 45.786 0 81.877
0 0 0 0 0 0 0 0 0 807.638 683.529 -116.404 -246.78 -246.78 -285.306 -351.594 -434.097 -476.028 -504.957 -467.4 -419.446 -419.446 -380.7 -386.14 -402.652 -420.947 -446.814 -464.44 -452.001 -471.427 -470.865 -459.643 -457.22 -453.069 -425.821 -416.562 -415.101 -414.318 -416.38 -384.005 -373.837 -343.952 -343.952 -269.17 -237.548 -231.934 -221.293 -213.63 -194.082 -169.692 -169.692 -101.128 -56.6253 -39.4558 -36.239 -34.7246 -40.2441 -22.2464 -18.0875 -14.1151 -9.991 -9.68499 0.926879 3.133 3.133 7.2604 12.976 12.976 19.538 -4.4414 26.1 19.538 26.1 22.819 32.662 39.224 49.067 65.472 75.315
0 0 0 0 0 0 0 0 0 0 0 808.258 467.15 10.8154 -272.431 -382.378 -453.451 -453.451 -478.402 -488.127 -440.627 -390.03 -389.174 -393.685 -429.07 -414.503 -419.821 -443.21 -443.767 -459.816 -464.956 -464.956 -463.886 -458.57 -434.417 -416.562 -401.719 -414.318 -398.136 -398.136 -380.677 -372.281 -330.782 -269.17 -240.138 -231.934 -259.857 -238.169 -223.816 -199.537 -168.327 -101.128 -57.1553 -57.1553 -33.624 -22.7657 -21.6255 -3.57563 -8.95139 2.36001 2.36001 5.49641 -6.56742 3.56258 3.133 6.414 6.414 9.69501 9.69501 3.133 16.257 16.257 19.538 19.538 26.1 26.6375 39.224 45.786 55.5341
0 0 0 0 0 0 0 0 0 0 0 0 699.253 699.253 172.589 -233.579 -304.917 -417.943 -422.022 -473.211 -463.525 -439.043 -413.517 -432.523 -453.446 -431.044 -425.505 -436.126 -437.727 -447.361 -463.535 -468.161 -454.93 -447.072 -412.32 -412.32 -396.053 -395.995 -405.052 -393.286 -387.967 -375.603 -375.891 -331.705 -294.403 -268.581 -289.208 -255.513 -224.215 -224.215 -175.22 -141.806 -80.6284 -51.127 -28.2039 -22.7657 -3.64907 -3.64907 14.7315 16.2033 21.3309 5.49641 -0.952232 3.56258 -14.2107 -6.02604 -0.14801 3.133 6.414 3.133 12.976 12.976 12.976 16.257 16.257 26.1 35.943 39.224 39.224
0 0 0 0 0 0 0 0 0 0 0 0 0 775.882 172.589 -165.226 -304.917 -285.813 -372.666 -404.826 -427.569 -426.833 -369.464 -420.495 -402.35 -449.367 -447.228 -426.356 -438.855 -453.246 -449.143 -449.143 -441.919 -427.346 -402.083 -401.905 -399.168 -401.116 -411.449 -411.449 -406.14 -401.279 -372.159 -349.739 -320.141 -307.31 -315.17 -297.255 -255.369 -216.107 -152.726 -114.962 -71.4229 -71.4229 -56.879 -25.4032 -8.02675 7.85374 24.0739 27.4967 18.5741 30.2098 26.6838 2.21679 1.43666 -6.70999 -6.70999 -0.14801 -16.553 -3.42899 3.133 9.69501 9.69501 9.69501 16.257 16.257 19.538 29.381 32.662
0 0 0 0 0 0 0 0 0 0 0 0 0 0 829.172 584.583 -136.766 -295.768 -339.792 -397.917 -397.917 -376.474 -348.532 -326.61 -402.35 -438.898 -447.228 -420.384 -420.384 -436.768 -444.697 -427.537 -441.919 -403.05 -402.083 -396.519 -396.398 -414.218 -421.288 -421.904 -406.14 -391.525 -393.968 -366.695 -342.091 -324.594 -315.388 -291.96 -248.206 -248.206 -174.836 -130.273 -98.5591 -75.2732 -53.2687 -35.088 -15.0367 -15.0367 -1.19263 12.4421 11.7449 30.815 30.3904 14.4309 26.5883 3.54762 -8.01059 -19.6697 -3.42899 -0.14801 -0.14801 -0.14801 -0.14801 3.133 3.133 12.976 12.976 22.819 19.538
0 0 0 0 0 0 0 0 0 0 0 0 0 0 867.061 550.957 -70.6961 -68.7617 -249.379 -312.381 -372.139 -304.95 -283.878 -295.391 -295.391 -348.177 -397.276 -418.633 -427.467 -428.269 -427.857 -406.976 -419.367 -420.384 -419.543 -399.661 -398.849 -446.862 -446.862 -437.258 -414.726 -415.144 -393.968 -362.11 -342.091 -324.953 -324.953 -308.308 -282.022 -238.967 -174.836 -123.82 -98.5591 -104.466 -76.6904 -57.0109 -34.8502 -21.6108 -1.19263 -4.48347 -4.48347 3.98053 14.1597 31.0685 30.3885 1.84975 2.95794 2.95794 -5.54984 -9.991 -9.991 -6.70999 -6.70999 -0.14801 -0.14801 -0.14801 -0.14801 9.69501 16.257
0 0 0 0 0 0 0 0 0 0 0 0 0 0 0 0 479.3 -96.7443 -243.206 -285.563 -285.563 -234.563 -253.809 -270.664 -291.257 -349.237 -396.319 -437.018 -437.018 -422.911 -422.072 -388.36 -389.901 -392.809 -404.466 -402.531 -401.355 -410.72 -442.034 -406.798 -411.004 -417.211 -417.211 -395.336 -342.047 -317.884 -312.277 -305.08 -282.165 -277.436 -241.87 -198.15 -143.045 -108.473 -81.3671 -65.092 -45.5106 -64.7066 -44.5115 -37.1992 -12.7705 -1.36962 14.1597 27.1648 27.1648 35.2532 19.3883 16.9998 -5.54984 -7.42846 -9.991 -15.9889 -6.70999 -9.991 -3.42899 -3.42899 -0.14801 9.69501 9.69501
0 0 0 0 0 0 0 0 0 0 0 0 0 0 0 0 378.635 378.635 -24.5059 -243.311 -226.976 -234.563 -243.891 -270.664 -272.958 -291.033 -349.156 -410.307 -429.741 -472.088 -441.773 -414.355 -376.308 -368.372 -376.905 -422.917 -415.486 -405.331 -405.331 -401.81 -404.323 -399.141 -405.726 -369.657 -321.104 -308.67 -308.67 -300.034 -296.653 -272.894 -250.751 -213.559 -156.92 -171.645 -120.66 -110.159 -82.0471 -85.1496 -60.8949 -46.2387 -46.2387 -31.6556 -12.82 2.51131 21.9016 34.1185 36.1966 44.1355 32.7764 39.8571 5.34232 -2.59015 -11.3116 -13.272 -9.991 -12.7183 -6.70999 -0.14801 9.69501
0 0 0 0 0 0 0 0 0 0 0 0 0 0 0 0 814.226 364.516 -25.392 -206.912 -160.145 -185.563 -204.423 -235.416 -275.609 -297.357 -347.901 -347.901 -377.457 -423.973 -450.24 -414.355 -371.283 -368.372 -392.504 -392.504 -417.819 -411.879 -407.068 -401.81 -398.283 -399.141 -384.318 -380.353 -345.077 -311.637 -302.628 -300.034 -286.188 -273.368 -262.619 -247.297 -219.621 -183.118 -141.487 -127.915 -127.915 -116.584 -94.3218 -84.0401 -56.1891 -42.8959 -19.7331 -5.03717 -5.03717 13.1958 33.1221 45.0893 49.9513 60.2332 30.5402 56.7802 29.3529 23.0506 -4.21732 -10.8101 -6.70999 3.133 3.133
0 0 0 0 0 0 0 0 0 0 0 0 0 0 0 0 0 720.283 295.096 -15.7007 -172.643 -230.739 -206.91 -252.346 -317.499 -282.126 -265.613 -337.137 -384.087 -420.192 -413.469 -413.469 -375.259 -368.572 -392.008 -409.029 -419.888 -417.064 -431.019 -416.79 -397.992 -391.245 -376.38 -367.106 -333.436 -308.704 -304.621 -297.754 -283.535 -273.368 -256.015 -247.297 -221.81 -221.81 -197.969 -157.705 -147.618 -116.584 -111.939 -84.0401 -97.2753 -66.8161 -52.5435 -25.3902 -9.52208 13.1958 23.285 23.285 30.7368 40.766 65.0111 72.8546 58.993 69.4772 24.4292 63.5937 22.4647 15.8072 7.19438
0 0 0 0 0 0 0 0 0 0 0 0 0 0 0 0 0 614.915 310.868 -3.85995 54.7979 -75.5731 -174.913 -265.23 -414.28 -302.872 -298.568 -298.568 -395.113 -425.292 -473.123 -432.209 -419.774 -396.438 -420.909 -420.909 -423.7 -427.27 -438.341 -418.569 -395.483 -385.717 -382.561 -367.381 -346.648 -327.343 -297.919 -288.95 -272.378 -272.378 -263.869 -258.653 -256.082 -230.483 -211.416 -178.004 -198.385 -166.086 -157.393 -126.254 -106.216 -77.6161 -62.6118 -36.2213 -39.5565 -13.296 -5.62268 15.2039 24.2628 40.766 51.752 51.752 76.0682 78.6582 93.2641 63.5937 58.0627 15.8072 43.3344
0 0 0 0 0 0 0 0 0 0 0 0 0 0 0 0 0 0 370.719 312.835 54.7979 -19.478 -174.913 -384.446 -384.446 -431.023 -338.791 -352.791 -395.113 -463.413 -473.123 -491.848 -481.591 -469.072 -423.802 -416.765 -446.581 -444.081 -470.059 -434.846 -413.268 -395.066 -377.226 -359.85 -337.833 -337.833 -304.658 -294.212 -278.161 -271.099 -270.171 -263.711 -271.112 -271.112 -265.677 -233.284 -223.527 -191.525 -172.798 -140.449 -148.502 -114.44 -91.369 -66.2131 -47.1377 -25.7088 -14.6958 -14.6958 -2.37538 14.2376 29.1069 48.2177 65.8629 76.0934 77.394 96.9467 107.148 86.5066 70.6413
0 0 0 0 0 0 0 0 0 0 0 0 0 0 0 0 0 0 558.148 505.396 505.396 109.646 -71.7483 -277.905 -430.4 -427.179 -366.131 -392.383 -377.921 -400.226 -454.533 -505.674 -526.973 -499.27 -499.27 -489.504 -466.168 -489.945 -470.059 -439.949 -413.268 -403.306 -403.306 -378.997 -356.066 -338.08 -304.658 -286.83 -278.161 -276.673 -266.682 -285.206 -288.204 -295.503 -265.677 -259.145 -274.878 -242.584 -216.13 -179.706 -153.472 -118.472 -97.3077 -97.3077 -74.9486 -55.803 -47.7811 -25.06 -11.7828 7.76163 31.0637 31.0637 48.0328 65.0425 76.3256 87.1371 97.3803 107.781 114.745
0 0 0 0 0 0 0 0 0 0 0 0 0 0 0 0 0 0 0 0 426.923 154.812 -58.2945 -216.723 -216.723 -352.326 -389.701 -437.494 -395.525 -382.294 -425.373 -387.874 -484.335 -533.013 -536.107 -538.032 -514.891 -515.072 -515.072 -494.925 -450.29 -446.482 -416.115 -392.814 -361.783 -371.336 -350.532 -326.085 -286.263 -277.592 -281.693 -301.739 -308.868 -312.812 -299.973 -285.061 -274.878 -246.803 -216.13 -184.157 -184.157 -156.476 -124.19 -97.2721 -74.9486 -67.685 -47.7811 -59.8946 -38.9258 -19.647 5.84727 28.2669 48.0328 66.6789 66.6789 76.0044 88.0194 100.597 122.104
0 0 0 0 0 0 0 0 0 0 0 0 0 0 0 0 0 0 0 0 0 445.625 440.082 61.1189 -110.96 -330.945 -447.674 -481.365 -467.022 -384.789 -329.38 -375.034 -470.458 -516.671 -516.671 -524.655 -547.637 -546.288 -534.057 -514.898 -476.431 -456.938 -456.938 -445.949 -404.806 -383.112 -362.869 -366.86 -291.069 -311.633 -279.915 -286.997 -313.272 -307.54 -302.065 -287.16 -287.16 -267.14 -244.89 -221.979 -189.243 -151.277 -125 -129.112 -107.476 -96.9019 -78.8348 -70.2229 -47.1607 -21.0366 0.748429 1.64254 24.4773 41.4678 61.442 71.508 86.659 98.1762 98.1762
0 0 0 0 0 0 0 0 0 0 0 0 0 0 0 0 0 0 0 0 0 0 381.592 381.592 214.705 -89.5155 -373.641 -481.365 -481.099 -384.789 -319.138 -319.138 -402.676 -477.243 -510.001 -524.655 -542.623 -546.288 -546.854 -543.82 -521.5 -492.113 -481.263 -467.774 -421.346 -430.524 -400.781 -439.319 -423.071 -318.91 -279.989 -287.02 -287.02 -296.71 -295.349 -289.782 -281.417 -267.468 -247.19 -229.31 -229.31 -184.872 -158.078 -133.484 -116.539 -103.497 -87.9166 -95.6798 -74.1138 -38.8778 -16.9044 3.14661 24.5116 39.0743 39.0743 56.072 70.6943 83.6238 97.6693
0 0 0 0 0 0 0 0 0 0 0 0 0 0 0 0 0 0 0 0 0 0 0 582.991 139.126 -171.431 -404.556 -404.556 -457.415 -467.214 -415.909 -364.19 -432.389 -487.195 -467.254 -502.098 -531.942 -537.463 -538.254 -544.823 -525.843 -514.074 -528.505 -506.669 -465.251 -430.524 -408.838 -439.319 -401.483 -401.483 -339.352 -296.117 -296.598 -296.71 -295.183 -289.782 -296.351 -285.143 -267.84 -246.283 -219.381 -184.872 -155.025 -155.025 -143.687 -131.811 -110.969 -101.853 -72.97 -41.6708 -16.8874 -19.4972 3.48483 20.8145 37.8478 55.897 71.1283 87.6279 87.6279
0 0 0 0 0 0 0 0 0 0 0 0 0 0 0 0 0 0 0 0 0 0 0 0 0 298.559 -276.114 -400.396 -421.934 -435.079 -399.234 -399.234 -405.488 -433.478 -458.649 -495.535 -513.049 -517.972 -505.964 -532.168 -535.057 -525.506 -499.126 -490.63 -447.151 -447.151 -440.147 -417.506 -416.164 -385.697 -364.684 -321.871 -329.147 -301.931 -302.913 -300.899 -305.077 -284.824 -255.224 -242.684 -239.336 -212.059 -184.73 -164.287 -147.616 -131.811 -116.321 -116.321 -92.7368 -70.669 -43.5897 -19.4972 -0.459328 20.8145 17.517 36.7776 55.4642 71.0243 84.8193
0 0 0 0 0 0 0 0 0 0 0 0 0 0 0 0 0 0 0 0 0 0 0 0 0 0 -276.114 -256.313 -349.34 -424.767 -414.339 -402.714 -403.023 -430.238 -427.733 -460.24 -492.578 -498.788 -511.35 -532.836 -520.358 -520.358 -503.422 -480.657 -465.136 -456.592 -451.702 -421.282 -407.466 -407.466 -389.267 -373.038 -325.813 -306.712 -316.645 -324.978 -347.85 -319.027 -276.952 -255.999 -239.765 -212.009 -193.308 -193.308 -167.705 -150.33 -134.802 -115.18 -91.9708 -71.6528 -70.4325 -46.3421 -24.7678 -3.19396 18.8298 38.9665 56.1015 72.0663 71.7255
0 0 0 0 0 0 0 0 0 0 0 0 0 0 0 0 0 0 0 0 0 0 0 0 0 0 0 -278.762 -359.827 -401.709 -414.339 -402.998 -400.763 -377.158 -427.733 -461.61 -492.578 -497.762 -497.762 -522.584 -523.405 -500.552 -503.422 -479.328 -465.136 -475.435 -470.847 -448.137 -414.489 -407.354 -389.267 -366.741 -363.876 -323.987 -326.28 -321.608 -334.743 -311.715 -278.052 -259.844 -267.79 -241.229 -220.834 -197.637 -170.5 -154.605 -140.385 -140.385 -118.261 -91.1953 -67.7172 -47.796 -20.7118 -0.226304 1.46308 21.6612 41.2502 56.035 73.6004
0 0 0 0 0 0 0 0 0 0 0 0 0 0 0 0 0 0 0 0 0 0 0 0 0 0 244.412 -22.0942 -331.44 -378.837 -391.182 -395.547 -376.614 -376.206 -376.206 -417.859 -455.41 -488.901 -507.142 -510.433 -501.768 -482.904 -486.644 -476.422 -475.03 -475.785 -463.961 -438.864 -418.356 -419.742 -408.482 -396.137 -363.876 -337.424 -326.28 -321.076 -321.076 -326.464 -305.283 -286.942 -267.79 -244.285 -220.834 -226.935 -202.926 -174.292 -157.372 -141.266 -118.261 -89.6112 -89.6112 -65.1695 -41.1377 -20.6713 3.25424 21.8716 42.6865 57.2621 55.8108
0 0 0 0 0 0 0 0 0 0 0 0 0 0 0 0 0 0 0 0 0 0 0 0 0 0 342.639 -36.6428 -333.339 -367.341 -367.341 -362.532 -339.746 -313.292 -362.516 -397.868 -450.575 -519.691 -519.691 -513.053 -489.155 -467.799 -473.466 -470.904 -473.517 -477.078 -474.827 -461.515 -435.535 -418.984 -406.077 -409.796 -409.796 -393.837 -370.669 -362.996 -339.37 -334.318 -311.045 -319.094 -294.604 -276.899 -253.417 -230.575 -202.59 -173.803 -155.515 -152.769 -137.214 -109.631 -87.1612 -59.7198 -41.1377 -17.5438 -17.5438 8.14633 23.5063 40.5025 55.8108
0 0 0 0 0 0 0 0 0 0 0 0 0 0 0 0 0 0 0 0 0 0 0 0 0 0 278.737 278.737 -70.7371 -299.633 -365.196 -362.532 -284.441 -313.292 -275.042 -325.54 -394.35 -465.896 -544.108 -513.009 -476.557 -480.799 -450.969 -448.178 -471.799 -481.522 -484.12 -470.36 -440.072 -436.047 -417.227 -416.986 -414.602 -402.4 -383.792 -381.989 -381.989 -372.566 -345.326 -331.355 -304.903 -288.17 -258.379 -261.91 -228.528 -200.678 -176.567 -154.609 -132.075 -109.015 -109.015 -79.5727 -56.6646 -31.3761 -12.5508 9.40942 25.5591 43.6663 43.6663
