gis_data/PP1766_DIS_Layer3_Top_ASCII.txt
ncols         308
nrows         431
xllcorner     -321143.35392317
yllcorner     1277883.4776336
cellsize      1609.334
NODATA_value  -9999
[rows 140 to 174 of 431, columns 80 to 159 of 308]
0 0 0 0 0 187.943 268.829 145.816 246.823 83.5855 40.298 30.455 30.455 17.331 10.769 0.925995 17.2733 48.3851 29.8636 -21.0883 -27.7739 -67.975 -71.256 -84.38 -87.661 -99.5036 -99.5036 -110.628 -110.628 -117.19 -123.752 -133.595 -133.595 -130.314 -130.314 -127.033 -130.314 -133.595 -133.595 -120.471 -107.347 -105.37 -97.504 -74.537 -68.9295 -64.59 -18.76 -13.8548 -19.3659 -8.70263 15.7119 2.48136 19.3272 85.2275 0 0 0 0 0 0 0 0 0 0 0 0 0 0 0 0 0 0 0 0 0 0 0 0 0 0
0 0 0 0 0 186.418 125.33 292.651 292.651 235.455 53.422 30.455 20.6671 4.207 7.48801 -5.636 -5.636 -2.31375 4.72206 -48.289 -59.8627 -61.413 -61.413 -75.1188 -90.942 -100.785 -107.347 -117.19 -117.19 -123.752 -123.752 -130.314 -133.806 -127.033 -131.604 -130.314 -133.595 -130.314 -133.595 -131.333 -120.471 -94.223 -90.834 -67.975 -67.975 -64.694 -38.0071 -2.02649 -19.3659 -8.1182 15.7119 17.3985 10.769 33.6474 61.8072 0 0 0 0 0 0 0 0 0 0 0 0 0 0 0 0 0 0 0 0 0 0 0 0 0
0 0 0 0 0 0 0 286.908 238.9 98.4743 56.703 33.736 20.612 4.207 4.207 -8.91701 -22.4866 -28.603 -28.603 -41.727 -57.7215 -58.132 -71.256 -84.38 -94.223 -107.347 -107.347 -118.623 -120.471 -123.752 -130.314 -123.752 -123.752 -130.314 -127.033 -130.314 -129.098 -130.314 -136.876 -120.471 -120.471 -99.6917 -90.942 -81.9784 -81.099 -46.6155 -3.69869 2.31469 2.31469 -25.559 -5.30155 27.0198 59.7019 63.2621 73.2041 109.482 245.34 0 0 0 0 0 0 0 0 0 0 0 0 0 0 0 0 0 0 0 0 0 0 0
0 0 0 0 0 0 0 286.01 268.64 175.224 63.265 33.736 23.893 4.207 -8.91701 -8.91701 -18.76 -22.041 -28.603 -41.727 -48.289 -58.132 -64.694 -74.537 -84.38 -97.504 -110.628 -118.623 -123.752 -123.752 -127.033 -133.595 -133.595 -133.595 -133.595 -133.595 -130.314 -128.55 -130.278 -129.629 -110.628 -107.717 -94.223 -84.38 -84.38 -67.5926 -47.3188 1.42151 -8.65974 -2.07087 -3.66833 13.3211 43.6304 99.356 84.2054 117.978 0 0 0 237.158 0 0 0 0 0 0 0 0 0 0 0 0 0 0 0 0 0 0 0 0
0 0 0 0 0 0 0 0 365.571 171.297 59.984 59.984 40.3156 17.6939 0.925995 -12.198 -22.041 -22.041 -25.2574 -25.2574 -54.851 -61.413 -67.975 -71.7056 -87.661 -97.504 -104.066 -113.909 -123.752 -124.983 -130.314 -133.595 -127.606 -127.606 -136.876 -133.595 -130.314 -128.55 -140.157 -129.629 -120.121 -110.628 -107.526 -104.053 -81.099 -67.5926 -44.858 1.42151 -45.4887 -24.7812 19.4446 40.2711 54.0368 110.308 110.763 109.199 34.7604 130.101 191.224 0 0 0 0 0 0 0 0 0 0 0 0 0 0 0 0 0 0 0 0 0
0 0 0 0 0 0 0 0 0 328.432 164.455 69.827 33.736 14.4469 -5.636 -5.636 -22.041 -28.603 -44.5337 -31.8232 -61.413 -71.256 -74.537 -74.537 -81.099 -90.942 -113.909 -120.471 -123.752 -123.752 -127.701 -130.314 -133.595 -128.077 -133.595 -136.876 -133.595 -133.595 -136.876 -136.876 -120.471 -113.909 -99.9862 -94.223 -87.661 -71.256 -51.57 -28.603 -38.3798 7.48801 61.9135 61.9135 67.0057 84.2112 128.885 109.199 46.9071 130.101 0 0 0 0 0 0 0 0 0 0 0 0 0 0 0 0 0 0 0 0 0 0
0 0 0 0 0 0 0 0 0 199.505 164.455 169.756 50.141 30.455 7.48801 -15.479 -22.041 -38.446 -48.289 -48.289 -67.975 -64.694 -84.38 -81.099 -96.9067 -100.785 -110.628 -114.174 -127.033 -127.033 -130.314 -133.595 -133.595 -133.595 -130.967 -130.314 -133.595 -133.595 -140.157 -136.876 -133.595 -127.033 -107.347 -95.4884 -98.3649 -74.7211 -66.878 -48.289 -18.76 10.769 14.8185 40.4581 34.5015 99.356 -15.479 -15.479 57.5777 125.604 0 0 0 0 0 0 0 0 0 0 0 0 0 0 0 0 0 0 0 0 0 0
0 0 0 0 0 0 0 0 0 344.941 177.007 86.546 43.5816 10.769 -5.636 -15.4178 -20.0106 -35.165 -42.7872 -54.851 -67.975 -77.818 -77.818 -87.661 -84.38 -104.066 -110.628 -120.471 -127.033 -127.033 -130.314 -133.595 -133.595 -136.876 -130.967 -150 -133.595 -140.157 -133.595 -136.876 -127.69 -117.19 -107.347 -99.3079 -87.661 -77.8191 -58.2438 -54.851 -44.4382 -4.8754 -84.9038 -84.9038 -18.76 -33.9716 0.925995 99.356 135.061 146.893 0 0 0 0 0 0 0 0 0 0 0 0 0 0 0 0 0 0 0 0 0 0
0 0 0 0 0 0 0 0 0 168.487 202.715 110.258 124.282 10.769 0.925995 -18.76 -28.603 -41.727 -41.727 -51.57 -61.413 -77.818 -87.8839 -94.223 -94.223 -104.066 -104.066 -113.909 -120.471 -127.033 -130.314 -133.595 -133.595 -136.876 -134.215 -133.595 -136.876 -133.595 -133.595 -133.07 -133.07 -120.471 -110.628 -104.066 -87.661 -77.818 -58.2438 -64.694 -32.3219 -84.38 -67.975 -38.446 -18.76 -5.64493 0.925995 56.703 100.365 148.435 0 0 0 0 0 0 0 0 0 0 0 0 0 0 0 0 0 0 0 0 0 0
0 0 0 0 0 0 0 0 0 319.137 242.977 147.837 45.3274 14.05 -8.91701 -15.479 -28.603 -38.446 -41.727 -58.132 -71.256 -77.818 -77.818 -87.661 -94.223 -101.698 -110.628 -119.751 -123.752 -127.145 -130.314 -133.595 -136.876 -140.157 -136.876 -133.595 -133.595 -133.595 -130.314 -124.161 -129.488 -123.752 -102.029 -101.75 -101.75 -83.94 -79.8388 -67.975 -70.8212 -67.975 -54.1827 -38.446 -25.322 4.97342 23.893 89.513 122.323 161.817 161.817 0 0 0 0 0 0 0 0 0 0 0 0 0 0 0 0 0 0 0 0 0
0 0 0 0 0 0 0 0 0 319.137 165.469 165.469 123.889 29.8463 -2.355 -15.479 -31.884 -38.446 -45.008 -48.289 -64.694 -74.537 -82.6716 -87.661 -100.785 -111.138 -111.138 -113.909 -123.752 -127.033 -130.314 -136.876 -137.911 -140.157 -140.157 -136.876 -130.314 -130.314 -130.686 -127.033 -127.033 -130.314 -132.886 -113.909 -103.619 -77.818 -64.21 -108.823 -109.341 -64.694 -51.57 -31.0749 -17.6228 38.0966 64.9198 93.2883 119.692 135.45 71.6038 0 0 0 0 0 0 0 0 0 0 0 0 0 0 0 0 0 0 0 0 0
0 0 0 0 0 0 0 0 0 0 154.98 233.616 91.4628 9.25418 -15.479 -15.479 -28.603 -38.446 -48.289 -52.3773 -64.694 -77.818 -84.38 -87.661 -100.785 -104.066 -107.347 -113.909 -123.752 -123.752 -130.314 -133.595 -125.128 -140.157 -140.273 -136.876 -145.607 -133.595 -131.721 -133.595 -130.314 -130.314 -114.917 -113.909 -113.909 -102.436 -120.203 -87.661 -77.818 -61.413 -48.7923 -28.603 -12.1754 32.761 33.2744 99.3829 128.885 57.0498 57.0498 0 0 0 0 0 0 0 0 0 0 0 0 0 0 0 0 0 0 0 0 0
0 0 0 0 0 0 0 0 0 231.912 145.079 145.079 25.8101 -2.355 -28.603 -28.603 -38.446 -45.008 -51.57 -58.132 -70.8129 -71.256 -87.661 -94.223 -100.785 -100.785 -100.785 -107.283 -117.19 -120.471 -130.314 -123.773 -136.876 -136.876 -143.438 -146.719 -140.157 -138.944 -133.595 -127.033 -127.033 -120.471 -120.471 -119.035 -110.628 -102.436 -98.4181 -98.4181 -77.818 -71.256 -64.694 -28.603 -8.91701 32.761 57.0599 57.0599 112.48 83.5674 0 0 0 0 0 0 0 0 0 0 0 0 0 0 0 0 0 0 0 0 0 0
0 0 0 0 0 0 0 0 0 0 286.877 132.57 7.48801 -22.041 -41.7225 -41.7225 -49.1909 -41.727 -58.132 -85.2727 -67.975 -71.3559 -77.818 -86.9354 -97.8912 -100.65 -100.785 -110.628 -121.27 -121.27 -130.314 -133.595 -136.876 -140.157 -127.033 -130.314 -136.876 -140.157 -133.595 -133.595 -123.752 -120.471 -113.909 -104.066 -110.628 -111.853 -90.942 -78.1536 -81.099 -74.537 -35.165 -35.165 0.925995 12.3271 38.4459 80.685 76.9756 82.9382 4.42297 0 0 0 0 0 0 0 0 0 0 0 0 0 0 0 0 0 0 0 0 0
0 0 0 0 0 0 0 0 0 526.631 243.019 114.976 10.5461 -28.6235 -43.7672 -32.4555 -49.1909 -48.289 -48.289 -58.132 -67.975 -74.537 -77.818 -106.226 -97.8912 -100.785 -104.066 -110.628 -110.628 -128.416 -130.314 -128.768 -133.595 -133.595 -146.719 -130.314 -133.595 -133.215 -130.314 -127.033 -123.752 -120.471 -120.471 -113.909 -107.347 -100.785 -94.223 -94.223 -87.661 -84.38 -22.222 -6.01838 0.925995 10.769 20.6934 54.0844 -8.91701 22.492 14.7743 85.5551 0 0 0 0 0 0 0 0 0 0 0 0 0 0 0 0 0 0 0 0
0 0 0 0 0 0 0 0 0 0 204.029 7.48801 -5.636 -18.76 -18.76 -35.165 -45.008 -51.57 -51.57 -64.694 -71.256 -84.38 -84.38 -90.942 -97.504 -104.066 -104.066 -113.909 -117.19 -120.471 -123.752 -130.314 -133.595 -140.157 -146.719 -136.876 -136.876 -140.157 -143.438 -133.595 -123.752 -123.752 -120.471 -120.471 -113.909 -107.347 -104.066 -90.942 -87.661 -64.694 -22.222 -18.76 -5.636 -26.6777 48.7295 51.8349 -9.42974 -32.1915 4.19789 33.9415 56.8037 0 0 0 0 0 0 0 0 0 0 0 0 0 0 0 0 0 0 0
0 0 0 0 0 0 0 0 0 0 20.3104 321.258 78.2873 9.15472 -5.636 -45.008 -48.289 -54.851 -54.851 -64.694 -71.256 -81.099 -84.38 -90.942 -100.785 -97.504 -104.066 -117.19 -117.601 -123.752 -127.033 -136.876 -136.876 -143.438 -143.438 -140.157 -144.695 -146.719 -139.368 -136.876 -136.876 -133.595 -127.595 -120.471 -113.909 -104.066 -94.223 -97.504 -87.2313 -45.008 -35.165 -35.165 -28.603 0.77488 0.77488 -47.1016 -25.2909 -39.8385 4.19789 7.79575 56.8037 0 0 0 0 0 0 0 0 0 0 0 0 0 0 0 0 0 0 0
0 0 0 0 0 0 0 0 0 0 0 321.258 20.1749 9.15472 -0.0341823 -35.165 -54.851 -54.851 -58.132 -71.256 -77.818 -84.38 -84.38 -97.504 -97.504 -109.899 -113.909 -120.471 -120.471 -127.033 -127.033 -133.595 -143.438 -143.438 -123.752 -133.595 -133.595 -136.876 -146.719 -133.595 -133.595 -133.595 -130.273 -123.752 -117.19 -107.347 -104.066 -94.223 -81.099 -55.6415 -36.0259 -45.008 -48.289 14.8854 -22.7665 -54.1132 -45.665 -38.446 -38.446 -18.76 -12.198 34.0219 66.0783 114.244 0 0 0 0 0 0 0 0 0 0 0 0 0 0 0 0
0 0 0 0 0 0 0 0 0 0 0 0 98.6841 50.9082 4.04556 -45.008 -54.851 -61.413 -67.975 -67.975 -77.818 -84.38 -94.223 -97.504 -97.504 -97.504 -113.909 -117.19 -123.752 -127.033 -130.314 -133.595 -140.157 -143.438 -150 -136.876 -143.438 -136.876 -136.876 -133.595 -140.157 -140.157 -130.314 -123.752 -120.471 -105.31 -94.724 -64.694 -87.661 -77.818 -58.132 -55.119 -25.322 -64.6319 -64.6319 -47.9203 -29.6203 -28.603 37.5776 59.9996 -3.43465 39.2144 127.292 78.9594 131.74 0 0 0 0 0 0 0 0 0 0 0 0 0 0 0
0 0 0 0 0 0 0 0 0 0 0 0 65.0563 17.6817 -15.479 -31.6877 -51.57 -58.132 -74.537 -74.537 -84.38 -87.661 -94.223 -94.223 -104.066 -104.066 -117.19 -123.752 -130.314 -130.314 -133.595 -137.069 -143.438 -143.438 -143.438 -143.438 -146.719 -150 -142.24 -140.157 -146.003 -140.157 -130.314 -130.314 -120.471 -113.909 -94.223 -64.694 -81.099 -77.818 -61.413 -61.413 -58.897 -48.289 -65.3501 -47.9203 -31.884 -28.603 65.2744 56.88 122.284 129.28 53.7211 206.601 152.963 137.942 0 0 0 0 0 0 0 0 0 0 0 0 0 0
0 0 0 0 0 0 0 0 0 0 0 0 61.2712 -0.692251 -13.2848 -41.727 -61.413 -67.975 -74.537 -79.4468 -84.38 -90.942 -103.104 -100.785 -109.952 -109.952 -117.19 -123.752 -130.314 -133.595 -140.157 -140.157 -143.438 -146.719 -146.719 -150 -150 -146.719 -146.905 -150 -140.157 -130.314 -130.314 -123.752 -117.19 -113.909 -93.3049 -93.3049 -84.38 -82.432 -67.975 -64.694 -71.256 -67.975 -54.851 -40.9791 -36.1352 -22.041 67.5613 97.2319 40.5689 40.5689 64.7 149.071 73.9897 137.942 0 0 0 0 0 0 0 0 0 0 0 0 0 0
0 0 0 0 0 0 0 0 0 0 0 0 61.2712 -2.355 -2.355 -48.289 -54.851 -71.256 -74.537 -84.38 -84.38 -90.942 -97.504 -110.628 -110.628 -113.909 -117.19 -123.752 -133.595 -133.595 -140.157 -140.157 -149.598 -146.719 -146.719 -146.719 -146.719 -140.157 -150 -143.438 -133.595 -130.314 -123.752 -123.752 -120.471 -113.909 -94.223 -97.504 -81.099 -74.537 -88.5185 -86.753 -77.818 -64.694 -45.008 -48.289 27.1763 23.3917 51.4943 37.017 2.06804 82.3924 55.4122 61.2121 78.3842 78.3842 140.363 0 0 0 0 0 0 0 0 0 0 0 0 0
0 0 0 0 0 0 0 0 0 0 0 0 0 -6.75221 -28.603 -61.413 -65.1071 -81.099 -81.099 -88.6947 -94.223 -104.066 -107.347 -113.909 -117.604 -123.752 -117.231 -123.752 -130.314 -133.595 -140.157 -143.438 -143.438 -146.719 -146.719 -150 -146.719 -139.282 -150 -136.876 -136.876 -130.314 -127.033 -120.471 -120.471 -107.347 -94.223 -97.504 -87.661 -92.6973 -81.2986 -78.5239 -64.694 -71.2122 -54.457 -35.0944 -3.50301 16.6607 -13.1717 -15.8075 38.0687 38.0687 57.4963 33.736 87.293 83.0362 0 0 0 0 0 0 0 0 0 0 0 0 0 0
0 0 0 0 0 0 0 0 0 0 0 0 195.133 -22.6839 -22.6839 -64.694 -67.975 -81.099 -87.661 -94.223 -100.785 -107.347 -110.628 -120.194 -120.675 -127.033 -123.752 -130.314 -130.314 -136.876 -140.157 -143.438 -127.248 -146.719 -146.719 -148.895 -148.895 -150 -139.143 -140.157 -133.595 -127.033 -125.935 -123.752 -117.19 -107.347 -104.066 -97.504 -87.661 -100.785 -100.785 -74.537 -67.975 -46.1013 -54.457 -13.3054 -3.50301 -23.2216 -23.2216 2.25046 72.1245 84.0868 57.4963 35.7874 87.293 94.6087 90.5736 194.705 0 0 0 0 0 0 0 0 0 0 0 0
0 0 0 0 0 0 0 0 0 0 0 0 129.858 1.78532 -51.57 -71.256 -77.818 -87.661 -87.661 -100.785 -100.785 -113.909 -113.909 -123.752 -130.314 -130.314 -130.314 -133.595 -133.595 -136.876 -140.157 -150 -150 -146.719 -146.719 -146.719 -140.157 -140.478 -143.438 -140.157 -140.157 -130.314 -127.033 -120.471 -113.909 -107.347 -100.785 -100.785 -104.066 -94.3052 -84.38 -82.7908 -71.256 -25.5506 -25.5506 -38.446 -18.76 -35.165 42.5032 40.9966 127.335 31.6853 54.5016 69.827 60.419 119.604 134.004 132.166 132.166 0 0 0 0 0 0 0 0 0 0 0
0 0 0 0 0 0 0 0 0 0 0 0 97.1952 -27.6899 -35.165 -58.132 -74.537 -84.38 -97.504 -100.785 -107.347 -107.347 -120.471 -120.471 -130.314 -130.314 -133.595 -133.595 -140.157 -140.157 -143.438 -143.438 -146.719 -146.719 -143.438 -146.719 -146.719 -139.703 -138.794 -144.313 -140.157 -130.314 -127.033 -123.752 -117.19 -110.628 -104.066 -104.066 -110.065 -90.942 -90.942 -88.721 -74.537 -30.5545 -58.132 -39.5892 -38.4422 26.7361 26.7361 15.717 31.4297 64.9329 79.67 116.46 165.798 176.983 171.13 106.98 188.327 0 0 0 0 0 0 0 0 0 0 0
0 0 0 0 0 0 0 0 0 0 0 0 7.48801 -8.91701 -45.008 -58.9163 -77.818 -90.942 -97.504 -98.5414 -115.508 -113.909 -123.752 -126.826 -133.595 -133.595 -136.876 -140.157 -143.438 -143.438 -143.438 -146.719 -146.719 -146.719 -146.719 -146.719 -146.719 -139.703 -141.374 -141.374 -140.157 -136.876 -130.314 -123.752 -117.19 -110.628 -110.628 -110.628 -103.205 -94.223 -97.504 -88.721 -77.818 -30.5545 -65.6634 -59.7111 -51.57 -21.1441 4.17933 0.925995 66.3723 110.964 151.336 231.977 247.869 99.0248 92.794 115.077 115.077 152.585 0 0 0 0 0 0 0 0 0 0
0 0 0 0 0 0 0 0 0 0 0 0 -8.90883 -28.603 -45.008 -58.132 -77.818 -90.942 -104.066 -103.48 -117.19 -117.19 -130.314 -127.033 -136.876 -140.157 -141.497 -140.157 -143.438 -143.438 -143.438 -146.719 -149.138 -143.438 -146.719 -137.974 -146.719 -143.438 -150 -143.438 -140.157 -133.595 -127.033 -127.033 -120.471 -117.19 -120.471 -113.909 -104.066 -100.84 -94.223 -84.38 -87.661 -74.537 -58.132 -48.6204 -10.6246 -10.6246 -10.7317 30.455 113.239 110.964 168.435 231.977 124.194 124.194 79.722 100.831 123.556 152.585 0 0 0 0 0 0 0 0 0 0
0 0 0 0 0 0 0 0 0 0 0 0 0 -27.4717 -45.008 -71.256 -77.818 -77.0548 -97.504 -107.347 -113.909 -127.033 -133.595 -133.595 -140.157 -140.157 -143.438 -143.438 -146.719 -143.438 -146.719 -146.719 -146.719 -146.719 -141.734 -150 -150 -144.593 -143.438 -143.438 -140.157 -136.876 -130.314 -123.752 -123.752 -120.471 -120.471 -119.7 -113.909 -100.005 -94.223 -87.661 -84.38 -71.256 -45.6027 -61.413 4.03278 -23.1044 53.5722 23.893 115.761 115.761 59.8191 184.907 329.368 86.8018 92.9133 122.323 145.017 248.614 255.779 0 0 0 0 0 0 0 0 0
0 0 0 0 0 0 0 66.6203 0 0 0 0 0 -23.7092 -23.7092 -47.6129 -84.38 -97.504 -94.223 -113.909 -123.752 -130.314 -132.036 -137.031 -140.157 -143.438 -143.438 -146.719 -146.719 -146.719 -143.438 -146.719 -146.719 -143.438 -141.734 -153.281 -153.281 -150.142 -146.298 -143.438 -140.157 -133.595 -130.314 -130.314 -130.314 -123.752 -130.246 -116.734 -111.387 -104.066 -97.3345 -103.419 -81.099 -77.818 -54.851 -60.2779 -20.2311 -20.2311 28.7739 79.67 102.484 22.9333 96.075 151.523 46.86 46.86 47.2606 164.541 122.323 168.386 264.091 0 0 0 0 0 0 0 0 0
0 0 0 0 0 -48.289 -7.03938 0 0 -38.446 -38.446 -77.9551 -10.5704 -74.3324 -72.0428 -71.256 -90.942 -100.785 -107.347 -117.19 -120.471 -130.314 -136.876 -143.438 -146.719 -143.438 -146.719 -146.719 -150 -146.719 -150 -150 -150 -150 -146.719 -143.438 -156.397 -153.281 -150 -146.719 -143.438 -140.157 -133.595 -130.314 -130.314 -133.595 -133.595 -113.909 -110.878 -104.066 -97.3345 -84.38 -81.099 -75.5315 -75.5315 -39.5262 -26.7093 -4.99027 28.7739 10.769 102.484 -5.636 2.29725 147.689 45.012 30.455 114.032 165.532 77.4342 132.209 184.494 151.852 0 0 0 0 0 0 0 0
0 0 0 0 0 -48.289 -64.694 20.6455 -33.1027 -93.6052 -90.942 -87.661 -101.922 -84.9956 -84.9956 -94.223 -77.818 -113.909 -113.909 -123.454 -130.314 -133.595 -135.665 -143.438 -146.719 -146.719 -146.719 -150 -150 -146.719 -140.464 -150 -150 -146.719 -153.281 -153.281 -141.453 -153.281 -146.719 -143.438 -143.438 -140.157 -133.595 -133.595 -133.595 -133.595 -120.471 -114.798 -104.066 -97.504 -97.504 -84.38 -81.099 -67.975 -64.694 -51.57 -37.9232 4.52184 11.1826 -18.76 -5.636 0.925995 25.1041 58.1324 58.1324 84.9211 95.1602 108.035 77.4342 109.199 184.494 0 0 0 0 0 0 0 0 0
0 0 0 0 0 -65.2729 -90.942 -90.942 -113.909 -93.6052 -123.752 -107.347 -113.909 -104.066 -97.504 -94.223 -103.012 -103.012 -117.19 -113.909 -126.73 -133.595 -136.876 -143.438 -145.254 -145.254 -150 -150 -150 -150 -150 -153.281 -153.281 -150 -153.281 -156.507 -146.719 -146.719 -143.438 -146.719 -146.719 -143.438 -140.157 -143.438 -140.157 -127.033 -127.033 -117.19 -110.628 -90.942 -94.223 -77.818 -74.537 -64.694 -64.694 -54.851 -48.289 -47.2495 -31.2432 39.3743 31.7966 43.8338 112.48 142.408 210.91 135.055 162.763 170.294 170.294 214.602 220.771 306.807 0 0 0 0 0 0 0 0
0 0 -46.3123 0 -74.537 -90.4913 -114.209 -107.347 -135.269 -136.876 -140.157 -130.314 -127.033 -103.945 -127.033 -120.143 -123.752 -111.014 -117.19 -120.471 -130.868 -130.868 -133.595 -136.9 -140.157 -150 -150 -150 -148.204 -149.251 -152.869 -153.281 -153.281 -150 -153.281 -153.281 -153.281 -153.281 -142.235 -146.719 -146.719 -143.438 -143.438 -143.438 -140.157 -130.314 -120.471 -117.19 -104.066 -90.942 -97.504 -89.922 -91.5054 -81.099 -64.694 -64.694 -54.3934 -48.289 -35.165 14.7447 -2.355 101.857 79.075 99.356 99.356 103.105 185.068 126.302 253.426 427.031 587.751 270.008 270.008 0 0 0 0 0 0 0
0 0 -55.5374 -55.5374 -133.595 -119.933 -130.314 -123.752 -146.719 -146.979 -146.719 -146.719 -146.719 -136.876 -139.983 -133.595 -134.049 -134.049 -90.942 -104.38 -107.347 -120.471 -120.471 -137.418 -123.752 -140.157 -146.719 -150 -148.335 -150 -153.281 -150 -153.281 -146.903 -150 -155.578 -144.755 -150 -150 -150 -150 -146.719 -140.157 -143.438 -133.595 -130.314 -124.75 -120.471 -107.347 -104.066 -94.223 -89.922 -81.1396 -81.1396 -77.9109 -61.413 -64.6623 -48.289 -19.6211 14.7447 78.5815 78.5815 54.0945 108.724 4.59692 103.105 73.108 126.302 245.319 289.791 198.163 0 0 0 0 0 0 0 0 0
