gis_data/PP1766_DIS_Layer2_Top_ASCII.txt
ncols         308
nrows         431
xllcorner     -321143.35392317
yllcorner     1277883.4776336
cellsize      1609.334
NODATA_value  -9999
[rows 144 to 179 of 431, columns 80 to 159 of 308]
0 0 0 0 0 0 0 0 366.571 172.297 60.984 60.984 41.3156 117.694 100.926 87.802 77.959 77.959 74.7426 74.7426 45.149 38.587 32.025 28.2944 12.339 2.496 -4.066 -13.909 -23.752 -24.9828 -30.314 -33.595 -27.6062 -27.6062 -36.876 -33.595 -30.314 -28.5499 -40.157 -29.6288 -20.1215 -10.628 -106.526 -103.053 -80.099 -66.5926 -43.858 2.42151 -44.4887 -23.7812 20.4446 41.2711 55.0368 111.308 111.763 110.199 35.7604 131.101 192.224 0 0 0 0 0 0 0 0 0 0 0 0 0 0 0 0 0 0 0 0 0
0 0 0 0 0 0 0 0 0 329.432 165.455 70.827 133.736 114.447 94.364 94.364 77.959 71.397 55.4663 68.1768 38.587 28.744 25.463 25.463 18.901 9.058 -13.909 -20.471 -23.752 -23.752 -27.701 -30.314 -33.595 -28.077 -33.595 -36.876 -33.595 -33.595 -36.876 -36.876 -20.471 -13.909 -98.9862 -93.223 -86.661 -70.256 -50.57 -27.603 -37.3798 8.48801 62.9135 62.9135 68.0057 85.2112 129.885 110.199 47.9071 131.101 0 0 0 0 0 0 0 0 0 0 0 0 0 0 0 0 0 0 0 0 0 0
0 0 0 0 0 0 0 0 0 200.505 165.455 170.756 51.141 130.455 107.488 84.521 77.959 61.554 51.711 51.711 32.025 35.306 15.62 18.901 3.09333 -0.785 -10.628 -14.1737 -27.033 -27.033 -30.314 -33.595 -33.595 -33.595 -30.9673 -30.314 -33.595 -33.595 -40.157 -36.876 -33.595 -27.033 -106.347 -94.4884 -97.3649 -73.7211 -65.878 -47.289 -17.76 11.769 15.8185 41.4581 35.5015 100.356 -14.479 -14.479 58.5777 126.604 0 0 0 0 0 0 0 0 0 0 0 0 0 0 0 0 0 0 0 0 0 0
0 0 0 0 0 0 0 0 0 345.941 178.007 87.546 44.5816 110.769 94.364 84.5822 79.9894 64.835 57.2128 45.149 32.025 22.182 22.182 12.339 15.62 -4.066 -10.628 -20.471 -27.033 -27.033 -30.314 -33.595 -33.595 -36.876 -30.9673 -50 -33.595 -40.157 -33.595 -36.876 -27.6896 -17.19 -106.347 -98.3079 -86.661 -76.8191 -57.2438 -53.851 -43.4382 -3.8754 -83.9038 -83.9038 -17.76 -32.9716 1.92599 100.356 136.061 147.893 0 0 0 0 0 0 0 0 0 0 0 0 0 0 0 0 0 0 0 0 0 0
0 0 0 0 0 0 0 0 0 169.487 203.715 111.258 125.282 110.769 100.926 81.24 71.397 58.273 58.273 48.43 38.587 22.182 12.1161 5.777 5.777 -4.066 -4.066 -13.909 -20.471 -27.033 -30.314 -33.595 -33.595 -36.876 -34.2151 -33.595 -36.876 -33.595 -33.595 -33.0704 -33.0704 -20.471 -10.628 -103.066 -86.661 -76.818 -57.2438 -63.694 -31.3219 -83.38 -66.975 -37.446 -17.76 -4.64493 1.92599 57.703 101.365 149.435 0 0 0 0 0 0 0 0 0 0 0 0 0 0 0 0 0 0 0 0 0 0
0 0 0 0 0 0 0 0 0 320.137 243.977 148.837 46.3274 114.05 91.083 84.521 71.397 61.554 58.273 41.868 28.744 22.182 22.182 12.339 5.777 -1.69786 -10.628 -19.7506 -23.752 -27.1446 -30.314 -33.595 -36.876 -40.157 -36.876 -33.595 -33.595 -33.595 -30.314 -24.1607 -29.4875 -23.752 -2.02924 -100.75 -100.75 -82.94 -78.8388 -66.975 -69.8212 -66.975 -53.1827 -37.446 -24.322 5.97342 24.893 90.513 123.323 162.817 162.817 0 0 0 0 0 0 0 0 0 0 0 0 0 0 0 0 0 0 0 0 0
0 0 0 0 0 0 0 0 0 320.137 166.469 166.469 124.889 129.846 97.645 84.521 68.116 61.554 54.992 51.711 35.306 25.463 17.3284 12.339 -0.785 -11.1378 -11.1378 -13.909 -23.752 -27.033 -30.314 -36.876 -37.9106 -40.157 -40.157 -36.876 -30.314 -30.314 -30.6858 -27.033 -27.033 -30.314 -32.8855 -13.909 -102.619 -76.818 -63.21 -107.823 -108.341 -63.694 -50.57 -30.0749 -16.6228 39.0966 65.9198 94.2883 120.692 136.45 72.6038 0 0 0 0 0 0 0 0 0 0 0 0 0 0 0 0 0 0 0 0 0
0 0 0 0 0 0 0 0 0 0 155.98 234.616 191.463 109.254 84.521 84.521 71.397 61.554 51.711 47.6227 35.306 22.182 15.62 12.339 -0.785 -4.066 -7.347 -13.909 -23.752 -23.752 -30.314 -33.595 -25.1279 -40.157 -40.2728 -36.876 -45.6075 -33.595 -31.7215 -33.595 -30.314 -30.314 -14.917 -13.909 -13.909 -101.436 -119.203 -86.661 -76.818 -60.413 -47.7923 -27.603 -11.1754 33.761 34.2744 100.383 129.885 58.0498 58.0498 0 0 0 0 0 0 0 0 0 0 0 0 0 0 0 0 0 0 0 0 0
0 0 0 0 0 0 0 0 0 232.912 146.079 146.079 125.81 97.645 71.397 71.397 61.554 54.992 48.43 41.868 29.1871 28.744 12.339 5.777 -0.785 -0.785 -0.785 -7.28267 -17.19 -20.471 -30.314 -23.7734 -36.876 -36.876 -43.438 -46.719 -40.157 -38.9442 -33.595 -27.033 -27.033 -20.471 -20.471 -19.0346 -10.628 -101.436 -97.4181 -97.4181 -76.818 -70.256 -63.694 -27.603 -7.91701 33.761 58.0599 58.0599 113.48 84.5674 0 0 0 0 0 0 0 0 0 0 0 0 0 0 0 0 0 0 0 0 0 0
0 0 0 0 0 0 0 0 0 0 287.877 232.57 107.488 77.959 58.2775 58.2775 50.8091 58.273 41.868 14.7273 32.025 28.6441 22.182 13.0646 2.10884 -0.650396 -0.785 -10.628 -21.2698 -21.2698 -30.314 -33.595 -36.876 -40.157 -27.033 -30.314 -36.876 -40.157 -33.595 -33.595 -23.752 -20.471 -13.909 -4.066 -109.628 -110.853 -89.942 -77.1536 -80.099 -73.537 -34.165 -34.165 1.92599 13.3271 39.4459 81.685 77.9756 83.9382 5.42297 0 0 0 0 0 0 0 0 0 0 0 0 0 0 0 0 0 0 0 0 0
0 0 0 0 0 0 0 0 0 527.631 244.019 214.976 110.546 71.3765 56.2328 67.5445 50.8091 51.711 51.711 41.868 32.025 25.463 22.182 -6.2264 2.10884 -0.785 -4.066 -10.628 -10.628 -28.4162 -30.314 -28.768 -33.595 -33.595 -46.719 -30.314 -33.595 -33.2147 -30.314 -27.033 -23.752 -20.471 -20.471 -13.909 -106.347 -99.785 -93.223 -93.223 -86.661 -83.38 -21.222 -5.01838 1.92599 11.769 21.6934 55.0844 -7.91701 23.492 15.7743 86.5551 0 0 0 0 0 0 0 0 0 0 0 0 0 0 0 0 0 0 0 0
0 0 0 0 0 0 0 0 0 0 304.029 107.488 94.364 81.24 81.24 64.835 54.992 48.43 48.43 35.306 28.744 15.62 15.62 9.058 2.496 -4.066 -4.066 -13.909 -17.19 -20.471 -23.752 -30.314 -33.595 -40.157 -46.719 -36.876 -36.876 -40.157 -43.438 -33.595 -23.752 -23.752 -20.471 -20.471 -112.909 -106.347 -103.066 -89.942 -86.661 -63.694 -21.222 -17.76 -4.636 -25.6777 49.7295 52.8349 -8.42974 -31.1915 5.19789 34.9415 57.8037 0 0 0 0 0 0 0 0 0 0 0 0 0 0 0 0 0 0 0
0 0 0 0 0 0 0 0 0 0 120.31 421.258 178.287 109.155 94.364 54.992 51.711 45.149 45.149 35.306 28.744 18.901 15.62 9.058 -0.785 2.496 -4.066 -17.19 -17.6005 -23.752 -27.033 -36.876 -36.876 -43.438 -43.438 -40.157 -44.695 -46.719 -39.3684 -36.876 -36.876 -33.595 -27.5955 -20.471 -112.909 -103.066 -93.223 -96.504 -86.2313 -44.008 -34.165 -34.165 -27.603 1.77488 1.77488 -46.1016 -24.2909 -38.8385 5.19789 8.79575 57.8037 0 0 0 0 0 0 0 0 0 0 0 0 0 0 0 0 0 0 0
0 0 0 0 0 0 0 0 0 0 0 421.258 120.175 109.155 99.9658 64.835 45.149 45.149 41.868 28.744 22.182 15.62 15.62 2.496 2.496 -9.89929 -13.909 -20.471 -20.471 -27.033 -27.033 -33.595 -43.438 -43.438 -23.752 -33.595 -33.595 -36.876 -46.719 -33.595 -33.595 -33.595 -30.2734 -122.752 -116.19 -106.347 -103.066 -93.223 -80.099 -54.6415 -35.0259 -44.008 -47.289 15.8854 -21.7665 -53.1132 -44.665 -37.446 -37.446 -17.76 -11.198 35.0219 67.0783 115.244 0 0 0 0 0 0 0 0 0 0 0 0 0 0 0 0
0 0 0 0 0 0 0 0 0 0 0 0 198.684 150.908 104.046 54.992 45.149 38.587 32.025 32.025 22.182 15.62 5.777 2.496 2.496 2.496 -13.909 -17.19 -23.752 -27.033 -30.314 -33.595 -40.157 -43.438 -50 -36.876 -43.438 -36.876 -36.876 -33.595 -40.157 -40.157 -30.314 -122.752 -119.471 -104.31 -93.724 -63.694 -86.661 -76.818 -57.132 -54.119 -24.322 -63.6319 -63.6319 -46.9203 -28.6203 -27.603 38.5776 60.9996 -2.43465 40.2144 128.292 79.9594 132.74 0 0 0 0 0 0 0 0 0 0 0 0 0 0 0
0 0 0 0 0 0 0 0 0 0 0 0 165.056 117.682 84.521 68.3123 48.43 41.868 25.463 25.463 15.62 12.339 5.777 5.777 -4.066 -4.066 -17.19 -23.752 -30.314 -30.314 -33.595 -37.0691 -43.438 -43.438 -43.438 -43.438 -46.719 -50 -42.2395 -40.157 -46.003 -40.157 -30.314 -30.314 -119.471 -112.909 -93.223 -63.694 -80.099 -76.818 -60.413 -60.413 -57.897 -47.289 -64.3501 -46.9203 -30.884 -27.603 66.2744 57.88 123.284 130.28 54.7211 207.601 153.963 138.942 0 0 0 0 0 0 0 0 0 0 0 0 0 0
0 0 0 0 0 0 0 0 0 0 0 0 161.271 99.3077 86.7152 58.273 38.587 32.025 25.463 20.5532 15.62 9.058 -3.10404 -0.785 -9.95223 -9.95223 -17.19 -23.752 -30.314 -33.595 -40.157 -40.157 -43.438 -46.719 -46.719 -50 -50 -46.719 -46.9049 -50 -40.157 -30.314 -30.314 -23.752 -116.19 -112.909 -92.3049 -92.3049 -83.38 -81.432 -66.975 -63.694 -70.256 -66.975 -53.851 -39.9791 -35.1352 -21.041 68.5613 98.2319 41.5689 41.5689 65.7 150.071 74.9897 138.942 0 0 0 0 0 0 0 0 0 0 0 0 0 0
0 0 0 0 0 0 0 0 0 0 0 0 161.271 97.645 97.645 51.711 45.149 28.744 25.463 15.62 15.62 9.058 2.496 -10.628 -10.628 -13.909 -17.19 -23.752 -33.595 -33.595 -40.157 -40.157 -49.5976 -46.719 -46.719 -46.719 -46.719 -40.157 -50 -43.438 -33.595 -30.314 -122.752 -122.752 -119.471 -112.909 -93.223 -96.504 -80.099 -73.537 -87.5185 -85.753 -76.818 -63.694 -44.008 -47.289 28.1763 24.3917 52.4943 38.017 3.06804 83.3924 56.4122 62.2121 79.3842 79.3842 141.363 0 0 0 0 0 0 0 0 0 0 0 0 0
0 0 0 0 0 0 0 0 0 0 0 0 0 93.2478 71.397 38.587 34.8929 18.901 18.901 11.3053 5.777 -4.066 -7.347 -13.909 -17.6043 -23.752 -17.2314 -23.752 -30.314 -33.595 -40.157 -43.438 -43.438 -46.719 -46.719 -50 -46.719 -39.2825 -50 -36.876 -36.876 -30.314 -27.033 -119.471 -119.471 -106.347 -93.223 -96.504 -86.661 -91.6973 -80.2986 -77.5239 -63.694 -70.2122 -53.457 -34.0944 -2.50301 17.6607 -12.1717 -14.8075 39.0687 39.0687 58.4963 34.736 88.293 84.0362 0 0 0 0 0 0 0 0 0 0 0 0 0 0
0 0 0 0 0 0 0 0 0 0 0 0 295.133 77.3161 77.3161 35.306 32.025 18.901 12.339 5.777 -0.785 -7.347 -10.628 -20.1938 -20.6751 -27.033 -23.752 -30.314 -30.314 -36.876 -40.157 -43.438 -27.2484 -46.719 -46.719 -48.8953 -48.8953 -50 -39.1429 -40.157 -33.595 -27.033 -124.935 -122.752 -116.19 -106.347 -103.066 -96.504 -86.661 -99.785 -99.785 -73.537 -66.975 -45.1013 -53.457 -12.3054 -2.50301 -22.2216 -22.2216 3.25046 73.1245 85.0868 58.4963 36.7874 88.293 95.6087 91.5736 195.705 0 0 0 0 0 0 0 0 0 0 0 0
0 0 0 0 0 0 0 0 0 0 0 0 229.858 101.785 48.43 28.744 22.182 12.339 12.339 -0.785 -0.785 -13.909 -13.909 -23.752 -30.314 -30.314 -30.314 -33.595 -33.595 -36.876 -40.157 -50 -50 -46.719 -46.719 -46.719 -40.157 -40.4781 -43.438 -40.157 -40.157 -30.314 -27.033 -119.471 -112.909 -106.347 -99.785 -99.785 -103.066 -93.3052 -83.38 -81.7908 -70.256 -24.5506 -24.5506 -37.446 -17.76 -34.165 43.5032 41.9966 128.335 32.6853 55.5016 70.827 61.419 120.604 135.004 133.166 133.166 0 0 0 0 0 0 0 0 0 0 0
0 0 0 0 0 0 0 0 0 0 0 0 197.195 72.3101 64.835 41.868 25.463 15.62 2.496 -0.785 -7.347 -7.347 -20.471 -20.471 -30.314 -30.314 -33.595 -33.595 -40.157 -40.157 -43.438 -43.438 -46.719 -46.719 -43.438 -46.719 -46.719 -39.7026 -38.7943 -44.3125 -40.157 -30.314 -126.033 -122.752 -116.19 -109.628 -103.066 -103.066 -109.065 -89.942 -89.942 -87.721 -73.537 -29.5545 -57.132 -38.5892 -37.4422 27.7361 27.7361 16.717 32.4297 65.9329 80.67 117.46 166.798 177.983 172.13 107.98 189.327 0 0 0 0 0 0 0 0 0 0 0
0 0 0 0 0 0 0 0 0 0 0 0 107.488 91.083 54.992 41.0837 22.182 9.058 2.496 1.45863 -15.5081 -13.909 -23.752 -26.8257 -33.595 -33.595 -36.876 -40.157 -43.438 -43.438 -43.438 -46.719 -46.719 -46.719 -46.719 -46.719 -46.719 -39.7026 -41.3743 -41.3743 -40.157 -36.876 -30.314 -122.752 -116.19 -109.628 -109.628 -109.628 -102.205 -93.223 -96.504 -87.721 -76.818 -29.5545 -64.6634 -58.7111 -50.57 -20.1441 5.17933 1.92599 67.3723 111.964 152.336 232.977 248.869 100.025 93.794 116.077 116.077 153.585 0 0 0 0 0 0 0 0 0 0
0 0 0 0 0 0 0 0 0 0 0 0 91.0912 71.397 54.992 41.868 22.182 9.058 -4.066 -3.48018 -17.19 -17.19 -30.314 -27.033 -36.876 -40.157 -41.4967 -40.157 -43.438 -43.438 -43.438 -46.719 -49.1378 -43.438 -46.719 -37.974 -46.719 -43.438 -50 -43.438 -40.157 -33.595 -27.033 -27.033 -20.471 -116.19 -119.471 -112.909 -103.066 -99.84 -93.223 -83.38 -86.661 -73.537 -57.132 -47.6204 -9.6246 -9.6246 -9.7317 31.455 114.239 111.964 169.435 232.977 125.194 125.194 80.722 101.831 124.556 153.585 0 0 0 0 0 0 0 0 0 0
0 0 0 0 0 0 0 0 0 0 0 0 0 72.5283 54.992 28.744 22.182 22.9452 2.496 -7.347 -13.909 -27.033 -33.595 -33.595 -40.157 -40.157 -43.438 -43.438 -46.719 -43.438 -46.719 -46.719 -46.719 -46.719 -41.7344 -50 -50 -44.5928 -43.438 -43.438 -40.157 -36.876 -30.314 -23.752 -23.752 -119.471 -20.471 -118.7 -112.909 -99.005 -93.223 -86.661 -83.38 -70.256 -44.6027 -60.413 5.03278 -22.1044 54.5722 24.893 116.761 116.761 60.8191 185.907 330.368 87.8018 93.9133 123.323 146.017 249.614 256.779 0 0 0 0 0 0 0 0 0
0 0 0 0 0 0 0 166.62 0 0 0 0 0 76.2907 76.2907 52.3871 15.62 2.496 5.777 -13.909 -23.752 -30.314 -32.0356 -37.0307 -40.157 -43.438 -43.438 -46.719 -46.719 -46.719 -43.438 -46.719 -46.719 -43.438 -41.7344 -53.281 -53.281 -50.1419 -46.2979 -43.438 -40.157 -33.595 -30.314 -30.314 -30.314 -23.752 -129.246 -115.734 -110.387 -103.066 -96.3345 -102.419 -80.099 -76.818 -53.851 -59.2779 -19.2311 -19.2311 29.7739 80.67 103.484 23.9333 97.075 152.523 47.86 47.86 48.2606 165.541 123.323 169.386 265.091 0 0 0 0 0 0 0 0 0
0 0 0 0 0 51.711 92.9606 0 0 61.554 61.554 22.0449 -9.5704 25.6677 27.9572 28.744 9.058 -0.785 -7.347 -17.19 -20.471 -30.314 -36.876 -43.438 -46.719 -43.438 -46.719 -46.719 -50 -46.719 -50 -50 -50 -50 -46.719 -43.438 -56.397 -53.281 -50 -46.719 -43.438 -40.157 -33.595 -30.314 -30.314 -33.595 -33.595 -112.909 -109.878 -103.066 -96.3345 -83.38 -80.099 -74.5315 -74.5315 -38.5262 -25.7093 -3.99027 29.7739 11.769 103.484 -4.636 3.29725 148.689 46.012 31.455 115.032 166.532 78.4342 133.209 185.494 152.852 0 0 0 0 0 0 0 0
0 0 0 0 0 51.711 35.306 120.646 66.8973 6.39483 9.058 12.339 -1.92215 15.0044 15.0044 5.777 22.182 -13.909 -13.909 -23.4536 -30.314 -33.595 -35.6652 -43.438 -46.719 -46.719 -46.719 -50 -50 -46.719 -40.4637 -50 -50 -46.719 -53.281 -53.281 -41.4527 -53.281 -46.719 -43.438 -43.438 -40.157 -33.595 -33.595 -33.595 -33.595 -119.471 -113.798 -103.066 -96.504 -96.504 -83.38 -80.099 -66.975 -63.694 -50.57 -36.9232 5.52184 12.1826 -17.76 -4.636 1.92599 26.1041 59.1324 59.1324 85.9211 96.1602 109.035 78.4342 110.199 185.494 0 0 0 0 0 0 0 0 0
0 0 0 0 0 34.7271 9.058 9.058 -13.909 6.39483 -23.752 -7.347 -13.909 -4.066 2.496 5.777 -3.0123 -3.0123 -17.19 -13.909 -26.7305 -33.595 -36.876 -43.438 -45.2539 -45.2539 -50 -50 -50 -50 -50 -53.281 -53.281 -50 -53.281 -56.5072 -46.719 -46.719 -43.438 -46.719 -46.719 -43.438 -40.157 -43.438 -40.157 -27.033 -27.033 -116.19 -109.628 -89.942 -93.223 -76.818 -73.537 -63.694 -63.694 -53.851 -47.289 -46.2495 -30.2432 40.3743 32.7966 44.8338 113.48 143.408 211.91 136.055 163.763 171.294 171.294 215.602 221.771 307.807 0 0 0 0 0 0 0 0
0 0 53.6877 0 25.463 9.50873 -14.2089 -7.347 -35.2689 -36.876 -40.157 -30.314 -27.033 -3.94521 -27.033 -20.1428 -23.752 -11.0135 -17.19 -20.471 -30.8677 -30.8677 -33.595 -36.8996 -40.157 -50 -50 -50 -48.2035 -49.2506 -52.8688 -53.281 -53.281 -50 -53.281 -53.281 -53.281 -53.281 -42.2349 -46.719 -46.719 -43.438 -43.438 -43.438 -40.157 -30.314 -119.471 -116.19 -103.066 -89.942 -96.504 -88.922 -90.5054 -80.099 -63.694 -63.694 -53.3934 -47.289 -34.165 15.7447 -1.355 102.857 80.075 100.356 100.356 104.105 186.068 127.302 254.426 428.031 588.751 271.008 271.008 0 0 0 0 0 0 0
0 0 44.4626 44.4626 -33.595 -19.9333 -30.314 -23.752 -46.719 -46.9792 -46.719 -46.719 -46.719 -36.876 -39.9835 -33.595 -34.0488 -34.0488 9.058 -4.38002 -7.347 -20.471 -20.471 -37.4185 -23.752 -40.157 -46.719 -50 -48.3353 -50 -53.281 -50 -53.281 -46.9026 -50 -55.5782 -44.7555 -50 -50 -50 -50 -46.719 -40.157 -43.438 -33.595 -129.314 -123.75 -119.471 -106.347 -103.066 -93.223 -88.922 -80.1396 -80.1396 -76.9109 -60.413 -63.6623 -47.289 -18.6211 15.7447 79.5815 79.5815 55.0945 109.724 5.59692 104.105 74.108 127.302 246.319 290.791 199.163 0 0 0 0 0 0 0 0 0
0 0 0 -17.0592 -33.595 -30.314 -30.314 -43.438 -36.876 -46.719 -46.719 -14.1573 -46.719 188.958 -40.157 -43.438 -46.719 -25.7568 48.43 9.09995 22.182 22.182 26.434 -7.347 -17.19 -33.595 -43.438 -50 -50 -50.3908 -53.281 -53.281 -53.281 -53.281 -53.281 -53.281 -40.4534 -42.5498 -50 -50 -50 -43.438 -40.157 -40.157 -33.595 -132.595 -122.752 -128.327 -106.347 -115.443 -93.223 -93.223 -76.818 -72.093 -57.132 -57.132 -40.0704 -40.0704 -27.603 5.207 1.92599 5.207 12.5904 35.3496 -36.8262 137.042 67.546 96.0464 67.546 154.378 67.546 0 0 0 559.696 0 0 0 0 0
0 0 0 0 -7.347 -46.719 -43.438 -44.5735 -46.719 -43.438 -43.438 -39.5969 59.2103 251.029 300.723 -46.719 -46.719 17.0978 51.711 80.9182 53.9887 80.9945 26.434 22.5088 22.5088 9.058 -27.033 -36.876 -50 -43.2544 -53.281 -53.281 -53.281 -56.562 -56.562 -43.4209 -40.4534 -53.281 -53.281 -53.281 -50 -50 -46.719 -40.157 -129.314 -129.359 -126.033 -129.314 -112.909 -111.223 -93.223 -86.661 -76.818 -76.818 -63.694 -54.2715 -40.727 -34.165 -17.76 -7.91701 1.02826 1.02826 -50.4346 32.002 87.232 78.0508 67.546 67.546 111.042 71.3509 207.612 0 0 0 572.416 572.416 0 0 0 0
0 0 0 0 -33.595 -46.719 -46.719 -46.719 -46.719 -46.719 -49.3362 -43.438 -3.77732 -50 -19.3616 -46.719 -43.438 -20.471 32.3175 104.207 100.181 72.9531 35.306 71.2491 33.8305 -0.785 -17.3944 -33.595 -33.595 -43.438 -50 -53.281 -50 -56.562 -53.281 -51.6819 -50 -53.281 -53.281 -50 -50 -50 -50 -43.438 -40.157 -129.314 -126.033 -122.752 -112.909 -99.785 -99.785 -89.942 -83.5354 -73.537 -63.694 -50.57 -40.727 -40.727 -36.8425 -15.2168 -57.132 -53.851 -7.91701 3.52471 18.331 19.0127 39.2276 178.18 185.507 79.2848 261.837 261.837 334.596 386.286 604.444 584.263 0 0 0 0
0 0 0 0 35.4045 -46.719 -46.719 -46.719 -46.719 -43.438 -43.438 -46.719 -50 -46.719 -46.719 -46.719 -49.1377 -13.6719 37.2554 122.992 132.845 85.0562 117.747 83.267 83.267 12.7965 15.4364 7.48975 -30.314 -50 -50 -50 -56.562 -50 -50 -56.562 -56.562 -56.562 -56.562 -56.562 -53.281 -50 -46.719 -40.157 -36.876 -27.033 -27.033 -20.471 -13.909 -4.066 -99.785 -84.5755 -80.099 -76.818 -70.256 -57.132 -50.57 -53.851 -36.8425 -60.413 -57.132 -1.66983 -16.9061 17.9883 18.331 40.9611 39.2276 133.088 133.088 251.637 323.387 305.073 334.596 576.673 604.444 472.066 0 0 0 0
0 0 0 0 226.967 -46.719 -43.438 -43.438 -50 -50 -46.719 -46.719 -50 -50 -50 -46.719 192.928 -13.6719 101.38 122.992 177.074 177.074 128.224 131.52 136.11 74.7494 37.819 -3.52834 -3.52834 -53.281 -53.281 -53.281 -50 -53.281 -56.562 -56.562 -59.843 -56.562 -56.562 -56.562 -50 -50 -50 -40.157 -33.595 -27.033 -23.752 -13.909 -13.909 -4.066 -4.066 5.777 -86.661 -76.818 -66.975 -57.132 -82.3809 -87.7322 -80.099 -37.1187 -29.2017 28.931 55.0482 78.6535 78.6535 125.733 143.009 90.2818 123.08 164.347 184.525 250.719 281.746 428.087 502.253 0 0 0 0 0
