gis_data/PP1766_DIS_Layer7_Top_ASCII.txt
ncols         308
nrows         431
xllcorner     -321143.35392317
yllcorner     1277883.4776336
cellsize      1609.334
NODATA_value  -9999
[rows 245 to 279 of 431, columns 158 to 236 of 308]
-350.447 -346.777 -339.169 -337.03 -327.192 -331.624 -322.541 -315.87 -307.563 -300.97 -288.652 -274.443 -274.443 -248.502 -200.708 -173.345 -149.117 -141.336 -118.241 -137.155 -129.842 -129.913 -109.352 -79.3629 -49.4631 -26.4527 -26.4527 2.98268 -63.2941 -179.721 -214.691 -210.265 -191.586 -168.619 -168.619 -145.867 0 0 0 0 0 0 0 0 0 0 0 0 0 0 0 0 0 0 0 0 0 0 0 0 0 0 0 0 0 0 0 0 0 0 0 -9999 -9999 -9999 -9999 -9999 -9999 -9999 -9999
-353.005 -355.329 -349.761 -345.408 -340.051 -333.233 -323.315 -319.132 -319.132 -309.569 -299.762 -288.444 -276.776 -248.199 -206.055 -179.98 -179.98 -163.718 -147.771 -140.909 -145.025 -128.443 -110.201 -100.321 -69.4116 -36.8217 -21.4206 -4.97203 -60.0915 -175.863 -175.863 -220.003 -200.571 -191.586 -168.619 -129.247 0 0 0 0 0 0 0 0 0 0 0 0 0 0 0 0 0 0 0 0 0 0 0 0 0 0 0 0 0 0 0 0 0 0 0 -9999 -9999 -9999 -9999 -9999 -9999 -9999 -9999
-357.85 -355.329 -351.315 -350.857 -344.677 -347.673 -336.768 -328.088 -319.013 -307.758 -298.674 -284.03 -284.03 -270.378 -243.387 -206.085 -183.07 -160.715 -151.036 -147.261 -134.199 -122.722 -115.38 -90.4365 -60.2918 -32.4189 -32.4189 -16.7874 -1.46456 -45.0294 -173.719 -206.458 -194.867 -184.893 -184.893 -165.338 -118.215 0 0 0 0 0 0 0 0 0 0 0 0 0 0 0 0 0 0 0 0 0 0 0 0 0 0 0 0 0 0 0 0 0 0 0 -9999 -9999 -9999 -9999 -9999 -9999 -9999
-360.802 -360.802 -356.399 -354.611 -351.576 -347.673 -339.441 -328.088 -328.775 -316.896 -307.321 -295.485 -283.101 -270.378 -234.839 -234.839 -203.762 -178.459 -156.34 -147.261 -129.786 -122.722 -108.638 -106.272 -84.2085 -52.0372 -30.3459 -15.7576 5.88561 -38.217 -38.217 -152.207 -201.542 -184.463 -165.338 -155.495 -116.087 -139.09 0 0 0 0 0 0 0 0 0 0 0 0 0 0 0 0 0 0 0 0 0 0 0 0 0 0 0 0 0 0 0 0 0 0 -9999 -9999 -9999 -9999 -9999 -9999 -9999
-369.706 -365.453 -359.413 -359.016 -358.891 -351.84 -343.895 -337.538 -330.429 -319.983 -306.221 -294.532 -290.06 -278.488 -257.442 -228.899 -205.66 -174.193 -146.679 -146.679 -135.685 -125.423 -116.557 -106.272 -79.0705 -52.0372 -48.6485 -28.7602 -12.4332 8.57223 -41.0355 -152.207 -186.902 -186.902 -183.62 -165.338 -176.157 -139.09 -124.363 0 0 0 0 0 0 0 0 0 0 0 0 0 0 0 0 0 0 0 0 0 0 0 0 0 0 0 0 0 0 0 0 0 0 -9999 -9999 -9999 -9999 -9999 -9999
-377.125 -377.125 -371.564 -363.221 -357.167 -355.529 -348.584 -343.394 -347.171 -335.925 -325.044 -307.226 -287.869 -278.733 -278.654 -278.654 -250.108 -201.427 -163.889 -144.368 -130.234 -123.553 -111.335 -111.335 -94.1515 -73.089 -47.0988 -28.2492 -15.7695 -3.23722 7.68433 -38.4605 -138.075 -186.336 -182.143 -191.586 -145.652 -145.652 -139.09 -120.076 0 0 0 0 0 0 0 0 0 0 0 0 0 0 0 0 0 0 0 0 0 0 0 0 0 0 0 0 0 0 0 0 0 0 -9999 -9999 -9999 -9999 -9999
-398.823 -380.98 -371.564 -361.085 -361.085 -358.101 -356.435 -350.478 -347.171 -343.371 -326.946 -306.381 -306.35 -294.344 -282.971 -280.893 -219.848 -190.969 -160.467 -160.467 -141.619 -127.484 -114.264 -105.285 -88.4298 -69.9436 -68.1223 -50.5843 -34.5042 -17.7202 -9.29975 -49.7436 -168.247 -168.247 -188.305 -169.776 -162.057 -148.933 -148.933 -121.754 -47.7742 -47.7742 0 0 0 0 0 0 0 0 0 0 0 0 0 0 0 0 0 0 0 0 0 0 0 0 0 0 0 0 0 0 0 0 -9999 -9999 -9999 -9999 -9999
-394.341 -394.683 -382.35 -371.814 -360.47 -356.409 -353.412 -353.887 -353.887 -354.366 -343.002 -326.672 -306.35 -295.901 -282.971 -257.056 -243.013 -209.289 -185.568 -161.398 -141.619 -127.824 -127.824 -113.142 -99.3342 -87.6632 -68.1223 -49.6753 -34.5042 -20.8579 -20.8579 -0.568861 -117.843 -177.231 -188.305 -175.181 -165.338 -165.338 -182.782 -162.057 -131.446 -78.13 0 0 0 0 0 0 0 0 0 0 0 0 0 0 0 0 0 0 0 0 0 0 0 0 0 0 0 0 0 0 0 0 0 -9999 -9999 -9999 -9999
-406.628 -401.323 -386.917 -372.52 -372.52 -362.053 -357.387 -356.542 -349.816 -349.033 -342.499 -329.424 -329.424 -305.121 -279.441 -251.029 -231.814 -217.207 -183.153 -208.019 -170.2 -153.371 -130.727 -108.585 -94.3227 -86.7057 -86.7057 -76.8632 -57.5672 -48.8674 -34.5193 -55.663 -117.843 -179.72 -198.148 -193.959 -178.462 -171.9 -182.782 -145.551 -131.446 -121.783 0 0 0 0 0 0 0 0 0 0 0 0 0 0 0 0 0 0 0 0 0 0 0 0 0 0 0 0 0 0 0 0 0 -9999 -9999 -9999 -9999
-415.184 -422.682 -406 -394.43 -374.746 -364.197 -358.411 -357.532 -357.532 -358.589 -350.872 -342.034 -328.565 -287.668 -270.349 -268.849 -250.639 -246.876 -240.428 -208.233 -178.7 -157.627 -157.627 -143.643 -120.139 -101.482 -88.4303 -79.6196 -62.8393 -30.8299 -30.8299 -105.01 -142.132 -210.664 -201.429 -194.867 -181.743 -196.123 -183.122 -162.057 -145.652 -126.923 -108.227 0 0 0 0 0 0 0 0 0 0 0 0 0 0 0 0 0 0 0 0 0 0 0 0 0 0 0 0 0 0 0 0 0 -9999 -9999 -9999
-433.889 -422.682 -411.106 -394.43 -396.806 -378.116 -371.733 -362.3 -363.541 -358.589 -351.814 -351.814 -338.831 -318.276 -290.972 -268.849 -256.079 -246.876 -237.635 -224.937 -205.734 -192.723 -170.815 -147.241 -121.556 -107.417 -107.417 -100.34 -68.314 -72.5585 -86.9958 -206.321 -217.316 -227.677 -217.834 -207.991 -198.148 -180.362 -181.723 -158.776 -158.776 -150.671 -142.817 -130.178 0 0 0 0 0 0 0 0 0 0 0 0 0 0 0 0 0 0 0 0 0 0 0 0 0 0 0 0 0 0 0 0 -9999 -9999 -9999
-440.838 -440.838 -427.386 -412.882 -399.137 -384.513 -377.574 -367.872 -371.793 -365.749 -359.972 -353.224 -337.262 -317.696 -302.662 -302.662 -291.884 -266.477 -247.138 -224.937 -210.578 -192.723 -200.28 -178.326 -150.913 -126.886 -115.459 -100.34 -76.7476 -72.5585 -148.733 -185.15 -238.336 -227.677 -221.115 -207.991 -201.429 -201.429 -188.305 -176.658 -157.351 -152.214 -135.67 -117.181 -117.181 -119.404 -112.927 0 0 0 0 0 0 0 0 0 0 0 0 0 0 0 0 0 0 0 0 0 0 0 0 0 0 0 0 0 0 -9999 -9999
-455.284 -442.825 -431.91 -412.857 -415.2 -401.638 -392.045 -381.311 -373.374 -366.83 -357.801 -357.801 -351.591 -337.182 -326.479 -313.874 -300.727 -270.838 -253.814 -253.814 -232.377 -214.78 -202.103 -184.346 -162.966 -132.033 -146.19 -108.322 -106.481 -112.014 -219.272 -238.987 -244.082 -244.082 -234.045 -224.396 -217.834 -197.29 -194.867 -176.658 -185.024 -168.619 -141.155 -131.143 -135.809 -119.404 -105.699 0 0 0 0 0 0 0 0 0 0 0 0 0 0 0 0 0 0 0 0 0 0 0 0 0 0 0 0 0 0 0 -9999
-469.726 -456.381 -446.4 -428.479 -415.2 -402.701 -393.049 -384.642 -390.723 -378.382 -369.365 -359.944 -352.721 -339.609 -331.991 -331.991 -324.841 -306.456 -287.624 -260.233 -226.646 -210.323 -214.331 -202.795 -191.037 -168.277 -132.656 -115.479 -138.81 -138.81 -216.398 -257.675 -253.925 -244.082 -238.851 -227.677 -224.396 -224.396 -205.038 -184.885 -175.181 -164.589 -139.577 -120.802 -155.416 -155.525 -124.772 0 0 0 0 0 0 0 0 0 0 0 0 0 0 0 0 0 0 0 0 0 0 0 0 0 0 0 0 0 0 0 -9999
-471.635 -458.223 -445.48 -428.139 -428.139 -415.804 -405.552 -398.442 -390.723 -380.194 -369.365 -371.533 -360.729 -356.12 -341.232 -337.647 -324.841 -310.961 -287.624 -289.213 -259.6 -236.07 -214.331 -202.453 -191.037 -153.562 -157.02 -140.457 -132.308 -154.381 -211.957 -254.714 -253.925 -253.925 -250.644 -240.801 -234.239 -205.296 -194.867 -192.185 -179.843 -171.386 0 -149.689 -150.301 -165.226 -139.09 0 0 0 -55.7725 0 0 0 0 0 0 0 0 0 0 0 0 0 0 0 0 0 0 0 0 0 0 0 0 0 0 0 0
-483.418 -470.693 -457.794 -449.61 -431.127 -415.594 -404.616 -400.48 -400.48 -393.243 -386.703 -378.707 -364.666 -362.201 -350.646 -356.332 -343.646 -333.135 -313.687 -293.951 -267.003 -245.337 -245.337 -218.624 -200.058 -172.938 -157.02 -140.708 -132.308 -132.14 -153.25 -191.929 -248.116 -260.487 -250.644 -241.953 -234.239 -227.677 -214.553 -202.546 -179.843 -186.349 0 -165.722 -165.722 -142.811 -147.196 -116.237 -117.389 -80.032 -70.9347 -70.9347 -50.503 0 0 -0.412165 0 0 0 0 0 0 0 0 0 0 0 0 0 0 0 0 0 0 0 0 0 0 0
-481.877 -475.393 -464.237 -452.141 -452.141 -437.097 -420.998 -411.21 -402.565 -394.253 -381.446 -386.451 -377.909 -374.563 -368.794 -365.915 -352.453 -339.503 -339.503 -321.134 -298.786 -277.101 -248.354 -220.761 -201.788 -172.538 -172.538 -167.316 -149.218 -130.495 -140.808 -170.154 -240.896 -233.432 -260.487 -244.379 -234.239 -217.834 -204.71 -191.586 -191.586 -200.884 -178.478 -158.776 -162.057 -151.516 -147.196 -148.933 -122.267 -105.446 -89.875 -73.6185 -50.503 25.9502 0 -58.8153 2.63762 0 0 0 0 0 0 0 0 0 0 0 0 0 0 0 0 0 0 0 0 0 0
-490.5 -484.547 -485.19 -471.504 -456.226 -437.097 -423.51 -423.51 -414.311 -403.983 -396.924 -386.451 -381.3 -383.15 -374.687 -386.29 -373.788 -364.711 -344.42 -325.665 -300.137 -280.575 -280.575 -255.209 -225.545 -207.24 -183.766 -169.946 -154.555 -158.421 -147.902 -136.624 -171.951 -229.894 -257.23 -244.082 -244.082 -230.958 -221.115 -223.48 -206.006 -198.709 -181.121 -183.019 -183.019 -178.462 -152.117 -138.094 -119.373 -121.827 -89.875 -99.7289 -87.7519 14.4192 140.889 -87.1622 -59.3283 0 0 0 0 0 0 0 0 0 0 0 0 0 0 0 0 0 0 0 0 0 0
-489.383 -490.269 -484.961 -474.968 -474.843 -458.538 -445.463 -429.729 -415.868 -408.52 -401.394 -401.394 -397.234 -389.933 -391.329 -386.29 -384.697 -364.711 -369.911 -349.286 -328.258 -303.27 -281.903 -255.209 -232.402 -207.24 -213.33 -190.81 -171.292 -158.421 -153.843 -136.624 -166.603 -173.849 -227.952 -247.779 -240.801 -227.677 -221.115 -215.305 -215.305 -204.71 -185.024 -194.867 -182.435 -168.895 -148.933 -168.619 -139.433 -142.371 -119.404 -109.557 -85.7678 -33.7817 198.387 -74.1794 -175.181 -59.6449 0 0 0 0 0 0 0 0 0 0 0 0 0 0 0 0 0 0 0 0 0
-476.37 -482.957 -486.232 -484.081 -473.659 -460.434 -444.847 -444.847 -435.963 -420.354 -412.601 -404.457 -413.1 -399.456 -403.386 -403.386 -402.694 -389.021 -372.497 -350.606 -330.177 -307.265 -313.376 -290.082 -274.516 -240.912 -219.241 -190.276 -181.417 -181.417 -179.064 -162.497 -154.901 -173.849 -226.974 -247.779 -244.343 -237.52 -233.662 -224.396 -220.833 -204.71 -208.122 -194.867 -185.024 -194.867 -178.386 -168.619 -140.699 -142.371 -142.839 -142.839 -94.8098 -82.3491 -97.2582 -201.934 -97.1991 -75.3965 -75.3965 0 0 0 0 0 0 0 0 0 0 0 0 0 0 0 0 0 0 0 0
-462.449 -481.066 -491.002 -481.595 -490.471 -473.955 -462.299 -449.62 -436.085 -425.123 -428.79 -428.79 -444.139 -429.528 -428.899 -414.819 -402.663 -389.873 -390.725 -373.776 -358.062 -335.078 -327.677 -300.996 -283.392 -283.392 -260.545 -225.113 -211.498 -196.318 -198.861 -177.944 -164.501 -164.501 -186.118 -223.786 -239.379 -240.801 -237.52 -227.677 -230.958 -221.115 -215.523 -198.148 -198.148 -188.906 -160.658 -160.658 -148.933 -132.71 -119.404 -109.406 -102.464 -87.8798 -102.169 -114.907 -181.743 -97.7831 0 0 0 0 0 0 0 0 0 0 0 0 0 0 0 0 0 0 0 0 0
-430.614 -452.647 -484.865 -500.031 -490.471 -478.313 -462.299 -471.676 -451.682 -445.755 -433.983 -446.64 -444.139 -441.532 -428.899 -431.16 -414.325 -404.952 -390.725 -378.699 -378.542 -356.048 -382.146 -347.139 -335.616 -299.46 -271.765 -235.351 -225.964 -225.964 -227.235 -203.195 -196.868 -177.688 -190.303 -220.696 -223.504 -244.388 -244.082 -234.239 -227.677 -221.115 -217.834 -213.589 -204.71 -194.867 -181.743 -165.338 -148.933 -139.09 -122.685 -122.685 -129.411 -106.28 -207.991 -211.272 -97.566 -118.883 -80.032 0 0 0 0 0 0 0 0 0 0 0 0 0 0 0 0 0 0 0 0
-415.456 -461.982 -496.803 -505.338 -505.338 -496.944 -486.733 -483.574 -462.175 -454.239 -443.87 -452.866 -457.158 -460.934 -447.659 -433.868 -423.821 -421.118 -421.118 -415.569 -395.422 -398.353 -382.146 -369.298 -335.616 -351.073 -309.058 -281.083 -247.007 -248.617 -227.235 -217.646 -196.868 -214.392 -194.821 -204.084 -223.504 -248.143 -244.082 -234.239 -234.239 -227.677 -221.115 -217.834 -203.627 -194.447 -175.181 -175.181 -176.596 -153.18 -147.719 -132.409 -121.675 -153.907 -214.553 -204.71 -106.133 -90.5726 0 0 0 0 0 0 0 0 61.8744 77.9204 0 0 0 0 0 0 0 0 0 0 0
-310.566 -389.49 -470.103 -511.765 -509.81 -508.925 -492.858 -513.264 -493.59 -496.376 -473.915 -470.739 -466.763 -473.838 -473.838 -467.052 -444.552 -429.804 -428.454 -411.552 -403.671 -400.376 -400.376 -393.842 -378.567 -357.462 -317.067 -287.469 -265.929 -281.886 -268.788 -260.558 -238.189 -231.028 -214.491 -214.162 -214.162 -242.028 -245.632 -240.801 -237.52 -227.677 -221.115 -224.396 -214.553 -204.851 -195.913 -178.462 -176.596 -166.295 -147.719 -145.652 -132.528 -227.677 -214.553 -108.595 -106.133 -101.234 -101.234 0 0 0 0 0 0 0 25.5906 77.0936 0 0 0 0 0 0 0 0 0 0 0
-299.177 -389.49 -478.217 -511.765 -536.598 -532.16 -543.106 -532.728 -507.884 -512.221 -483.693 -493.593 -484.15 -489.638 -486.153 -478.209 -453.258 -428.254 -428.254 -415.492 -406.687 -407.986 -401.238 -399.649 -387.139 -392.814 -364.135 -340.499 -304.234 -296.818 -280.33 -273.089 -251.599 -267.706 -247.872 -229.782 -234.406 -252.981 -250.644 -241.238 -241.238 -230.955 -224.396 -214.553 -207.991 -198.148 -194.867 -194.867 -178.462 -162.057 -152.214 -142.371 -135.809 -148.933 -148.933 -119.404 -116.123 -116.123 -115.129 0 -78.2583 -70.189 -70.189 0 0 1.99301 25.5906 0 0 0 0 0 0 0 0 0 0 0 0
-155.074 -266.383 -354.192 -470.727 -549.954 -562.776 -555.463 -555.463 -532.984 -524.109 -520.132 -493.593 -496.728 -489.638 -497.607 -488.698 -481.556 -458.025 -429.366 -415.492 -410.156 -407.986 -406.184 -402.755 -401.562 -392.814 -370.918 -340.499 -322.022 -335.495 -315.607 -310.089 -292.02 -282.798 -240.583 -246.167 -246.167 -259.162 -253.925 -244.082 -240.801 -227.677 -219.705 -221.115 -211.738 -201.429 -198.148 -185.024 -171.9 -188.206 -152.214 -160.174 -237.52 -139.09 -145.652 -129.247 -125.966 -116.123 -116.123 -109.561 -93.156 -73.47 -63.627 -34.098 -20.4685 -27.536 -3.15057 0 0 0 0 0 0 0 0 0 0 0 0
-105.73 -229.399 -348.754 -348.754 -468.755 -539.341 -539.631 -542.243 -527.732 -534.267 -517.834 -517.834 -507.293 -505.254 -500.793 -492.415 -474.315 -454.313 -451.528 -430.812 -419.185 -412.585 -412.638 -407.57 -408.789 -408.789 -408.718 -387.422 -372.187 -335.495 -329.603 -310.089 -320.249 -302.592 -266.278 -254.049 -262.116 -259.162 -250.644 -244.082 -240.801 -234.239 -224.396 -221.115 -211.272 -201.429 -194.867 -194.867 -253.925 -175.181 -249.455 -239.195 -148.933 -139.09 -139.09 -145.652 -135.809 -129.2 -119.404 -106.718 -93.156 -93.156 -76.751 -65.3769 -43.941 -45.5952 1.06258 0 0 0 0 0 0 0 0 0 0 0 0
42.4427 -81.1138 -211.807 -346.946 -461.038 -522.78 -514.202 -514.202 -498.766 -517.331 -525.635 -521.573 -516.22 -506.42 -512.036 -503.9 -489.429 -472.852 -458.352 -434.438 -426.021 -415.67 -423.058 -416.586 -419.004 -418.39 -417.971 -401.683 -387.028 -387.028 -361.944 -339.759 -329.016 -287.622 -272.5 -266.034 -266.67 -263.503 -250.644 -244.082 -237.52 -227.677 -224.396 -224.396 -258.664 -231.716 -201.429 -188.305 -178.462 -175.181 -165.338 -165.338 -158.776 -152.214 -148.933 -145.652 -139.621 -129.2 -132.528 -122.685 -109.561 -93.156 -76.751 -65.3769 -52.1431 -52.1431 -57.065 -27.536 0 0 0 0 0 0 0 0 0 0 0
42.4427 -69.7542 -211.807 -241.402 -355.348 -429.689 -491.948 -485.926 -498.766 -521.267 -525.635 -530.438 -524.885 -524.146 -512.036 -504.117 -485.673 -466.943 -466.85 -454.961 -445.638 -430.326 -426.903 -421.178 -424.88 -424.88 -432.202 -423.286 -415.838 -390.122 -367.921 -351.02 -335.599 -314.743 -292.754 -274.201 -291.647 -258.808 -250.644 -245.245 -290.016 -288.461 -230.958 -222.373 -217.834 -207.991 -201.429 -201.429 -194.867 -183.783 -178.462 -168.619 -168.619 -162.057 -166.333 -158.776 -148.933 -139.09 -135.809 -122.685 -109.561 -109.561 -96.437 -85.4034 -73.47 -75.9312 -53.2835 -17.693 0 0 0 0 0 0 0 0 0 0 0
126.803 4.63238 -111.119 -268.7 -357.104 -413.195 -460.142 -473.094 -489.928 -532.719 -538.177 -537.232 -529.614 -529.074 -529.074 -513.151 -501.213 -477.798 -466.85 -458.873 -445.638 -453.29 -435.402 -433.52 -428.9 -437.399 -432.202 -428.948 -415.838 -410.73 -385.603 -371.146 -335.599 -318.482 -292.754 -299.864 -273.611 -263.768 -253.925 -263.768 -247.363 -236.999 -230.958 -230.958 -227.677 -217.834 -205.434 -196.833 -196.747 -188.305 -188.428 -180.079 -181.743 -175.181 -170.356 -162.057 -152.214 -145.652 -141.329 -132.528 -119.404 -106.28 -112.842 -99.4018 -86.594 -86.594 -71.0097 -54.1092 0 0 0 0 0 0 0 0 0 0 0
94.6221 -23.9421 -154.244 -196.576 -297.772 -386.419 -426.973 -486.155 -508.531 -545.585 -545.585 -545.578 -543.87 -549.943 -529.555 -516.319 -505.383 -486.829 -486.829 -479.035 -465.053 -457.01 -442.973 -448.703 -441.299 -464.263 -453.867 -444.357 -430.532 -400.738 -384.016 -359.611 -359.611 -345.054 -318.853 -281.945 -273.611 -263.768 -253.925 -250.644 -250.644 -247.363 -237.52 -230.958 -227.677 -214.553 -205.434 -214.553 -207.991 -204.71 -188.428 -185.024 -181.743 -181.743 -181.743 -171.9 -162.057 -152.214 -145.652 -130.634 -132.528 -132.528 -119.404 -116.123 -99.718 -83.313 -89.7386 -73.47 0 0 0 0 0 0 0 0 0 0 0
176.533 103.679 -60.9634 -212.11 -318.225 -379.144 -436.302 -445.511 -485.591 -511.46 -533.123 -553.293 -550.711 -559.377 -559.377 -542.929 -517.883 -518.198 -498.003 -486.965 -474.834 -485.003 -472.744 -483.869 -473.804 -478.628 -461.138 -442.218 -422.512 -408.88 -393.716 -383.661 -361.078 -334.276 -298.851 -276.892 -276.892 -270.33 -260.487 -260.487 -253.925 -244.082 -240.801 -240.801 -234.239 -229.558 -221.115 -218.999 -213.505 -204.71 -204.71 -198.148 -189.937 -188.305 -178.462 -175.181 -165.338 -158.776 -158.776 -153.284 -139.09 -135.809 -119.404 -112.842 -99.718 -109.561 -99.718 -96.437 -78.7637 0 0 97.9114 97.9114 -31.0764 -12.2987 0 0 0 0
121.7 75.6879 -73.9233 -73.9233 -225.071 -324.814 -391.342 -445.511 -488.85 -511.46 -516.473 -535.822 -567.698 -565.507 -567.518 -542.929 -517.456 -518.198 -518.506 -502.744 -494.864 -485.003 -492.782 -493.054 -491.737 -494.079 -477.377 -455.295 -432.54 -411.344 -394.727 -374.694 -374.694 -363.405 -329.152 -296.561 -274.304 -270.7 -266.668 -267.049 -260.487 -253.925 -247.363 -240.801 -239.62 -237.52 -227.677 -227.677 -224.396 -214.553 -199.603 -198.148 -194.867 -194.867 -194.867 -185.024 -178.462 -174.611 -162.388 -155.495 -152.214 -152.214 -135.809 -132.528 -119.404 -109.685 -99.718 -96.437 -96.437 -72.6262 65.0159 -53.784 -40.66 -17.693 15.9887 0 0 0 0
0 192.957 76.6182 -96.8434 -255.848 -353.639 -429.925 -429.925 -507.086 -502.067 -547.435 -556.659 -565.694 -566.73 -571.406 -559.933 -536.75 -523.77 -520.309 -509.268 -508.912 -508.912 -512.833 -501.883 -505.553 -494.079 -487.969 -455.295 -460.854 -428.475 -411.942 -397.2 -378.309 -363.405 -334.338 -296.561 -306.124 -276.701 -276.166 -267.049 -260.487 -253.925 -247.09 -247.363 -244.082 -244.082 -237.52 -234.239 -227.677 -224.396 -224.396 -214.553 -211.272 -204.71 -194.867 -191.586 -181.743 -178.462 -171.9 -168.619 -158.776 -148.933 -128.337 -125.966 -122.685 -122.685 -109.561 -101.59 -93.156 -86.594 -70.189 -70.189 -70.189 2.08264 0 0 67.3071 0 0
0 231.127 4.54721 4.54721 -128.556 -262.911 -385.189 -480.769 -578.695 -576.469 -629.759 -596.979 -590.599 -583.128 -576.622 -550.923 -536.092 -524.683 -535.683 -530.322 -534.203 -521.942 -521.671 -513.521 -519.106 -519.106 -525.6 -502.026 -469.045 -435.399 -419.178 -399.077 -406.039 -382.962 -363.742 -341.354 -317.06 -293.886 -283.057 -283.057 -274.591 -260.536 -250.644 -247.363 -247.363 -244.082 -237.52 -237.52 -230.958 -224.396 -221.115 -214.553 -211.272 -204.71 -204.71 -198.148 -188.305 -178.462 -171.9 -168.619 -158.776 -158.776 -148.933 -139.09 -132.528 -119.404 -112.842 -112.842 -112.842 -119.404 -102.999 -89.875 -36.9683 0 0 5.27399 5.27399 0 0
