gis_data/PP1766_DIS_Layer10_Top_ASCII.txt
ncols         308
nrows         431
xllcorner     -321143.35392317
yllcorner     1277883.4776336
cellsize      1609.334
NODATA_value  -9999
[rows 280 to 314 of 431, columns 158 to 236 of 308]
0 0 -704.04 -894.827 -1028.56 -1160.76 -1285.19 -1303.23 -1410.64 -1516.77 -1555.87 -1528.04 -1500.23 -1497.9 -1492.33 -1477.32 -1484.99 -1461.98 -1451.2 -1437.75 -1434.55 -1434.55 -1431.96 -1427.12 -1428.67 -1428.36 -1426.19 -1406.23 -1414.45 -1389.4 -1370.58 -1329.36 -1319.88 -1289.92 -1260.91 -1235.53 -1239.45 -1222.39 -1215.43 -1196.53 -1189.58 -1161.94 -1154.5 -1154.5 -1153.93 -1150.64 -1144.08 -1137.52 -1134.24 -1127.68 -1130.96 -1126.87 -1104.71 -1111.27 -1107.99 -1098.15 -1091.59 -1091.59 -1085.02 -1078.46 -1068.62 -1058.78 -1048.93 -1045.65 -1032.53 -1032.53 -1025.97 -1012.84 -1035.81 -1019.4 -1008.23 -989.875 -1002.64 0 -740.611 -881.602 0 0 0
0 0 -736.72 -799.226 -917.215 -1086.84 -1211.58 -1349.87 -1447.43 -1536.42 -1536.42 -1562.67 -1546.49 -1516.29 -1492.33 -1494.95 -1484.99 -1504.19 -1482.16 -1459.67 -1448.03 -1444.4 -1431.96 -1433.15 -1428.67 -1443 -1437.5 -1428.3 -1414.45 -1405.9 -1390.51 -1353.68 -1369.51 -1325.59 -1287.48 -1261.73 -1239.2 -1224.37 -1220.18 -1220.18 -1235.71 -1208.03 -1184.21 -1161.83 -1157.21 -1150.64 -1150.64 -1147.36 -1144.08 -1133.99 -1130.96 -1124.4 -1121.11 -1114.55 -1114.55 -1107.99 -1101.43 -1094.87 -1085.02 -1078.46 -1068.62 -1068.62 -1058.78 -1048.93 -1039.09 -1032.06 -1029.25 -1048.93 -1052.76 -1039.09 -1029.25 -1012.84 -999.664 -919.991 -957.188 -957.188 -943.941 -904.569 0
0 0 0 -864.886 -962.652 -1141.23 -1264.2 -1279.76 -1383.66 -1506.58 -1555.1 -1568.59 -1555.39 -1547.84 -1547.84 -1553.8 -1519.41 -1503.29 -1478.72 -1467.82 -1458.06 -1470.47 -1452.73 -1456.26 -1448.53 -1462.37 -1445.65 -1444.54 -1444.54 -1448.22 -1426.65 -1407.93 -1369.51 -1320.38 -1287.48 -1266.65 -1266.65 -1247.76 -1229.23 -1234.6 -1235.71 -1231.76 -1184.21 -1205.78 -1164.45 -1157.21 -1150.64 -1150.64 -1144.08 -1137.52 -1137.52 -1130.96 -1127.68 -1121.11 -1105.89 -1104.71 -1094.87 -1094.87 -1088.31 -1081.74 -1071.9 -1065.34 -1055.49 -1048.37 -1045.65 -1045.65 -1035.81 -1058.78 -1055.49 -1042.37 -1035.81 -1022.68 -1035.81 0 -980.032 -966.3 0 -896.293 0
0 0 -549.753 -595.544 -862.017 -1047.37 -1184.96 -1324.07 -1412.49 -1522.87 -1522.87 -1573.52 -1594.72 -1605.78 -1584.14 -1563.42 -1527.99 -1535.45 -1507.69 -1494.35 -1479.36 -1500.41 -1472.35 -1479.79 -1476.14 -1497.3 -1478.74 -1487.56 -1468.79 -1464.16 -1440.83 -1406.05 -1406.05 -1364.71 -1326.07 -1330.01 -1286.87 -1276.28 -1243.96 -1291.92 -1266.3 -1284.81 -1265.82 -1232.46 -1171.95 -1161.96 -1161.96 -1153.93 -1150.64 -1144.08 -1137.52 -1130.96 -1127.68 -1118.28 -1118.28 -1111.27 -1104.71 -1098.15 -1088.31 -1075.3 -1071.9 -1065.34 -1062.06 -1058.78 -1052.21 -1048.2 -1035.81 -1066.12 -1066.12 -1058.78 -1042.37 -1039.09 -1006.28 -982.138 -983.313 -983.313 -980.032 -947.222 -938.697
0 0 0 -595.544 -897.896 -1047.37 -1101.59 -1227.28 -1370.18 -1466.46 -1538.04 -1573.52 -1613.53 -1605.78 -1616.21 -1602.92 -1575.25 -1556.83 -1517.74 -1514.09 -1506.17 -1492.29 -1486.87 -1495.06 -1500.98 -1517.63 -1500.16 -1507.53 -1507.53 -1491.52 -1466.48 -1435.25 -1402.13 -1377.3 -1352.04 -1408.4 -1362.27 -1369.6 -1332.87 -1339.17 -1304.38 -1309.68 -1292.9 -1314.71 -1258.42 -1197.17 -1163.44 -1156.05 -1150.64 -1144.08 -1144.08 -1137.52 -1130.96 -1124.13 -1117.83 -1107.99 -1101.43 -1098.15 -1094.87 -1085.02 -1078.46 -1071.9 -1059.68 -1058.78 -1058.78 -1052.21 -1045.65 -1078.46 -1065.34 -1071.9 -1055.42 -1019.4 -1019.4 -1012.84 -998.495 -993.156 -980.032 -688.253 -938.697
0 0 0 0 -691.667 -958.181 -1143.24 -1253.78 -1382.52 -1487.85 -1503.78 -1554.76 -1605.68 -1611.23 -1609.65 -1596.46 -1596.83 -1596.83 -1574.85 -1535.71 -1508.11 -1492.29 -1489.37 -1495.06 -1529.14 -1529.14 -1535.2 -1527.87 -1522.85 -1491.52 -1465.89 -1435.25 -1440.58 -1408.62 -1430.84 -1408.4 -1401.31 -1369.6 -1384.15 -1410.95 -1371.14 -1355.77 -1323.17 -1319.55 -1275.58 -1203.46 -1203.46 -1166.36 -1157.21 -1147.36 -1140.8 -1134.24 -1127.68 -1121.11 -1121.11 -1111.27 -1104.73 -1098.15 -1093.46 -1085.02 -1075.18 -1078.46 -1068.62 -1062.06 -1055.49 -1052.21 -1045.65 -1043.22 -1043.22 -1078.46 -1076.06 -1029.71 -1020.16 -1016.12 -1006.28 -1019.4 -1003 -983.313 -968.135
0 0 0 0 -756.725 -989.47 -954.431 -1143.65 -1270.57 -1396.92 -1501.87 -1574.01 -1593.1 -1601.65 -1602.03 -1599.6 -1592.74 -1602.24 -1579.35 -1543.65 -1496.36 -1496.36 -1485.43 -1500.01 -1546.48 -1543.82 -1535.01 -1529.97 -1525.24 -1524.97 -1506.72 -1468.11 -1452.29 -1438.41 -1475.32 -1475.32 -1461.53 -1440.25 -1440.65 -1410.95 -1388.91 -1355.77 -1335.39 -1335.39 -1323.21 -1289.51 -1215.55 -1166.36 -1150.97 -1147.36 -1147.36 -1137.52 -1131.57 -1127.68 -1117.83 -1111.27 -1104.71 -1104.71 -1098.15 -1091.59 -1084.15 -1075.18 -1068.62 -1065.34 -1065.34 -1058.78 -1048.93 -1048.93 -1045.65 -1039.09 -1091.8 -1034.92 -1034.92 -1025.97 -1022.68 -1015 -1003 -983.313 -973.47
0 0 0 0 0 -841.965 -816.703 -1083.08 -1272.57 -1397.35 -1429.06 -1533.05 -1588.21 -1587.88 -1584.43 -1576.91 -1584.18 -1584.18 -1572.39 -1562.75 -1509.73 -1490.54 -1487.15 -1518.2 -1542.76 -1559.55 -1539.69 -1529.25 -1519.17 -1520.38 -1498.64 -1473.36 -1480.2 -1468.38 -1485.36 -1481.4 -1472.3 -1457.97 -1449.92 -1449.92 -1432.2 -1401.99 -1375.35 -1344.47 -1317.53 -1284.71 -1285.92 -1227.45 -1168.67 -1150.64 -1144.08 -1137.52 -1129.18 -1129.18 -1124.4 -1114.55 -1114.55 -1103.92 -1098.15 -1091.59 -1085.02 -1085.02 -1075.18 -1068.62 -1065.34 -1058.78 -1055.49 -1048.93 -1052.21 -1045.65 -1045.65 -1039.09 -1039.09 -1025.97 -1029.25 -1029.25 -1016.12 -1002.65 -989.875
0 0 0 0 0 -518.607 -518.607 -770.988 -1042.45 -1270.28 -1429.06 -1548.95 -1588.21 -1598.42 -1589.33 -1572.35 -1562.87 -1556.91 -1572.39 -1551.08 -1509.73 -1510.71 -1495.54 -1508.99 -1542.76 -1560.27 -1543.07 -1525.08 -1535.46 -1518.33 -1516.22 -1500.31 -1488.78 -1479.59 -1485.54 -1485.54 -1482.15 -1477.2 -1479.66 -1458.06 -1434.49 -1405.68 -1373.13 -1373.13 -1331.9 -1305.82 -1279.31 -1235.3 -1175.09 -1147.73 -1149.41 -1144.08 -1137.52 -1130.96 -1124.4 -1117.83 -1114.55 -1114.55 -1104.71 -1098.15 -1094.87 -1085.02 -1075.18 -1068.62 -1075.18 -1068.62 -1058.78 -1058.78 -1058.78 -1049.88 -1071.25 -1044.99 -1048.93 -1043.5 -1042.37 -1029.25 -1019.4 -1006.28 -989.875
0 0 0 0 0 -259.617 -418.493 -857.563 -1083.18 -1282.33 -1282.33 -1448.11 -1551.17 -1581.26 -1585.39 -1575.28 -1551.77 -1543.66 -1537.12 -1537.19 -1525.66 -1518.11 -1510.49 -1519.09 -1519.09 -1552.72 -1557.68 -1556.77 -1535.46 -1541.95 -1516.22 -1506.16 -1506.16 -1499.37 -1487.24 -1487.84 -1482.15 -1489.75 -1479.66 -1483.45 -1464.11 -1435.45 -1404.55 -1363.9 -1331.9 -1299.7 -1295.29 -1274.41 -1245.75 -1182.09 -1147.36 -1142.02 -1137.52 -1137.52 -1127.68 -1124.4 -1117.83 -1111.27 -1104.71 -1098.15 -1091.59 -1091.59 -1085.02 -1078.46 -1075.18 -1070.83 -1065.34 -1062.06 -1065.34 -1058.78 -1058.78 -1052.21 -1055.49 -1052.21 -1042.37 -1042.37 -1032.53 0 -996.437
0 0 0 0 0 0 0 -236.251 -636.384 -1100.55 -1302.55 -1450.77 -1562.71 -1530.16 -1544.07 -1527.93 -1566.6 -1527.16 -1518.56 -1519.14 -1515.59 -1512.99 -1508.07 -1506.37 -1523.33 -1544.53 -1556.01 -1578.49 -1578.49 -1586.88 -1563.96 -1540.1 -1509.82 -1505.38 -1495.14 -1503.91 -1501.22 -1508.27 -1497.79 -1481.65 -1459.76 -1427.7 -1427.7 -1369.72 -1341.16 -1309.4 -1295.29 -1277.99 -1245.75 -1180.78 -1180.78 -1150.16 -1144.08 -1137.52 -1127.68 -1124.4 -1117.83 -1125.65 -1111.27 -1111.22 -1094.87 -1091.7 -1085.02 -1081.74 -1081.74 -1087.85 -1068.62 -1073.45 -1071.9 -1071.9 -1100.22 -1100.22 -1065.34 -1059.25 -1055.49 -1045.65 0 0 -999.718
0 0 0 0 0 0 0 -236.251 -446.061 -1100.55 -609.044 -1276.21 -1397.26 -1454.35 -1484.06 -1509.37 -1543.3 -1574.03 -1547.9 -1565.4 -1528.34 -1502.36 -1496.53 -1496.79 -1496.79 -1518.95 -1541.23 -1562.44 -1583.31 -1584.88 -1568.8 -1557.64 -1553.73 -1542.44 -1515.65 -1515.49 -1515.52 -1515.44 -1501.28 -1502.23 -1478.4 -1450.18 -1416.29 -1352.32 -1323.84 -1309.02 -1309.02 -1302.32 -1281.1 -1262.44 -1192.76 -1146.72 -1140.8 -1142.92 -1134.24 -1127.68 -1124.4 -1115.66 -1114.55 -1110.49 -1110.49 -1101.43 -1094.87 -1091.59 -1085.02 -1075.18 -1077.56 -1076.72 -1076.72 -1076.08 -1070.51 -1068.62 -1065.34 -1062.06 -1055.49 -1058.78 -1052.21 0 -1016.12
0 0 0 0 0 0 0 0 0 -290.362 -414.471 -1214.4 -1344.78 -1344.78 -1383.31 -1449.59 -1532.1 -1574.03 -1602.96 -1565.4 -1517.45 -1517.45 -1478.7 -1484.14 -1500.65 -1518.95 -1544.81 -1562.44 -1550 -1569.43 -1568.86 -1557.64 -1555.22 -1551.07 -1523.82 -1514.56 -1513.1 -1512.32 -1514.38 -1482.01 -1471.84 -1441.95 -1441.95 -1367.17 -1335.55 -1329.93 -1319.29 -1311.63 -1292.08 -1267.69 -1267.69 -1199.13 -1154.63 -1137.46 -1134.24 -1132.72 -1138.24 -1120.25 -1116.09 -1112.12 -1107.99 -1107.68 -1097.07 -1094.87 -1094.87 -1090.74 -1085.02 -1085.02 -1078.46 -1102.44 -1071.9 -1078.46 -1071.9 -1075.18 -1065.34 -1058.78 -1048.93 -1032.53 -1022.68
0 0 0 0 0 0 0 0 0 0 0 -289.742 -630.85 -1087.18 -1370.43 -1480.38 -1551.45 -1551.45 -1576.4 -1586.13 -1538.63 -1488.03 -1487.17 -1491.69 -1527.07 -1512.5 -1517.82 -1541.21 -1541.77 -1557.82 -1562.96 -1562.96 -1561.89 -1556.57 -1532.42 -1514.56 -1499.72 -1512.32 -1496.14 -1496.14 -1478.68 -1470.28 -1428.78 -1367.17 -1338.14 -1329.93 -1357.86 -1336.17 -1321.82 -1297.54 -1266.33 -1199.13 -1155.16 -1155.16 -1131.62 -1120.77 -1119.63 -1101.58 -1106.95 -1095.64 -1095.64 -1092.5 -1104.57 -1094.44 -1094.87 -1091.59 -1091.59 -1088.31 -1088.31 -1094.87 -1081.74 -1081.74 -1078.46 -1078.46 -1071.9 -1071.36 -1058.78 -1052.21 -1042.47
0 0 0 0 0 0 0 0 0 0 0 0 -398.747 -398.747 -925.411 -1331.58 -1402.92 -1515.94 -1520.02 -1571.21 -1561.52 -1537.04 -1511.52 -1530.52 -1551.45 -1529.04 -1523.5 -1534.13 -1535.73 -1545.36 -1561.53 -1566.16 -1552.93 -1545.07 -1510.32 -1510.32 -1494.05 -1493.99 -1503.05 -1491.29 -1485.97 -1473.6 -1473.89 -1429.7 -1392.4 -1366.58 -1387.21 -1353.51 -1322.21 -1322.21 -1273.22 -1239.81 -1178.63 -1149.13 -1126.2 -1120.77 -1101.65 -1101.65 -1083.27 -1081.8 -1076.67 -1092.5 -1098.95 -1094.44 -1112.21 -1104.03 -1098.15 -1094.87 -1091.59 -1094.87 -1085.02 -1085.02 -1085.02 -1081.74 -1081.74 -1071.9 -1062.06 -1058.78 -1058.78
0 0 0 0 0 0 0 0 0 0 0 0 0 -322.118 -925.411 -1263.23 -1402.92 -1383.81 -1470.67 -1502.83 -1525.57 -1524.83 -1467.46 -1518.5 -1500.35 -1547.37 -1545.23 -1524.36 -1536.85 -1551.25 -1547.14 -1547.14 -1539.92 -1525.35 -1500.08 -1499.91 -1497.17 -1499.12 -1509.45 -1509.45 -1504.14 -1499.28 -1470.16 -1447.74 -1418.14 -1405.31 -1413.17 -1395.25 -1353.37 -1314.11 -1250.73 -1212.96 -1169.42 -1169.42 -1154.88 -1123.4 -1106.03 -1090.15 -1073.93 -1070.5 -1079.43 -1067.79 -1071.32 -1095.78 -1096.56 -1104.71 -1104.71 -1098.15 -1114.55 -1101.43 -1094.87 -1088.31 -1088.31 -1088.31 -1081.74 -1081.74 -1078.46 -1068.62 -1065.34
0 0 0 0 0 0 0 0 0 0 0 0 0 0 -268.828 -513.417 -1234.77 -1393.77 -1437.79 -1495.92 -1495.92 -1474.47 -1446.53 -1424.61 -1500.35 -1536.9 -1545.23 -1518.38 -1518.38 -1534.77 -1542.7 -1525.54 -1539.92 -1501.05 -1500.08 -1494.52 -1494.4 -1512.22 -1519.29 -1519.9 -1504.14 -1489.53 -1491.97 -1464.7 -1440.09 -1422.59 -1413.39 -1389.96 -1346.21 -1346.21 -1272.84 -1228.27 -1196.56 -1173.27 -1151.27 -1133.09 -1113.04 -1113.04 -1099.19 -1085.56 -1086.26 -1067.19 -1067.61 -1083.57 -1071.41 -1094.45 -1106.01 -1117.67 -1101.43 -1098.15 -1098.15 -1098.15 -1098.15 -1094.87 -1094.87 -1085.02 -1085.02 -1075.18 -1078.46
0 0 0 0 0 0 0 0 0 0 0 0 0 0 -230.939 -547.043 -1168.7 -1166.76 -1347.38 -1410.38 -1470.14 -1402.95 -1381.88 -1393.39 -1393.39 -1446.18 -1495.28 -1516.63 -1525.47 -1526.27 -1525.86 -1504.98 -1517.37 -1518.38 -1517.54 -1497.66 -1496.85 -1544.86 -1544.86 -1535.26 -1512.73 -1513.14 -1491.97 -1460.11 -1440.09 -1422.95 -1422.95 -1406.31 -1380.02 -1336.97 -1272.84 -1221.82 -1196.56 -1202.47 -1174.69 -1155.01 -1132.85 -1119.61 -1099.19 -1102.48 -1102.48 -1094.02 -1083.84 -1066.93 -1067.61 -1096.15 -1095.04 -1095.04 -1103.55 -1107.99 -1107.99 -1104.71 -1104.71 -1098.15 -1098.15 -1098.15 -1098.15 -1088.31 -1081.74
0 0 0 0 0 0 0 0 0 0 0 0 0 0 0 0 -618.7 -1194.74 -1341.21 -1383.56 -1383.56 -1332.56 -1351.81 -1368.66 -1389.26 -1447.24 -1494.32 -1535.02 -1535.02 -1520.91 -1520.07 -1486.36 -1487.9 -1490.81 -1502.47 -1500.53 -1499.36 -1508.72 -1540.03 -1504.8 -1509 -1515.21 -1515.21 -1493.34 -1440.05 -1415.88 -1410.28 -1403.08 -1380.17 -1375.44 -1339.87 -1296.15 -1241.05 -1206.47 -1179.37 -1163.09 -1143.51 -1162.71 -1142.51 -1135.2 -1110.77 -1099.37 -1083.84 -1070.84 -1070.84 -1062.75 -1078.61 -1081 -1103.55 -1105.43 -1107.99 -1113.99 -1104.71 -1107.99 -1101.43 -1101.43 -1098.15 -1088.31 -1088.31
0 0 0 0 0 0 0 0 0 0 0 0 0 0 0 0 -719.365 -719.365 -1122.51 -1341.31 -1324.98 -1332.56 -1341.89 -1368.66 -1370.96 -1389.03 -1447.16 -1508.31 -1527.74 -1570.09 -1539.77 -1512.35 -1474.31 -1466.37 -1474.9 -1520.92 -1513.49 -1503.33 -1503.33 -1499.81 -1502.32 -1497.14 -1503.73 -1467.66 -1419.1 -1406.67 -1406.67 -1398.03 -1394.65 -1370.89 -1348.75 -1311.56 -1254.92 -1269.64 -1218.66 -1208.16 -1180.05 -1183.15 -1158.89 -1144.24 -1144.24 -1129.66 -1110.82 -1095.49 -1076.1 -1063.88 -1061.8 -1053.86 -1065.22 -1058.14 -1092.66 -1100.59 -1109.31 -1111.27 -1107.99 -1110.72 -1104.71 -1098.15 -1088.31
0 0 0 0 0 0 0 0 0 0 0 0 0 0 0 0 -283.774 -733.484 -1123.39 -1304.91 -1258.14 -1283.56 -1302.42 -1333.42 -1373.61 -1395.36 -1445.9 -1445.9 -1475.46 -1521.97 -1548.24 -1512.35 -1469.28 -1466.37 -1490.5 -1490.5 -1515.82 -1509.88 -1505.07 -1499.81 -1496.28 -1497.14 -1482.32 -1478.35 -1443.08 -1409.64 -1400.63 -1398.03 -1384.19 -1371.37 -1360.62 -1345.3 -1317.62 -1281.12 -1239.49 -1225.92 -1225.92 -1214.58 -1192.32 -1182.04 -1154.19 -1140.9 -1117.73 -1103.04 -1103.04 -1084.8 -1064.88 -1052.91 -1048.05 -1037.77 -1067.46 -1041.22 -1068.65 -1074.95 -1102.22 -1108.81 -1104.71 -1094.87 -1094.87
0 0 0 0 0 0 0 0 0 0 0 0 0 0 0 0 0 -377.717 -802.904 -1113.7 -1270.64 -1328.74 -1304.91 -1350.35 -1415.5 -1380.13 -1363.61 -1435.14 -1482.09 -1518.19 -1511.47 -1511.47 -1473.26 -1466.57 -1490.01 -1507.03 -1517.89 -1515.06 -1529.02 -1514.79 -1495.99 -1489.25 -1474.38 -1465.11 -1431.44 -1406.7 -1402.62 -1395.75 -1381.54 -1371.37 -1354.02 -1345.3 -1319.81 -1319.81 -1295.97 -1255.71 -1245.62 -1214.58 -1209.94 -1182.04 -1195.28 -1164.82 -1150.54 -1123.39 -1107.52 -1084.8 -1074.72 -1074.72 -1067.26 -1057.23 -1032.99 -1025.15 -1039.01 -1028.52 -1073.57 -1034.41 -1075.54 -1082.19 -1090.81
0 0 0 0 0 0 0 0 0 0 0 0 0 0 0 0 0 -483.085 -787.132 -1101.86 -1043.2 -1173.57 -1272.91 -1363.23 -1512.28 -1400.87 -1396.57 -1396.57 -1493.11 -1523.29 -1571.12 -1530.21 -1517.77 -1494.44 -1518.91 -1518.91 -1521.7 -1525.27 -1536.34 -1516.57 -1493.48 -1483.72 -1480.56 -1465.38 -1444.65 -1425.34 -1395.92 -1386.95 -1370.38 -1370.38 -1361.87 -1356.65 -1354.08 -1328.48 -1309.42 -1276 -1296.38 -1264.09 -1255.39 -1224.25 -1204.22 -1175.62 -1160.61 -1134.22 -1137.56 -1111.3 -1103.62 -1082.8 -1073.74 -1057.23 -1046.25 -1046.25 -1021.93 -1019.34 -1004.74 -1034.41 -1039.94 -1082.19 -1054.67
0 0 0 0 0 0 0 0 0 0 0 0 0 0 0 0 0 0 -727.281 -785.165 -1043.2 -1117.48 -1272.91 -1482.45 -1482.45 -1529.02 -1436.79 -1450.79 -1493.11 -1561.41 -1571.12 -1589.85 -1579.59 -1567.07 -1521.8 -1514.77 -1544.58 -1542.08 -1568.06 -1532.85 -1511.27 -1493.07 -1475.23 -1457.85 -1435.83 -1435.83 -1402.66 -1392.21 -1376.16 -1369.1 -1368.17 -1361.71 -1369.11 -1369.11 -1363.68 -1331.28 -1321.53 -1289.53 -1270.8 -1238.45 -1246.5 -1212.44 -1189.37 -1164.21 -1145.14 -1123.71 -1112.7 -1112.7 -1100.38 -1083.76 -1068.89 -1049.78 -1032.14 -1021.91 -1020.61 -1001.05 -990.852 -1011.49 -1027.36
0 0 0 0 0 0 0 0 0 0 0 0 0 0 0 0 0 0 -539.852 -592.604 -592.604 -988.354 -1169.75 -1375.9 -1528.4 -1525.18 -1464.13 -1490.38 -1475.92 -1498.23 -1552.53 -1603.67 -1624.97 -1597.27 -1597.27 -1587.5 -1564.17 -1587.94 -1568.06 -1537.95 -1511.27 -1501.31 -1501.31 -1477 -1454.07 -1436.08 -1402.66 -1384.83 -1376.16 -1374.67 -1364.68 -1383.21 -1386.2 -1393.5 -1363.68 -1357.14 -1372.88 -1340.58 -1314.13 -1277.71 -1251.47 -1216.47 -1195.31 -1195.31 -1172.95 -1153.8 -1145.78 -1123.06 -1109.78 -1090.24 -1066.94 -1066.94 -1049.97 -1032.96 -1021.67 -1010.86 -1000.62 -990.219 -983.255
0 0 0 0 0 0 0 0 0 0 0 0 0 0 0 0 0 0 0 0 -671.077 -943.188 -1156.29 -1314.72 -1314.72 -1450.33 -1487.7 -1535.49 -1493.53 -1480.29 -1523.37 -1485.87 -1582.34 -1631.01 -1634.11 -1636.03 -1612.89 -1613.07 -1613.07 -1592.93 -1548.29 -1544.48 -1514.11 -1490.81 -1459.78 -1469.34 -1448.53 -1424.08 -1384.26 -1375.59 -1379.69 -1399.74 -1406.87 -1410.81 -1397.97 -1383.06 -1372.88 -1344.8 -1314.13 -1282.16 -1282.16 -1254.48 -1222.19 -1195.27 -1172.95 -1165.68 -1145.78 -1157.89 -1136.93 -1117.65 -1092.15 -1069.73 -1049.97 -1031.32 -1031.32 -1022 -1009.98 -997.403 -975.896
0 0 0 0 0 0 0 0 0 0 0 0 0 0 0 0 0 0 0 0 0 -652.375 -657.919 -1036.88 -1208.96 -1428.94 -1545.67 -1579.37 -1565.02 -1482.79 -1427.38 -1473.03 -1568.46 -1614.67 -1614.67 -1622.66 -1645.64 -1644.29 -1632.06 -1612.9 -1574.43 -1554.94 -1554.94 -1543.95 -1502.81 -1481.11 -1460.87 -1464.86 -1389.07 -1409.63 -1377.91 -1385 -1411.27 -1405.54 -1400.07 -1385.16 -1385.16 -1365.14 -1342.89 -1319.98 -1287.24 -1249.28 -1223 -1227.11 -1205.48 -1194.9 -1176.83 -1168.22 -1145.16 -1119.04 -1097.25 -1096.36 -1073.52 -1056.53 -1036.56 -1026.49 -1011.34 -999.824 -999.824
0 0 0 0 0 0 0 0 0 0 0 0 0 0 0 0 0 0 0 0 0 0 -716.408 -716.408 -883.295 -1187.52 -1471.64 -1579.37 -1579.1 -1482.79 -1417.14 -1417.14 -1500.68 -1575.24 -1608 -1622.66 -1640.62 -1644.29 -1644.85 -1641.82 -1619.5 -1590.11 -1579.26 -1565.77 -1519.35 -1528.52 -1498.78 -1537.32 -1521.07 -1416.91 -1377.99 -1385.02 -1385.02 -1394.71 -1393.35 -1387.78 -1379.42 -1365.47 -1345.19 -1327.31 -1327.31 -1282.87 -1256.08 -1231.48 -1214.54 -1201.5 -1185.92 -1193.68 -1172.11 -1136.88 -1114.9 -1094.85 -1073.49 -1058.93 -1058.93 -1041.93 -1027.31 -1014.38 -1000.33
0 0 0 0 0 0 0 0 0 0 0 0 0 0 0 0 0 0 0 0 0 0 0 -515.009 -958.874 -1269.43 -1502.56 -1502.56 -1555.41 -1565.21 -1513.91 -1462.19 -1530.39 -1585.2 -1565.25 -1600.1 -1629.94 -1635.46 -1636.25 -1642.82 -1623.84 -1612.07 -1626.51 -1604.67 -1563.25 -1528.52 -1506.84 -1537.32 -1499.48 -1499.48 -1437.35 -1394.12 -1394.6 -1394.71 -1393.18 -1387.78 -1394.35 -1383.14 -1365.84 -1344.28 -1317.38 -1282.87 -1253.02 -1253.02 -1241.69 -1229.81 -1208.97 -1199.85 -1170.97 -1139.67 -1114.89 -1117.5 -1094.52 -1077.19 -1060.15 -1042.1 -1026.87 -1010.37 -1010.37
0 0 0 0 0 0 0 0 0 0 0 0 0 0 0 0 0 0 0 0 0 0 0 0 0 -799.441 -1374.11 -1498.4 -1519.93 -1533.08 -1497.23 -1497.23 -1503.49 -1531.48 -1556.65 -1593.54 -1611.05 -1615.97 -1603.96 -1630.17 -1633.06 -1623.51 -1597.13 -1588.63 -1545.15 -1545.15 -1538.15 -1515.51 -1514.16 -1483.7 -1462.68 -1419.87 -1427.15 -1399.93 -1400.91 -1398.9 -1403.08 -1382.82 -1353.22 -1340.68 -1337.34 -1310.06 -1282.73 -1262.29 -1245.62 -1229.81 -1214.32 -1214.32 -1190.74 -1168.67 -1141.59 -1117.5 -1098.46 -1077.19 -1080.48 -1061.22 -1042.54 -1026.98 -1013.18
0 0 0 0 0 0 0 0 0 0 0 0 0 0 0 0 0 0 0 0 0 0 0 0 0 0 -1374.11 -1354.31 -1447.34 -1522.77 -1512.34 -1500.71 -1501.02 -1528.24 -1525.73 -1558.24 -1590.58 -1596.79 -1609.35 -1630.84 -1618.36 -1618.36 -1601.42 -1578.66 -1563.14 -1554.59 -1549.7 -1519.28 -1505.47 -1505.47 -1487.27 -1471.04 -1423.81 -1404.71 -1414.65 -1422.98 -1445.85 -1417.03 -1374.95 -1354 -1337.76 -1310.01 -1291.31 -1291.31 -1265.7 -1248.33 -1232.8 -1213.18 -1189.97 -1169.65 -1168.43 -1144.34 -1122.77 -1101.19 -1079.17 -1059.03 -1041.9 -1025.93 -1026.27
0 0 0 0 0 0 0 0 0 0 0 0 0 0 0 0 0 0 0 0 0 0 0 0 0 0 0 -1376.76 -1457.83 -1499.71 -1512.34 -1501 -1498.76 -1475.16 -1525.73 -1559.61 -1590.58 -1595.76 -1595.76 -1620.58 -1621.4 -1598.55 -1601.42 -1577.33 -1563.14 -1573.43 -1568.85 -1546.14 -1512.49 -1505.35 -1487.27 -1464.74 -1461.88 -1421.99 -1424.28 -1419.61 -1432.74 -1409.71 -1376.05 -1357.84 -1365.79 -1339.23 -1318.83 -1295.64 -1268.5 -1252.6 -1238.39 -1238.39 -1216.26 -1189.2 -1165.72 -1145.8 -1118.71 -1098.23 -1096.54 -1076.34 -1056.75 -1041.97 -1024.4
0 0 0 0 0 0 0 0 0 0 0 0 0 0 0 0 0 0 0 0 0 0 0 0 0 0 -853.588 -1120.09 -1429.44 -1476.84 -1489.18 -1493.55 -1474.61 -1474.21 -1474.21 -1515.86 -1553.41 -1586.9 -1605.14 -1608.43 -1599.77 -1580.9 -1584.64 -1574.42 -1573.03 -1573.79 -1561.96 -1536.86 -1516.36 -1517.74 -1506.48 -1494.14 -1461.88 -1435.42 -1424.28 -1419.08 -1419.08 -1424.46 -1403.28 -1384.94 -1365.79 -1342.28 -1318.83 -1324.94 -1300.93 -1272.29 -1255.37 -1239.27 -1216.26 -1187.61 -1187.61 -1163.17 -1139.14 -1118.67 -1094.75 -1076.13 -1055.31 -1040.74 -1042.19
0 0 0 0 0 0 0 0 0 0 0 0 0 0 0 0 0 0 0 0 0 0 0 0 0 0 -755.361 -1134.64 -1431.34 -1465.34 -1465.34 -1460.53 -1437.75 -1411.29 -1460.52 -1495.87 -1548.58 -1617.69 -1617.69 -1611.05 -1587.16 -1565.8 -1571.47 -1568.9 -1571.52 -1575.08 -1572.83 -1559.51 -1533.54 -1516.98 -1504.08 -1507.8 -1507.8 -1491.84 -1468.67 -1461 -1437.37 -1432.32 -1409.05 -1417.09 -1392.6 -1374.9 -1351.42 -1328.58 -1300.59 -1271.8 -1253.51 -1250.77 -1235.21 -1207.63 -1185.16 -1157.72 -1139.14 -1115.54 -1115.54 -1089.85 -1074.49 -1057.5 -1042.19
0 0 0 0 0 0 0 0 0 0 0 0 0 0 0 0 0 0 0 0 0 0 0 0 0 0 -819.263 -819.263 -1168.74 -1397.63 -1463.2 -1460.53 -1382.44 -1411.29 -1373.04 -1423.54 -1492.35 -1563.9 -1642.11 -1611.01 -1574.56 -1578.8 -1548.97 -1546.18 -1569.8 -1579.52 -1582.12 -1568.36 -1538.07 -1534.05 -1515.23 -1514.99 -1512.6 -1500.4 -1481.79 -1479.99 -1479.99 -1470.57 -1443.33 -1429.35 -1402.9 -1386.17 -1356.38 -1359.91 -1326.53 -1298.68 -1274.57 -1252.61 -1230.08 -1207.01 -1207.01 -1177.57 -1154.66 -1129.38 -1110.55 -1088.59 -1072.44 -1054.33 -1054.33
