gis_data/PP1766_DIS_Layer4_Top_ASCII.txt
ncols         308
nrows         431
xllcorner     -321143.35392317
yllcorner     1277883.4776336
cellsize      1609.334
NODATA_value  -9999
[rows 105 to 139 of 431, columns 79 to 157 of 308]
-185.165 -195.008 -211.413 -211.413 -224.537 -231.099 -237.661 -247.504 -250.785 -250.785 -250.785 -250.785 -247.504 -247.504 -244.223 -247.504 -250.785 -254.066 -254.066 -237.661 0 -135.105 0 0 0 0 0 316.444 -211.982 -234.38 -234.38 -231.099 -234.38 -227.818 -232.186 -227.818 -224.537 -224.537 -218.653 -217.975 -219.823 -204.625 -201.57 -190.989 0 0 0 0 0 0 0 0 0 0 0 0 0 0 0 0 0 0 0 0 0 0 0 -9999 -9999 -9999 -9999 -9999 -9999 -9999 -9999 -9999 -9999 -9999 -9999
-168.76 -194.206 -203.972 -217.975 -224.537 -231.099 -237.661 -237.661 -244.223 -250.785 -254.066 -250.785 -247.504 -247.504 -247.504 -244.223 -250.785 -250.785 -254.066 0 0 0 0 0 0 0 303.521 -87.0343 -218.395 -218.395 -237.661 -234.38 -234.38 -237.661 -236.486 -227.818 -231.099 -227.818 -224.537 -214.694 -211.413 -199.901 -142.304 -142.304 -140.74 0 0 0 0 0 0 0 0 0 0 0 0 0 0 0 0 0 0 0 0 0 0 0 -9999 -9999 -9999 -9999 -9999 -9999 -9999 -9999 -9999 -9999 -9999
-178.603 -193.064 -204.851 -198.289 -214.694 -227.818 -234.38 -240.942 -244.223 -250.785 -254.066 -254.066 -254.066 -250.785 -247.504 -250.785 -250.785 -250.785 -250.785 -254.066 0 0 0 0 0 0 0 -29.374 -151.487 -237.661 -237.661 -235.982 -235.982 -234.38 -244.223 -234.476 -231.099 -234.38 -221.256 -208.132 -208.132 -190.621 -180.061 -172.041 0 0 0 0 0 0 0 0 0 0 0 0 0 0 0 0 0 0 0 0 0 0 0 0 -9999 -9999 -9999 -9999 -9999 -9999 -9999 -9999 -9999 -9999 -9999
-168.76 -175.322 -185.52 -201.57 -217.975 -230.16 -234.38 -234.38 -237.661 -247.504 -250.785 -257.347 -254.066 -254.066 -254.066 -250.785 -250.785 -260.628 -250.785 -234.69 -189.566 -145.793 192.421 -1.77429 0 -123.656 210.946 -204.275 -237.661 -244.223 -240.942 -240.942 -240.942 -236.095 -244.223 -234.38 -234.38 -234.38 -229.43 -208.34 -208.132 -193.72 -180.061 -181.792 -178.461 0 0 0 0 0 0 0 0 0 0 0 0 0 0 0 0 0 0 0 0 0 0 0 0 -9999 -9999 -9999 -9999 -9999 -9999 -9999 -9999 -9999 -9999
-158.917 -175.322 -188.446 -195.008 -208.132 -214.694 -227.818 -231.099 -240.942 -247.504 -247.504 -254.066 -260.628 -260.628 -257.347 -254.066 -250.785 -254.066 -254.066 -257.347 -253.799 -237.976 17.8365 -175.53 73.7465 -250.785 -80.9895 -225.464 -244.223 -244.223 -244.223 -240.942 -240.942 -240.942 -240.942 -244.223 -234.38 -227.818 -217.975 -217.975 -214.694 -206.51 -178.603 -198.289 -185.165 0 0 0 0 0 0 0 0 0 0 0 0 0 0 0 0 0 0 0 0 0 0 0 0 0 -9999 -9999 -9999 -9999 -9999 -9999 -9999 -9999 -9999
-139.231 -162.198 -185.165 -195.008 -208.132 -214.694 -221.256 -221.256 -231.099 -240.942 -250.785 -254.066 -260.628 -260.628 -260.628 -260.628 -254.066 -254.066 -250.785 -257.347 -254.925 -254.925 -257.347 -220.684 -250.785 -254.066 -237.661 -250.785 -248.469 -250.785 -247.504 -244.223 -244.223 -240.942 -247.504 -237.453 -237.453 -229.902 -217.975 -217.975 -221.256 -214.694 -204.851 -197.92 -145.793 0 0 0 0 0 0 0 0 0 0 0 0 0 0 0 0 0 0 0 0 0 0 0 0 0 -9999 -9999 -9999 -9999 -9999 -9999 -9999 -9999 -9999
-142.512 -162.198 -181.884 -181.884 -188.446 -198.289 -201.57 -217.975 -224.537 -237.661 -237.661 -250.785 -260.628 -263.909 -260.628 -260.628 -250.785 -250.785 -254.066 -260.628 -260.628 -260.628 -260.628 -254.066 -260.628 -260.628 -257.347 -254.066 -250.785 -250.785 -247.504 -244.223 -244.223 -244.223 -240.942 -241.252 -246.591 -229.902 -227.818 -227.818 -221.256 -217.975 -214.891 -197.92 -162.004 0 0 0 0 0 0 0 0 0 0 0 0 0 0 0 0 0 0 0 0 0 0 0 0 0 0 -9999 -9999 -9999 -9999 -9999 -9999 -9999 -9999
-65.6457 -119.545 -149.074 -172.041 -175.322 -186.511 -201.57 -201.57 -217.105 -224.537 -237.661 -254.066 -263.909 -263.909 -263.909 -260.628 -254.066 -257.347 -247.504 -260.628 -260.628 -260.628 -260.628 -260.628 -263.909 -260.628 -260.628 -254.066 -257.347 -254.066 -250.785 -250.785 -247.504 -244.223 -249.65 -232.371 -237.661 -234.38 -231.099 -224.537 -224.537 -220.389 -214.694 -214.694 -201.57 0 0 0 0 0 0 0 0 0 0 0 0 0 0 0 0 0 0 0 0 0 0 0 0 0 0 -9999 -9999 -9999 -9999 -9999 -9999 -9999 -9999
-65.6457 -57.206 -149.074 -136.568 -165.479 -165.479 -181.884 -204.851 -217.105 -231.099 -231.099 -240.942 -257.347 -262.256 -260.628 -260.628 -254.066 -254.066 -260.628 -250.785 -260.628 -260.628 -263.909 -263.909 -263.909 -263.909 -263.909 -260.628 -257.347 -254.066 -250.785 -250.785 -250.785 -250.785 -249.271 -240.942 -237.661 -239.713 -234.38 -234.38 -234.38 -224.537 -224.537 -201.57 -188.446 -188.446 -188.446 0 0 0 0 0 0 0 0 0 0 0 0 0 0 0 0 0 0 0 0 0 0 0 0 0 -9999 -9999 -9999 -9999 -9999 -9999 -9999
-20.8316 -49.9057 -104.196 -116.119 -142.512 -168.76 -185.165 -185.165 -208.132 -224.537 -232.346 -244.223 -257.347 -260.628 -260.628 -263.909 -260.628 -260.628 -260.628 -254.066 -260.628 -263.909 -263.909 -263.909 -263.909 -263.909 -263.909 -260.628 -260.628 -260.628 -254.066 -254.066 -250.785 -252.708 -250.213 -250.785 -244.223 -240.942 -234.38 -234.38 -227.98 -227.818 -224.537 -224.537 -213.287 -188.446 -188.446 -144.021 0 0 0 0 0 0 0 0 0 0 0 0 0 0 0 0 0 0 0 0 0 0 0 0 0 -9999 -9999 -9999 -9999 -9999 -9999
0 170.963 17.2329 -35.8947 -99.1684 -155.636 -178.603 -195.008 -208.132 -224.537 -224.537 -237.661 -250.785 -260.628 -263.909 -267.19 -260.628 -263.909 -263.909 -257.347 -257.347 -263.909 -263.909 -263.909 -263.909 -263.909 -263.909 -267.19 -263.909 -260.628 -255.013 -254.066 -254.066 -254.066 -247.504 -254.066 -244.223 -240.942 -234.38 -234.38 -237.895 -228.855 -227.064 -224.245 -213.287 -204.286 -204.286 -167.712 -158.917 0 0 0 0 0 0 0 0 0 0 0 0 0 0 0 0 0 0 0 0 0 0 0 0 -9999 -9999 -9999 -9999 -9999 -9999
181.239 267.531 194.525 56.2275 -99.859 -142.512 -142.512 -136.282 -177.896 -201.57 -224.537 -237.661 -254.066 -263.909 -263.909 -270.471 -267.19 -263.909 -263.909 -260.628 -260.628 -257.347 -260.628 -263.909 -267.19 -267.19 -267.19 -263.909 -263.909 -263.909 -260.628 -257.347 -254.066 -250.785 -250.785 -254.066 -247.504 -244.223 -240.942 -237.234 -239.959 -227.818 -224.537 -214.694 -212.922 -191.727 -185.165 -178.603 0 0 0 0 0 0 0 0 0 0 0 0 0 0 0 0 0 0 0 0 0 0 0 0 0 0 -9999 -9999 -9999 -9999 -9999
235.739 267.531 5.133 5.133 57.0861 -90.4455 -103.14 -136.282 -166.061 -201.57 -195.008 -221.256 -230.666 -254.066 -267.19 -270.471 -263.909 -263.909 -270.471 -263.909 -263.909 -260.628 -260.628 -264.697 -270.471 -270.471 -270.471 -270.471 -267.19 -263.909 -260.628 -254.329 -254.329 -254.066 -254.066 -254.066 -250.785 -244.223 -254.066 -244.223 -244.223 -227.818 -218.447 -214.694 -208.132 -195.008 -195.008 -160.525 -148.131 0 0 0 0 0 0 0 0 0 0 0 0 0 0 0 0 0 0 0 0 0 0 0 0 0 -9999 -9999 -9999 -9999 -9999
152.401 60.91 413.901 260 57.4184 -53.3772 -24.385 -73.611 -126.107 -165.476 -188.446 -214.694 -244.223 -263.909 -265.465 -267.19 -273.752 -270.471 -267.19 -263.909 -263.909 -263.909 -263.909 -263.909 -267.19 -270.471 -270.471 -270.471 -270.471 -267.19 -263.909 -260.628 -257.347 -254.066 -267.19 -267.19 -254.066 -249.706 -253.924 -238.933 -234.38 -227.893 -217.975 -217.975 -211.413 -204.851 -202.783 -139.231 -116.272 0 0 0 0 0 0 0 0 0 0 0 0 0 0 0 0 0 0 0 0 0 0 0 0 0 0 -9999 -9999 -9999 -9999
429.392 517.004 463.141 463.141 179.499 159.476 -21.115 -79.4829 -119.545 -158.917 -145.793 -178.603 -217.975 -250.785 -270.471 -270.471 -273.752 -273.752 -273.752 -270.471 -270.471 -267.19 -263.909 -260.628 -263.909 -263.909 -270.471 -262.602 -270.716 -266.701 -263.909 -260.628 -260.628 -260.628 -254.066 -255.378 -257.347 -260.628 -244.223 -244.223 -235.012 -234.804 -224.537 -217.975 -217.975 -204.851 -202.008 -201.57 -181.884 0 0 0 0 0 0 0 0 0 0 0 0 0 0 0 0 0 0 0 0 0 0 0 0 0 0 0 -9999 -9999 -9999
192.997 659.461 470.767 169.183 179.499 86.6142 100.342 3.51264 -73.611 -116.264 -129.388 -177.698 -217.975 -250.785 -257.347 -277.946 -273.752 -273.752 -273.752 -270.471 -270.471 -270.471 -267.19 -260.628 -263.909 -270.471 -270.471 -270.471 -273.752 -270.471 -263.909 -260.628 -263.909 -260.628 -250.785 -250.785 -272.041 -257.347 -254.066 -247.504 -234.38 -227.818 -231.823 -231.823 -214.816 -204.848 -198.289 -191.727 -162.198 0 0 0 0 0 0 0 0 0 0 0 0 0 0 0 0 0 0 0 0 0 0 0 0 0 0 0 -9999 -9999 -9999
399.716 344.026 264.465 643.44 376.469 224.379 100.342 16.3026 -73.611 -90.016 -90.016 -139.231 -178.283 -227.818 -257.347 -273.752 -273.752 -273.752 -273.752 -273.752 -272.555 -273.752 -267.19 -270.471 -270.471 -263.909 -273.752 -270.471 -273.752 -270.471 -267.19 -263.909 -263.909 -263.909 -260.628 -260.628 -260.628 -261.189 -247.141 -247.141 -244.223 -240.942 -227.818 -224.537 -211.163 -204.258 -208.132 -195.008 -148.742 -158.917 0 0 0 0 0 0 0 0 0 0 0 0 0 0 0 0 0 0 0 0 0 0 0 0 0 0 0 -9999 -9999
269.946 625.264 712.704 699.625 366.342 234.321 234.321 117.585 24.819 -39.2579 -96.578 -146.52 -188.71 -201.57 -244.223 -263.909 -273.752 -273.752 -273.752 -273.752 -273.752 -273.752 -273.752 -263.909 -264.537 -273.752 -273.752 -273.752 -273.752 -273.752 -270.471 -269.729 -263.909 -265.68 -260.628 -260.628 -261.004 -261.789 -250.785 -248.028 -244.223 -227.818 -227.818 -227.818 -214.694 -221.256 -208.132 -175.957 -184.683 -139.441 -113.7 0 0 0 0 0 0 0 0 0 0 0 0 0 0 0 0 0 0 0 0 0 0 0 0 0 0 -9999 -9999
458.002 711.501 711.501 545.369 677.537 388.97 273.917 79.0351 11.695 -28.907 -28.907 -90.7727 -142.527 -204.851 -237.661 -250.785 -267.19 -263.909 -273.752 -273.752 -273.752 -270.471 -270.471 -270.471 -270.471 -273.752 -273.752 -273.752 -273.752 -270.471 -273.752 -267.19 -267.19 -267.19 -263.909 -263.909 -260.628 -257.347 -254.066 -250.785 -247.504 -240.942 -234.38 -230.19 -224.537 -217.975 -217.975 -204.851 -194.893 -175.322 -113.7 0 0 0 0 0 0 0 0 0 0 0 0 0 0 0 0 0 0 0 0 0 0 0 0 0 0 0 -9999
756.025 637.647 884.623 545.369 575.052 388.97 444.787 229.698 96.9895 28.1 -37.52 -90.7727 -158.917 -162.198 -204.851 -224.537 -244.223 -263.909 -273.752 -273.752 -273.752 -273.752 -267.19 -270.471 -273.752 -273.752 -273.752 -277.033 -277.033 -273.752 -273.752 -273.752 -270.471 -265.733 -263.909 -263.909 -280.314 -269.568 -254.066 -247.504 -244.223 -234.38 -234.38 -227.818 -221.256 -217.975 -215.991 -201.816 -187.732 -137.342 -137.342 -129.758 0 0 0 0 0 0 0 0 0 0 0 0 0 0 0 0 0 0 0 0 0 0 0 0 0 0 -9999
847.469 656.178 1004.86 810.577 495.363 374.13 422.985 171.607 105.324 24.819 18.257 -47.2344 -106.724 -162.198 -198.289 -224.537 -244.223 -244.223 -270.471 -280.314 -273.752 -273.752 -263.909 -270.471 -273.752 -273.752 -273.752 -280.314 -277.033 -273.752 -273.752 -273.752 -273.752 -272.071 -267.19 -275.681 -272.119 -260.628 -251.726 -247.504 -248.247 -241.063 -234.38 -224.537 -217.975 -208.132 -208.132 -195.389 -175.281 -174.086 -158.917 0 0 0 0 0 0 0 0 0 0 0 0 0 0 0 0 0 0 0 0 0 0 0 0 0 0 0 0
443.469 597.242 838.345 0 652.385 550.691 662.802 428.2 192.16 84.4642 1.85199 -50.644 -119.545 -119.545 -180.969 -204.851 -238.819 -254.066 -273.752 -277.033 -273.752 -273.752 -270.471 -270.471 -273.752 -273.752 -280.314 -280.314 -280.314 -277.033 -277.033 -273.752 -283.145 -273.752 -267.19 -267.19 -263.909 -263.909 -254.066 -247.504 -244.223 -241.063 -237.661 -234.38 -227.818 -224.537 -208.132 -195.389 -179.998 -179.998 -154.515 -149.074 -109.702 0 0 0 0 0 0 0 0 0 0 0 0 0 0 0 0 0 0 0 0 0 0 0 0 0 0
172.648 672.819 435.701 0 0 813.602 438.375 322.983 131.578 67.472 55.6438 -38.04 -84.0184 -149.074 -208.132 -229.948 -260.628 -260.628 -273.752 -273.752 -277.682 -273.752 -273.752 -278.071 -271.723 -270.471 -280.314 -280.314 -280.314 -280.314 -277.033 -277.033 -273.752 -273.752 -270.471 -270.471 -267.19 -260.628 -254.066 -254.066 -250.785 -250.776 -237.672 -227.818 -217.975 -208.132 -203.144 -198.289 -181.884 -168.76 -144.846 -126.107 0 0 0 0 0 0 0 0 0 0 0 0 0 0 0 0 0 0 0 0 0 0 0 0 0 0 0
0 150.561 435.701 0 0 686.23 686.23 348.663 431.16 90.8802 55.6438 12.0287 -84.0184 -67.3738 -178.718 -234.38 -244.223 -270.471 -273.752 -280.314 -280.314 -277.033 -277.033 -273.752 -270.471 -273.752 -280.314 -280.314 -280.314 -280.314 -280.314 -280.314 -273.752 -270.471 -270.471 -270.471 -273.752 -267.19 -260.628 -250.785 -250.785 -244.223 -244.223 -234.38 -224.537 -214.694 -204.851 -195.008 -175.534 -175.534 -160.076 -148.949 -96.7971 0 0 0 0 0 0 0 0 0 0 0 0 0 0 0 0 0 0 0 0 0 0 0 0 0 0
0 110.125 110.125 589.043 0 0 343.605 322.298 196.384 232.326 53.7167 28.1 28.2312 -81.8933 -208.664 -248.342 -260.628 -262.801 -273.752 -277.033 -277.033 -280.314 -277.033 -273.703 -273.703 -273.752 -275.052 -280.314 -280.314 -280.314 -280.314 -280.314 -277.033 -273.752 -270.471 -270.471 -273.752 -268.466 -268.466 -258.256 -257.347 -250.785 -237.661 -234.38 -217.975 -208.132 -204.851 -195.008 -184.059 -168.76 -160.383 -131.973 0 0 0 0 0 0 0 0 0 0 0 0 0 0 0 0 0 0 0 0 0 0 0 0 0 0 0
0 210.197 80.596 0 0 576.903 576.903 500.182 245.143 190.508 73.8116 -24.396 49.7559 -0.059242 -101.843 -234.38 -250.785 -263.909 -273.752 -277.033 -277.033 -277.033 -280.314 -277.033 -270.471 -273.752 -273.752 -280.314 -280.314 -280.314 -277.033 -280.314 -280.314 -273.819 -270.471 -273.752 -273.752 -270.471 -263.909 -260.628 -257.347 -247.504 -247.504 -234.38 -227.818 -214.694 -204.851 -195.008 -184.059 -178.603 -158.917 -148.763 0 0 0 0 0 0 0 0 0 0 0 0 0 0 0 0 0 0 0 0 0 0 0 0 0 0 0
0 210.197 126.279 57.629 0 0 566.982 500.182 280.306 192.747 137.706 7.87907 -0.509092 -77.9823 -93.519 -221.32 -247.972 -250.785 -267.19 -275.44 -277.033 -277.033 -277.033 -280.314 -280.314 -277.033 -276.067 -273.752 -277.033 -280.314 -280.314 -280.314 -281.255 -270.915 -273.752 -273.752 -273.752 -267.19 -267.19 -260.628 -257.347 -254.066 -241.271 -234.38 -224.537 -224.537 -224.537 -198.848 -195.115 -178.603 -168.76 -88.9711 -33.2668 45.3299 45.7052 0 0 0 0 0 0 0 0 0 0 0 0 0 0 0 0 0 0 0 0 0 0 0 0
0 0 90.439 50.6121 0 0 0 595.951 362.993 192.747 57.629 7.87907 -29.5257 -29.5257 -153.077 -172.041 -217.975 -250.785 -270.471 -275.44 -270.471 -273.752 -277.033 -276.859 -277.033 -277.033 -278.081 -278.081 -267.19 -280.314 -280.314 -280.314 -277.033 -277.033 -274.221 -282.542 -280.314 -273.752 -263.909 -257.735 -254.066 -249.227 -249.227 -237.661 -234.333 -217.975 -200.625 -188.446 -191.727 -183.661 -185.165 -146.251 -115.141 33.6583 0 0 0 0 0 0 0 0 0 0 0 0 0 0 0 0 0 0 0 0 0 0 0 0 0
0 0 0 87.158 216.435 0 0 387.04 179.026 179.026 67.7184 18.257 27.3186 51.7811 -10.5224 -102.731 -205.331 -205.331 -254.066 -263.909 -257.347 -263.909 -272.754 -273.752 -270.471 -273.752 -273.752 -273.752 -271.259 -280.314 -280.314 -280.314 -277.033 -281.486 -280.314 -282.542 -277.033 -273.752 -280.816 -267.19 -257.347 -254.066 -244.223 -237.661 -212.959 -217.975 -217.975 -198.492 -181.884 -169.591 -165.479 -88.6225 54.5494 -109.702 0 0 0 0 0 0 0 0 0 0 0 0 0 0 0 0 0 0 0 0 0 0 0 0 0
0 0 200.113 55.499 263.694 0 0 0 424.486 139.985 15.4655 -30.958 -78.6631 -78.6631 -145.793 -110.301 -146.478 -159.051 -248.32 -257.347 -254.066 -257.347 -261.004 -270.471 -263.909 -273.752 -273.752 -273.752 -277.033 -277.033 -278.534 -283.595 -273.752 -277.033 -283.595 -283.595 -280.314 -280.314 -273.752 -263.909 -260.628 -250.785 -250.785 -235.325 -234.38 -227.818 -198.885 -195.008 -188.446 -188.446 -185.402 -159.515 -135.458 -109.702 0 0 0 0 0 0 0 0 0 0 0 0 0 0 0 0 0 0 0 0 0 0 0 0 0
0 0 0 113.194 25.3856 0 0 0 424.486 280.087 62.184 -11.272 -27.9645 -77.2653 -145.793 -108.578 -57.0501 -137.401 -102.016 -244.223 -247.504 -257.347 -250.785 -257.347 -257.055 -257.639 -260.628 -270.471 -270.471 -272.581 -280.314 -280.314 -280.314 -282.048 -280.314 -280.314 -283.595 -280.314 -277.033 -270.471 -260.628 -254.066 -240.942 -234.38 -204.851 -204.851 -213.276 -195.008 -204.261 -196.154 -182.151 -178.603 -21.7617 -21.7617 0 0 0 0 0 0 0 0 0 0 0 0 0 0 0 0 0 0 0 0 0 0 0 0 0
0 0 0 58.4314 -1.42899 -4.70999 0 0 0 97.208 20.3961 -51.3591 -73.611 -99.859 -82.5703 -59.9781 -57.0501 -70.3443 -102.016 -236.017 -236.017 -244.223 -244.223 -254.066 -257.055 -250.785 -260.628 -260.628 -263.909 -275.331 -270.471 -280.314 -280.314 -290.157 -280.314 -280.314 -273.752 -283.595 -277.033 -270.471 -257.347 -259.348 -247.504 -240.942 -227.818 -210.753 -194.01 -210.037 -179.906 -179.906 -168.658 -143.011 -76.2505 -68.9438 0 0 0 0 0 0 0 0 0 0 0 0 0 0 0 0 0 0 0 0 0 0 0 0 0
0 0 0 0 202.12 -17.6592 0 0 336.766 330.566 22.4634 -64.4103 -83.454 -109.702 -70.33 -55.2594 -55.2594 -46.7528 -54.517 -135.688 -237.661 -234.38 -244.223 -250.785 -250.785 -250.785 -260.628 -270.471 -273.752 -273.752 -273.752 -273.752 -277.033 -273.752 -273.752 -277.033 -273.752 -283.595 -283.595 -270.471 -263.909 -254.066 -247.504 -234.38 -227.818 -227.783 -208.132 -181.884 -194.042 -168.011 -168.658 -123.925 -76.2505 -91.1246 0 0 0 0 0 0 0 0 0 0 0 0 0 0 0 0 0 0 0 0 0 0 0 0 0
0 0 0 0 34.5657 34.662 -9.76215 0 0 123.739 -28.0326 -97.2073 -106.421 -119.545 -122.826 -126.107 -77.9188 -129.241 -148.703 -152.915 -152.915 -227.775 -234.38 -234.38 -228.287 -250.785 -263.909 -263.909 -270.471 -273.752 -273.752 -271.872 -273.752 -280.314 -280.314 -273.752 -273.752 -283.595 -280.314 -273.752 -263.909 -250.276 -250.276 -232.969 -227.818 -209.077 -204.522 -185.165 -186.907 -159.871 -155.502 -129.388 -121.685 -60.6274 0 0 0 0 0 0 0 0 0 0 0 0 0 0 0 0 0 0 0 0 0 0 0 0 0
0 0 0 0 0 34.662 31.0084 0 121.431 121.431 27.7827 -83.5443 -119.545 -119.545 -132.669 -126.107 -139.231 -104.068 -51.6287 -57.098 -180.483 -227.775 -230.914 -221.256 -221.451 -237.661 -250.785 -257.347 -270.471 -270.471 -277.033 -273.752 -277.033 -283.595 -280.314 -280.314 -280.314 -283.595 -283.595 -283.595 -273.752 -257.347 -246.069 -232.302 -217.975 -206.39 -198.666 -200.944 -168.76 -168.76 -149.074 -155.636 -111.393 -132.669 -20.4655 -35.671 0 0 0 0 0 0 0 0 0 0 0 0 0 0 0 0 0 0 0 0 0 0 0
