gis_data/PP1766_DIS_Layer10_Top_ASCII.txt
ncols         308
nrows         431
xllcorner     -321143.35392317
yllcorner     1277883.4776336
cellsize      1609.334
NODATA_value  -9999
[rows 175 to 209 of 431, columns 79 to 157 of 308]
0 0 0 0 -1367.06 -1383.59 -1380.31 -1380.31 -1393.44 -1386.88 -1396.72 -1396.72 -1364.16 -1396.72 -1161.04 -1390.16 -1393.44 -1396.72 -1375.76 -1301.57 -1340.9 -1327.82 -1327.82 -1323.57 -1357.35 -1367.19 -1383.59 -1393.44 -1400 -1400 -1400.39 -1403.28 -1403.28 -1403.28 -1403.28 -1403.28 -1403.28 -1390.45 -1392.55 -1400 -1400 -1400 -1393.44 -1390.16 -1390.16 -1383.59 -1383.59 -1373.75 -1379.33 -1357.35 -1366.44 -1344.22 -1344.22 -1327.82 -1323.09 -1308.13 -1308.13 -1291.07 -1291.07 -1278.6 -1245.79 -1249.07 -1245.79 -1238.41 -1215.65 -1287.83 -1113.96 -1183.45 -1154.95 -1183.45 -1096.62 -1183.45 0 0 0 -691.304 0 0 0
0 0 0 0 0 -1357.35 -1396.72 -1393.44 -1394.57 -1396.72 -1393.44 -1393.44 -1389.6 -1290.79 -1098.97 -1049.28 -1396.72 -1396.72 -1332.9 -1298.29 -1269.08 -1296.01 -1269.01 -1323.57 -1327.49 -1327.49 -1340.94 -1377.03 -1386.88 -1400 -1393.25 -1403.28 -1403.28 -1403.28 -1406.56 -1406.56 -1393.42 -1390.45 -1403.28 -1403.28 -1403.28 -1400 -1400 -1396.72 -1390.16 -1380.31 -1380.36 -1377.03 -1380.31 -1363.91 -1362.22 -1344.22 -1337.66 -1327.82 -1327.82 -1314.69 -1305.27 -1291.73 -1285.17 -1268.76 -1258.92 -1249.97 -1249.97 -1301.43 -1219 -1163.77 -1172.95 -1183.45 -1183.45 -1139.96 -1179.65 -1043.39 0 0 0 -678.584 -678.584 0 0
0 0 0 0 0 -1383.59 -1396.72 -1396.72 -1396.72 -1396.72 -1396.72 -1399.34 -1393.44 -1353.78 -1400 -1369.36 -1396.72 -1393.44 -1370.47 -1317.68 -1245.79 -1249.82 -1277.05 -1314.69 -1278.75 -1316.17 -1350.79 -1367.39 -1383.59 -1383.59 -1393.44 -1400 -1403.28 -1400 -1406.56 -1403.28 -1401.68 -1400 -1403.28 -1403.28 -1400 -1400 -1400 -1400 -1393.44 -1390.16 -1380.31 -1377.03 -1373.75 -1363.91 -1350.79 -1350.79 -1340.94 -1334.54 -1324.54 -1314.69 -1301.57 -1291.73 -1291.73 -1287.84 -1266.22 -1308.13 -1304.85 -1258.92 -1247.48 -1232.67 -1231.99 -1211.77 -1072.82 -1065.49 -1171.72 -989.163 -989.163 -916.404 -864.714 -646.556 -666.737 0 0
0 0 0 0 0 -1314.6 -1396.72 -1396.72 -1396.72 -1396.72 -1393.44 -1393.44 -1396.72 -1400 -1396.72 -1396.72 -1396.72 -1399.14 -1363.67 -1312.74 -1227.01 -1217.16 -1264.94 -1232.25 -1266.73 -1266.73 -1337.2 -1334.56 -1342.51 -1380.31 -1400 -1400 -1400 -1406.56 -1400 -1400 -1406.56 -1406.56 -1406.56 -1406.56 -1406.56 -1403.28 -1400 -1396.72 -1390.16 -1386.88 -1377.03 -1377.03 -1370.47 -1363.91 -1354.07 -1350.79 -1335.58 -1331.1 -1327.82 -1321.26 -1308.13 -1301.57 -1304.85 -1287.84 -1311.41 -1308.13 -1252.67 -1267.91 -1233.01 -1232.67 -1210.04 -1211.77 -1117.91 -1117.91 -999.363 -927.613 -945.927 -916.404 -674.327 -646.556 -778.934 0 0
0 0 0 0 0 -1123.03 -1396.72 -1393.44 -1393.44 -1400 -1400 -1396.72 -1396.72 -1400 -1400 -1400 -1396.72 -1157.07 -1363.67 -1248.62 -1227.01 -1172.93 -1172.93 -1221.78 -1218.48 -1213.89 -1275.25 -1312.18 -1353.53 -1353.53 -1403.28 -1403.28 -1403.28 -1400 -1403.28 -1406.56 -1406.56 -1409.84 -1406.56 -1406.56 -1406.56 -1400 -1400 -1400 -1390.16 -1383.59 -1377.03 -1373.75 -1363.91 -1363.91 -1354.07 -1354.07 -1344.22 -1337.66 -1327.82 -1317.97 -1308.13 -1333.38 -1338.73 -1331.1 -1288.12 -1280.2 -1222.07 -1195.95 -1172.35 -1172.35 -1125.27 -1107.99 -1160.72 -1127.92 -1086.65 -1066.48 -1000.28 -969.254 -822.913 -748.747 0 0 0
0 0 0 0 0 0 -1327.84 -1399.16 -1396.72 -1396.72 -1396.72 -1396.72 -1393.44 -1396.72 -1400 -1400 -1398 -1390.16 -1390.16 -1245.05 -1291.68 -1142.5 -1152.52 -1169.25 -1251.16 -1250.5 -1254.02 -1248.84 -1285.88 -1400 -1403.28 -1413.12 -1413.12 -1406.56 -1403.28 -1407.78 -1406.56 -1397.71 -1406.56 -1406.56 -1406.56 -1406.56 -1403.28 -1396.72 -1390.16 -1383.59 -1373.75 -1373.75 -1367.19 -1363.91 -1359.52 -1347.5 -1337.73 -1334.38 -1354.07 -1333.78 -1344.22 -1344.22 -1298.29 -1305.71 -1242.97 -1242.97 -1216.26 -1180.95 -1158.69 -1157.56 -1079.2 -1097.09 -1129.26 -1129.26 -1067.76 -1095.09 -1035.75 -876.784 0 0 0 0 0
0 0 0 0 0 0 -1393.44 -1396.72 -1400 -1400 -1400 -1400 -1400 -1400 -1400 -1400 -1400 -1400 -1386.94 -1314.76 -1172.98 -1168.84 -1135.6 -1238.15 -1176.64 -1288.07 -1279.6 -1324.04 -1325.81 -1400 -1406.56 -1416.41 -1413.12 -1406.56 -1408.92 -1406.56 -1406.56 -1409.84 -1409.84 -1406.56 -1406.56 -1400 -1400 -1400 -1393.44 -1386.88 -1380.31 -1372.94 -1367.19 -1357.35 -1357.35 -1354.07 -1344.22 -1337.66 -1354.07 -1324.54 -1344.22 -1308.13 -1308.13 -1301.57 -1281.26 -1258.92 -1216.26 -1174.94 -1158.69 -1136.62 -1130.96 -1011.77 -1020.21 -1054.17 -1130.58 -1071.11 -1023.38 -865.356 0 0 0 0 0
0 0 0 0 0 0 0 -1396.72 -1396.72 -1400 -1400 -1400 -1400 -1396.72 -1396.72 -1397.68 -1400 -1400 -1400 -1382.25 -1263.16 -1157.93 -1244.5 -1240.85 -1200.72 -1338.81 -1275.33 -1379.6 -1288.63 -1403.14 -1413.12 -1416.41 -1416.41 -1406.59 -1409.84 -1409.84 -1409.84 -1403.47 -1409.84 -1406.56 -1406.56 -1406.56 -1403.28 -1397.88 -1393.44 -1386.88 -1376.63 -1377.03 -1370.47 -1367.19 -1360.63 -1354.07 -1350.79 -1337.66 -1337.66 -1331.1 -1324.54 -1324.54 -1308.13 -1301.57 -1280.08 -1261.28 -1268.76 -1232.67 -1183.77 -1108.59 -1072.4 -1093.37 -1020.21 -1059.36 -1142.24 -985.908 -1023.38 -970.386 0 0 0 0 0
0 0 0 0 0 0 -1390.11 -1390.11 -1396.72 -1400 -1400 -1400 -1396.72 -1396.72 -1396.72 -1396.72 -1396.72 -1400 -1400 -1382.25 -1208.98 -1208.98 -1240.43 -1204.06 -1211.44 -1338.81 -1370.47 -1379.6 -1374.75 -1374.75 -1409.84 -1409.84 -1413.12 -1400 -1409.84 -1406.56 -1406.56 -1409.84 -1409.84 -1405.71 -1406.56 -1406.56 -1403.28 -1403.28 -1400 -1390.16 -1383.59 -1377.03 -1373.75 -1370.47 -1370.47 -1360.63 -1354.07 -1344.22 -1337.66 -1331.1 -1324.54 -1321.26 -1321.26 -1308.13 -1297.74 -1271.16 -1252.35 -1217.36 -1153.93 -1147.91 -1186.47 -1189.93 -1074.7 -1162.51 -1113.74 -1131.86 -1131.86 -1070.83 0 0 0 0 0
0 0 0 0 0 0 -1387 -1399.46 -1400 -1400 -1400 -1396.72 -1396.72 -1396.72 -1396.72 -1396.72 -1397.15 -1396.72 -1396.72 -1396.72 -1398.4 -1175.28 -1363.59 -1195.66 -1249.3 -1249.3 -1400.16 -1400 -1403.28 -1400 -1400 -1413.12 -1400 -1405.2 -1409.38 -1400 -1409.84 -1409.84 -1409.84 -1409.84 -1401.68 -1406.56 -1403.28 -1403.28 -1400 -1390.16 -1383.59 -1383.59 -1380.31 -1373.75 -1367.19 -1360.63 -1350.79 -1344.22 -1344.22 -1341.51 -1334.38 -1327.82 -1317.97 -1301.56 -1292.66 -1281.82 -1252.4 -1213.85 -1206.42 -1139.82 -1171.62 -1167.85 -1167.85 -1183.83 -1209.7 -1183.25 -1111.2 0 0 0 0 0 0
-9999 0 0 0 0 -1340.09 -1400 -1400 -1400 -1400 -1400 -1396.72 -1400 -1396.72 -1400 -1400 -1400 -1400 -1393.44 -1406.56 -1394.23 -1394.23 -1396.72 -1385.38 -1400 -1400 -1406.56 -1400 -1409.84 -1409.84 -1406.56 -1409.75 -1409.81 -1409.84 -1409.84 -1400 -1400 -1408.8 -1409.84 -1400 -1406.56 -1406.56 -1400 -1400 -1400 -1400 -1390.16 -1383.59 -1380.31 -1373.75 -1370.47 -1363.91 -1357.35 -1354.07 -1350.79 -1341.51 -1334.38 -1327.82 -1327.82 -1317.97 -1293.68 -1281.82 -1265.36 -1213.85 -1176.19 -1176.19 -1127.38 -1237.39 -1206.42 -1183.83 -1170.71 -1183.25 -1059.39 -1195.27 0 0 0 0 0
-9999 0 0 0 0 0 -1400 -1400 -1400 -1400 -1400 -1393.44 -1400 -1400 -1400 -1400 -1400 -1400 -1400 -1400.18 -1400 -1400 -1400 -1400 -1409.84 -1409.84 -1406.56 -1406.56 -1403.28 -1400 -1406.56 -1406.35 -1406.56 -1405.7 -1400 -1403.28 -1406.42 -1405.02 -1413.12 -1413.12 -1409.84 -1409.84 -1406.56 -1403.28 -1400 -1400 -1390.16 -1390.16 -1383.59 -1377.03 -1370.47 -1363.91 -1357.35 -1350.79 -1350.79 -1344.22 -1340.94 -1334.38 -1324.54 -1308.34 -1304.85 -1304.85 -1281.85 -1264.63 -1209.7 -1197.68 -1234.81 -1227.92 -1255.2 -1206.31 -1208.13 -1176.89 -1216.26 -1112.73 0 0 0 0 0
-9999 -9999 0 0 0 0 -1400 -1396.72 -1396.72 -1396.72 -1393.44 -1356.87 -1396.72 -1396.72 -1396.72 -1396.72 -1400 -1400 -1400 -1400 -1400 -1400 -1396.72 -1400 -1402.44 -1409.84 -1406.56 -1413.12 -1413.12 -1402.98 -1406.56 -1400 -1406.56 -1400 -1400 -1409.84 -1409.84 -1409.84 -1406.56 -1403.22 -1409.84 -1400 -1406.56 -1406.56 -1400 -1400 -1396.72 -1387.09 -1380.31 -1373.75 -1380.31 -1370.47 -1363.91 -1357.35 -1350.79 -1344.7 -1337.66 -1337.66 -1327.82 -1321.26 -1311.41 -1304.85 -1291.73 -1279.01 -1270.38 -1270.38 -1268.76 -1258.92 -1186.34 -1223.12 -1072.83 -1219.55 -1183.2 -1020.89 -925.684 0 0 0 0
-9999 -9999 0 0 0 0 0 -1396.72 -1393.44 -1393.44 -1393.44 0 0 0 -1354.07 -1375.51 -1400 -1374.25 -1393.44 -1383.48 -1396.72 -1400 -1400 -1400 -1413.12 -1400 -1409.84 -1400 -1400 -1409.84 -1400 -1403.28 -1403.28 -1400 -1400 -1403.7 -1409.84 -1406.56 -1406.56 -1403.28 -1400 -1409.84 -1400 -1406.56 -1400 -1400 -1396.72 -1393.44 -1391.57 -1380.31 -1380.31 -1370.47 -1363.91 -1356.15 -1356.15 -1347.5 -1344.22 -1334.38 -1327.82 -1317.97 -1311.41 -1308.13 -1301.57 -1291.73 -1282.22 -1275.32 -1187.96 -1172.94 -1118.07 -1129.25 -1158.57 -1029.76 -1160.49 -1078.46 -931.526 0 0 0 0
-9999 -9999 -9999 0 0 0 0 0 0 -1373.8 -1363.91 -1345.14 0 0 0 0 -1279.85 -1317.2 -1352.41 -1367.19 -1397.95 -1366.24 -1392.2 -1379.56 -1400 -1395.15 -1400 -1400 -1400 -1400 -1406.02 -1403.28 -1403.28 -1400 -1400.04 -1400 -1400 -1403.28 -1403.28 -1409.84 -1396.72 -1409.84 -1406.56 -1406.56 -1406.56 -1403 -1400 -1393.44 -1386.88 -1380.31 -1380.31 -1373.75 -1370.47 -1360.63 -1350.79 -1347.5 -1340.94 -1340.94 -1334.38 -1324.54 -1321.26 -1311.41 -1301.57 -1303.35 -1282.22 -1253.6 -1241.27 -1162.94 -1118.07 -1153.71 -1158.57 -1058.77 -1058.77 -1064.02 -1039.09 -1046.49 0 0 0
-9999 -9999 -9999 -9999 0 0 0 0 -1390.16 -1373.8 -1367.19 -1224.21 -1284.6 0 0 0 0 0 -1232.67 -1317.97 -1305.41 -1366.24 -1361.53 -1379.56 -1365.17 -1365.17 -1373.75 -1397.26 -1396.72 -1400 -1400 -1403.28 -1403.28 -1403.28 -1406.56 -1403.28 -1400 -1406.56 -1405.57 -1411.42 -1409.84 -1403.28 -1406.56 -1406.56 -1403.28 -1402.95 -1402.95 -1400 -1393.44 -1386.88 -1380.31 -1373.75 -1367.19 -1360.63 -1360.63 -1354.07 -1344.22 -1337.66 -1331.1 -1324.54 -1317.97 -1314.69 -1308.13 -1301.57 -1298.29 -1257.88 -1188.93 -1227.53 -1227.53 -1160.49 -1083.45 -1106.23 -1065.11 -993.667 -1024.65 -1160.49 0 0 0
-9999 -9999 -9999 -9999 0 0 0 0 0 -1383.59 -1337.66 -1314.69 -1252.35 0 0 0 0 0 0 -1248.38 -1277.28 -1277.28 -1316.19 -1321.35 -1258.31 -1325.07 -1347.5 -1381.11 -1369.47 -1393.44 -1390.16 -1403.28 -1403.28 -1403.28 -1406.56 -1406.56 -1413.12 -1409.03 -1398.87 -1411.42 -1411.52 -1403.28 -1400 -1400 -1400 -1403.28 -1401.34 -1400 -1390.16 -1383.59 -1383.59 -1377.03 -1370.47 -1363.91 -1360.63 -1350.79 -1347.33 -1342.82 -1334.38 -1331.1 -1324.54 -1314.69 -1298.29 -1298.29 -1266.37 -1265.29 -1252.75 -1210.75 -1206.4 -1178.32 -1163.02 -1106.86 -1106.86 -1026.85 -1132.33 -1120.94 0 0 0
-9999 -9999 -9999 -9999 -9999 0 0 0 -1373.75 -1373.64 -1357.35 -1308.13 -1227.05 -1212.98 0 0 0 0 0 0 0 0 0 0 0 0 0 -1334.41 -1356.5 -1373.75 -1386.88 -1400 -1400 -1403.28 -1409.84 -1400 -1413.12 -1400 -1413.12 -1413.12 -1413.12 -1400 -1409.84 -1409.84 -1406.56 -1400 -1400.62 -1400 -1393.44 -1390.16 -1383.59 -1377.03 -1369.62 -1363.91 -1363.91 -1357.35 -1350.79 -1342.82 -1337.57 -1331.1 -1321.26 -1321.26 -1314.69 -1311.41 -1288.45 -1265.29 -1221.16 -1210.75 -1202.53 -1142.89 -1222.83 -1144.1 -1072.05 -1137.61 -1163.97 -1157.14 0 0 0
-9999 -9999 -9999 -9999 -9999 0 0 0 0 -1357.35 -1357.35 -1267.83 -1227.05 -1157.56 -1157.56 0 0 0 0 0 0 0 0 0 0 0 -1298.29 -1321.26 -1330.44 -1349.2 -1367.19 -1386.88 -1396.72 -1403.28 -1409.84 -1409.84 -1413.12 -1409.84 -1400 -1406.56 -1400 -1413.12 -1409.84 -1409.84 -1404.01 -1406.56 -1400 -1400 -1393.44 -1390.16 -1390.16 -1380.31 -1377.03 -1370.47 -1364.28 -1357.35 -1350.79 -1350.79 -1344.22 -1333.92 -1327.82 -1321.26 -1317.97 -1299.1 -1296.11 -1275.32 -1253.17 -1206.81 -1249.07 -1142.89 -1213.22 -1144.1 -1129.59 -1141.58 -1193.62 -1157.14 0 0 0
-9999 -9999 -9999 -9999 -9999 -9999 0 -1245.66 -1350.79 -1334.38 -1334.38 -1314.69 0 0 -1094.87 0 0 0 0 0 0 0 0 0 0 0 0 -1304.85 -1330.44 -1347.5 -1367.19 -1383.59 -1383.59 -1396.72 -1406.56 -1408.59 -1409.84 -1400 -1396.72 -1396.72 -1407.18 -1409.84 -1406.56 -1403.28 -1403.28 -1400 -1400.53 -1396.72 -1390.16 -1393.44 -1386.88 -1380.31 -1370.47 -1370.47 -1370.47 -1363.91 -1354.07 -1347.5 -1337.66 -1331.1 -1324.54 -1324.54 -1317.97 -1314.69 -1304.85 -1278.6 -1229 -1209.7 -1275.19 -1266.43 -1222.09 -1141.67 -1172.92 -1169.55 -1161.34 -1161.34 -1133.36 -1039.53 0
-9999 -9999 -9999 -9999 -9999 -9999 -9999 0 -1301.57 -1309.06 -1304.85 -1262.84 0 0 0 0 0 0 0 0 0 0 0 0 0 0 -1278.6 -1324.54 -1324.54 -1337.66 -1350.8 -1370.47 -1383.59 -1400 -1409.84 -1406.56 -1400 -1406.68 -1396.72 -1406.56 -1407.18 -1406.56 -1406.56 -1400 -1403.28 -1403.28 -1400.53 -1396.72 -1390.16 -1390.16 -1390.16 -1383.59 -1383.59 -1370.47 -1370.47 -1360.63 -1350.79 -1350.79 -1340.94 -1334.38 -1326.27 -1324.54 -1314.84 -1308.13 -1304.85 -1298.29 -1293.86 -1281.88 -1273.37 -1252.35 -1219.04 -1181.38 -1214.7 -1203.14 -1147.37 -1169.87 -1159.06 -1094.78 0
-9999 -9999 -9999 -9999 -9999 -9999 -9999 0 -1249.07 0 0 -1188.92 -1185.88 0 0 0 0 0 0 0 0 0 0 0 0 0 0 -1285.68 -1314.69 -1340.94 -1354.07 -1377.03 -1377.03 -1397.46 -1406.56 -1406.56 -1406.56 -1400 -1406.56 -1406.56 -1403.28 -1403.28 -1406.56 -1403.28 -1400 -1400 -1400 -1400 -1400 -1393.44 -1390.16 -1383.59 -1377.03 -1377.03 -1370.47 -1360.63 -1357.35 -1347.5 -1340.94 -1334.38 -1326.27 -1324.54 -1317.97 -1314.69 -1304.85 -1295.01 -1293.86 -1281.88 -1281.88 -1268.76 -1215.84 -1245.79 -1214.7 -1175.12 -1147.37 -1160.42 -1199.86 -1148.64 0
-9999 -9999 -9999 -9999 -9999 -9999 -9999 -9999 0 0 0 -1188.92 0 0 0 0 0 0 0 0 0 0 0 0 0 0 0 -1288.45 -1288.45 -1322.12 -1347.5 -1373.75 -1383.59 -1399.18 -1404.78 -1406.56 -1400 -1406.56 -1400 -1401.68 -1403.28 -1400 -1400 -1400 -1400 -1400 -1400 -1396.72 -1393.44 -1393.44 -1393.44 -1386.88 -1383.59 -1373.75 -1367.19 -1360.63 -1354.07 -1350.79 -1344.22 -1334.38 -1329.29 -1324.54 -1317.62 -1317.22 -1317.22 -1304.13 -1295.01 -1284.3 -1281.88 -1240.26 -1204.91 -1243.5 -1244.51 -1202.23 -1229.39 -1146.71 -1182 -1099.13 0
-9999 -9999 -9999 -9999 -9999 -9999 -9999 -9999 0 0 0 0 0 0 0 0 0 0 0 0 0 0 0 0 0 0 0 0 0 -1322.12 -1357.35 -1373.75 -1383.59 -1393.44 -1406.56 -1406.56 -1403.28 -1406.56 -1403.28 -1403.28 -1400 -1403.28 -1400 -1400 -1399.59 -1397.94 -1397.94 -1389.67 -1391.99 -1390.16 -1390.16 -1383.59 -1377.03 -1377.03 -1372.05 -1363.91 -1357.35 -1347.5 -1340.94 -1334.38 -1327.82 -1327.82 -1321.26 -1314.69 -1308.13 -1295.01 -1291.73 -1268.76 -1268.76 -1257.19 -1268.76 -1249.07 -1195.45 -1213.44 -1205.57 -1220.68 -1147.52 -1105.92 -1107.02
-9999 -9999 -9999 -9999 -9999 -9999 -9999 -9999 -9999 0 0 0 0 0 0 0 0 0 0 0 0 0 0 0 0 0 0 0 0 0 0 -1366.84 -1386.88 -1396.72 -1403.35 -1403.35 -1403.28 -1406.56 -1400 -1400 -1401.48 -1403.22 -1389.02 -1392.5 -1371.16 -1393.04 -1374.36 -1389.67 -1380.02 -1390.16 -1363.88 -1380.09 -1374.31 -1377.03 -1370.47 -1363.91 -1357.35 -1357.35 -1347.5 -1344.22 -1334.38 -1327.82 -1321.26 -1314.69 -1311.56 -1304.85 -1295.48 -1278.6 -1253.77 -1240.24 -1232.05 -1230.23 -1252.35 -1214.39 -1219.63 -1187.72 -1220.4 -1077.52 -1117.83
-9999 -9999 -9999 -9999 -9999 -9999 -9999 -9999 -9999 0 0 0 0 0 0 0 0 0 0 0 0 0 0 0 0 0 0 0 0 0 0 0 -1372 -1396.72 -1400 -1400 -1400 -1393.44 -1400 -1400 -1379 -1379.12 -1340.47 -1357.82 -1333.45 -1352.86 -1313.24 -1337.52 -1320.4 -1346.54 -1325.16 -1357.69 -1347.39 -1347.39 -1356.54 -1365.52 -1357.35 -1354.07 -1344.22 -1340.94 -1337.66 -1331.1 -1324.54 -1314.69 -1304.85 -1304.85 -1291.73 -1278.6 -1281.29 -1254.22 -1232.67 -1230.23 -1239.23 -1214.39 -1118.3 -1118.3 -1144.92 -1193.38 -1150.94
-9999 -9999 -9999 -9999 -9999 -9999 -9999 -9999 -9999 -9999 0 0 0 0 0 0 0 0 0 0 0 0 0 0 0 0 0 0 0 0 0 0 -1370.55 -1400 -1400 -1400 -1400 -1394.12 -1373.68 -1375.51 -1321.53 -1333.45 -1302.97 -1308.32 -1307.92 -1311.83 -1310.8 -1309.21 -1307.35 -1310.57 -1296.4 -1297.93 -1287.22 -1313.83 -1323.61 -1356.7 -1357.2 -1357.2 -1350.79 -1344.22 -1337.66 -1331.1 -1317.97 -1308.13 -1308.13 -1298.29 -1288.45 -1278.6 -1265.48 -1261.34 -1245.79 -1245.79 -1206.02 -1190.02 -1190.02 -1180.17 -1130.96 -1208.18 -1171.25
-9999 -9999 -9999 -9999 -9999 -9999 -9999 -9999 -9999 -9999 -9999 0 0 0 0 0 0 0 0 0 0 0 0 0 0 0 0 0 0 0 0 0 0 -1381.86 -1393.99 -1400 -1400 -1369.47 -1373.68 -1312.12 -1315.56 -1299.09 -1302.97 -1377.25 -1307.92 -1360.89 -1360.89 -1351.04 -1343.89 -1336.4 -1296.4 -1286.93 -1278.61 -1278.61 -1271.72 -1302.79 -1335.9 -1352.95 -1350.79 -1344.22 -1340.94 -1334.38 -1324.54 -1314.69 -1301.57 -1295.01 -1281.88 -1275.32 -1268.76 -1265.48 -1249.94 -1235.8 -1193.99 -1190.02 -1166.02 -1166.02 -1176.26 -1137.52 -1137.48
-9999 -9999 -9999 -9999 -9999 -9999 -9999 -9999 -9999 -9999 -9999 0 0 0 0 0 0 0 0 0 0 0 0 0 0 0 0 0 0 0 0 0 0 -1399.11 -1399.93 -1385.12 -1387.06 -1306.38 -1307.07 -1284.77 -1290.06 -1383.18 -1383.18 -1378.77 -1375.16 -1364.05 -1353.51 -1346.62 -1342.61 -1341.92 -1335.04 -1317.19 -1309.57 -1293.11 -1271.72 -1292.48 -1335.9 -1332.94 -1350.79 -1340.94 -1340.94 -1334.1 -1324.54 -1309.59 -1309.59 -1301.57 -1288.45 -1278.6 -1268.76 -1264.11 -1249.94 -1249.07 -1238.4 -1219.55 -1199.86 -1175.7 -1135.25 -1109.69 -1081.72
-9999 -9999 -9999 -9999 -9999 -9999 -9999 -9999 -9999 -9999 -9999 -9999 0 0 0 0 0 0 0 0 0 0 0 0 0 0 0 0 0 0 0 0 0 -1314.1 -1358.52 -1341.1 -1332.21 -1274.9 -1274.9 -1372.65 -1378.43 -1379.75 -1381.55 -1379.26 -1373.37 -1358.39 -1358.39 -1353.88 -1347.98 -1343.99 -1330.24 -1314.45 -1303.37 -1301.22 -1291.66 -1262.22 -1283.94 -1329.95 -1346.1 -1337.66 -1337.66 -1327.82 -1324.54 -1314.69 -1304.85 -1288.63 -1278.6 -1268.76 -1268.76 -1255.64 -1252.35 -1242.51 -1238.4 -1199.86 -1199.86 -1179.19 -1147.36 -1119.58 -1081.72
-9999 -9999 -9999 -9999 -9999 -9999 -9999 -9999 -9999 -9999 -9999 -9999 0 0 0 0 0 0 0 0 0 0 0 0 0 0 0 0 0 0 0 0 0 -1314.1 -1344.4 -1344.4 -1277.41 -1275.17 -1358.02 -1371.61 -1377.09 -1382.59 -1382.59 -1381.97 -1380.4 -1371.14 -1359.21 -1357.1 -1349.5 -1354.38 -1346.83 -1328.24 -1309.88 -1296.93 -1284.66 -1251.38 -1284.34 -1269.25 -1321.52 -1334.57 -1334.38 -1324.54 -1317.97 -1304.85 -1304.85 -1291.73 -1286.1 -1275.32 -1265.48 -1255.64 -1245.79 -1241.69 -1232.67 -1216.25 -1206.82 -1173.28 -1211.57 -1135.22 -1135.22
-9999 -9999 -9999 -9999 -9999 -9999 -9999 -9999 -9999 -9999 -9999 -9999 -9999 0 0 0 0 0 0 0 0 0 0 0 0 0 0 0 0 0 0 0 0 0 0 -1308.13 -1211.71 -1324.79 -1323.81 -1359.81 -1376.17 -1378.05 -1384.59 -1381.97 -1377.84 -1371.14 -1373.37 -1370.34 -1371.46 -1354.38 -1352.34 -1328.24 -1308.53 -1308.53 -1293.26 -1261.59 -1245.56 -1269.25 -1303.19 -1328.83 -1328.83 -1320.2 -1321.26 -1311.41 -1300.24 -1288.45 -1281.88 -1278.6 -1272.04 -1258.92 -1249.07 -1232.67 -1232.67 -1222.83 -1199.86 -1216.6 -1241.91 -1170.33 -1265.48
-9999 -9999 -9999 -9999 -9999 -9999 -9999 -9999 -9999 -9999 -9999 -9999 -9999 -9999 0 0 0 0 0 0 0 0 0 0 0 0 0 0 0 0 0 0 0 0 -1160.24 -1160.24 -1197.5 -1274.03 -1313 -1357.19 -1374.44 -1380.52 -1371.51 -1379.2 -1370.05 -1377.25 -1377.19 -1376.93 -1384.53 -1384.53 -1385.17 -1352.16 -1318.1 -1305.87 -1283.96 -1250.64 -1264.82 -1234.46 -1241.5 -1283.47 -1300.45 -1320.2 -1314.69 -1311.41 -1308.13 -1298.29 -1285.17 -1278.6 -1265.48 -1258.92 -1245.79 -1245.79 -1288.45 -1288.68 -1242.51 -1216.6 -1180.17 -1170.33 -1193.3
-9999 -9999 -9999 -9999 -9999 -9999 -9999 -9999 -9999 -9999 -9999 -9999 -9999 -9999 0 0 0 0 0 0 0 0 0 0 0 0 0 0 0 0 0 0 0 0 0 -1149.99 -1169.32 -1249.19 -1218.64 -1290.72 -1336.43 -1362.8 -1367.38 -1367.83 -1357.23 -1368.18 -1360.72 -1379.33 -1416.42 -1404.7 -1380.24 -1349.87 -1307.3 -1307.3 -1285.16 -1278 -1264.12 -1226.79 -1209.72 -1249.52 -1207.27 -1258.06 -1276.5 -1311.09 -1307.16 -1298.29 -1324.54 -1324.54 -1311.41 -1272.04 -1304.85 -1298.29 -1258.92 -1249.07 -1227.87 -1227.87 -1206.74 -1199.86 -1155.37
-9999 -9999 -9999 -9999 -9999 -9999 -9999 -9999 -9999 -9999 -9999 -9999 -9999 -9999 -9999 0 0 0 0 0 0 0 0 0 0 0 0 0 0 0 0 0 0 0 0 0 -1014.59 -1126.45 -1218.64 -1283.97 -1336.43 -1363.41 -1363.41 -1367.28 -1355.54 -1341.36 -1350.78 -1390.68 -1405.01 -1405.01 -1382.1 -1366.68 -1309.4 -1298.25 -1284.34 -1271.79 -1268.45 -1260.36 -1244.68 -1200.31 -1196.77 -1222.69 -1236.34 -1297.08 -1273.75 -1296.65 -1295.01 -1317.97 -1311.9 -1282.92 -1272.04 -1272.04 -1236.75 -1229.39 -1212.98 -1203.14 -1180.8 -1153.78 -1182.15
