gis_data/PP1766_DIS_Layer2_Top_ASCII.txt
ncols         308
nrows         431
xllcorner     -321143.35392317
yllcorner     1277883.4776336
cellsize      1609.334
NODATA_value  -9999
[rows 324 to 359 of 431, columns 160 to 239 of 308]
-9999 0 0 0 0 0 0 0 0 0 0 0 0 0 0 0 0 0 0 0 0 0 0 557.851 646.562 482.409 477.671 467.828 606.787 578.658 581.924 421.894 478.163 352.993 285.167 217.594 153.85 129.885 106.918 106.918 93.794 83.951 70.827 64.265 41.298 38.017 31.455 34.736 31.455 31.455 31.455 31.455 31.455 31.455 130.455 133.736 133.736 137.017 140.298 143.579 143.579 143.579 146.86 150.141 156.703 163.265 166.546 173.108 169.827 172.748 179.67 182.951 186.232 192.881 202.637 202.637 212.48 222.323 228.885 235.447
-9999 -9999 0 0 0 0 0 0 0 0 0 0 0 0 0 0 0 0 0 0 0 0 0 0 646.562 542.29 477.671 500.638 500.638 759.882 639.981 571.06 478.163 384.575 285.167 318.816 225.034 182.381 136.001 100.356 80.67 74.108 67.546 59.8763 38.017 38.017 34.736 31.455 31.455 31.455 31.455 31.455 31.455 31.455 130.455 130.455 133.736 133.736 137.017 137.017 140.298 143.579 146.86 150.141 150.141 156.703 163.265 163.265 169.827 173.108 179.67 179.67 186.232 192.794 196.525 205.918 212.48 221.678 232.166 232.166
-9999 -9999 -9999 0 0 0 0 0 0 0 0 0 0 0 0 0 0 0 0 0 0 0 0 0 0 0 628.805 543.024 563.506 765.224 0 0 0 0 454.238 344.862 264.519 204.506 136.001 126.604 90.513 70.827 67.546 41.298 38.017 31.455 31.455 31.455 31.455 31.455 31.455 31.455 31.455 31.455 31.455 130.455 133.736 133.736 137.017 137.017 140.298 140.298 143.579 146.86 153.422 159.984 160.068 159.984 166.546 169.827 176.389 182.951 189.513 192.794 202.637 202.637 212.48 215.761 134.728 142.475
-9999 -9999 -9999 0 0 0 0 0 0 0 0 0 0 0 0 0 0 0 0 0 0 0 0 0 0 0 568.428 585.944 585.944 609.923 757.237 0 0 0 702.124 613.701 458.096 310.86 205.332 146.29 80.9704 60.984 60.984 38.017 38.017 31.455 31.455 31.455 31.455 31.455 31.455 31.455 31.455 31.455 130.455 130.455 133.736 133.736 133.736 137.017 140.298 140.298 143.579 143.579 143.579 153.422 159.984 163.265 166.546 169.827 176.389 179.67 184.621 189.513 196.075 205.918 212.48 225.604 134.728 137.103
-9999 -9999 -9999 -9999 0 0 0 0 0 0 0 0 0 0 0 0 0 0 0 0 0 0 0 0 0 0 0 699.928 615.473 626.45 800.777 782.45 0 0 0 0 552.961 351.207 215.943 238.158 130.046 47.86 41.298 38.017 31.455 31.455 31.455 31.455 31.455 31.455 31.455 31.455 31.455 31.455 34.736 133.736 133.736 133.736 137.017 140.298 140.298 140.298 140.298 143.579 146.86 153.422 155.358 161.069 161.069 166.546 173.108 179.67 186.232 192.794 199.356 205.918 212.48 123.323 129.885 143.328
-9999 -9999 -9999 -9999 0 0 0 0 0 0 0 0 0 0 0 0 0 0 0 0 0 0 0 0 0 0 830.215 699.928 677.812 636.977 628.597 782.45 825.58 0 0 0 0 583.171 450.205 238.158 142.961 47.86 47.86 41.298 38.017 31.455 31.455 31.455 31.455 31.455 31.455 31.455 31.455 34.736 34.736 133.736 133.736 137.017 137.017 137.017 137.017 140.298 140.298 143.579 143.579 146.86 153.422 156.703 159.984 166.546 169.827 173.108 179.67 189.513 199.356 209.199 116.761 126.604 126.604 137.292
-9999 -9999 -9999 -9999 -9999 0 0 0 0 0 0 0 0 0 0 0 0 0 0 0 0 0 0 0 0 0 0 773.139 721.396 654.845 622.035 622.035 649.504 822.829 0 0 0 0 0 437.937 339.25 129.229 63.8416 38.017 34.736 31.455 31.455 31.455 31.455 31.455 31.455 31.455 31.455 31.455 34.736 34.736 137.017 137.017 137.017 137.017 140.298 137.017 140.298 140.298 143.579 146.86 150.141 146.86 153.422 159.984 166.546 176.389 182.273 189.513 199.356 196.075 109.883 113.48 126.604 134.518
-9999 -9999 -9999 -9999 -9999 0 0 0 0 0 0 0 0 0 0 0 0 0 0 0 0 0 0 0 0 0 0 964.148 0 745.1 683.034 621.28 602.937 676.841 809.158 809.158 0 0 0 0 263.067 139.728 120.042 51.141 35.2328 34.736 34.736 31.455 34.736 34.736 34.736 34.736 34.736 34.736 38.017 137.017 140.298 140.298 140.298 140.298 140.298 137.017 140.298 141.82 143.579 143.579 143.579 146.86 150.141 159.984 166.546 166.546 179.67 182.951 189.513 196.075 106.918 113.48 116.761 123.323
-9999 -9999 -9999 -9999 -9999 -9999 0 0 0 0 0 0 0 0 0 0 0 0 0 0 0 0 0 0 0 0 0 0 0 832.474 683.034 713.443 645.002 570.83 533.625 680.523 700.518 0 0 0 0 326.896 104.934 44.579 38.017 34.736 38.017 34.736 34.736 34.736 34.736 34.736 38.017 38.017 41.298 140.298 140.298 140.298 140.298 140.298 140.298 140.298 140.298 143.579 143.579 143.579 143.579 143.579 146.86 150.141 163.265 173.108 176.389 182.951 189.513 189.513 100.356 106.918 120.042 130.15
-9999 -9999 -9999 -9999 -9999 -9999 -9999 0 0 0 0 0 0 0 0 0 0 0 0 0 0 0 0 0 0 0 0 0 0 0 891.676 968.978 631.694 536.601 533.625 502.091 556.708 653.699 0 0 0 376.848 376.848 106.918 46.2997 38.017 38.017 38.017 34.736 38.017 34.736 38.017 38.017 41.298 41.298 140.298 140.298 140.298 140.298 140.298 140.298 140.298 140.298 143.579 143.579 143.579 143.579 146.86 150.141 156.703 166.546 166.546 169.827 176.389 83.951 93.794 103.637 110.199 113.48 127.891
-9999 -9999 -9999 -9999 -9999 -9999 -9999 0 0 0 0 0 0 0 0 0 0 0 0 0 0 0 0 0 0 0 0 0 0 0 0 0 842.891 633.129 552.501 457.382 507.2 607.107 607.107 800.432 0 0 315.707 106.658 46.7656 41.298 41.298 41.3531 38.017 41.298 38.017 41.298 38.017 41.298 41.298 140.298 140.298 140.298 140.298 140.298 140.298 140.298 140.298 143.579 143.579 143.579 143.579 143.579 146.86 153.422 159.984 163.265 169.827 77.389 87.232 87.232 97.075 106.918 120.042 136.575
-9999 -9999 -9999 -9999 -9999 -9999 -9999 -9999 0 0 0 0 0 0 0 0 0 0 0 0 0 0 0 0 0 0 0 0 0 0 0 0 0 614.817 519.685 495.555 431.737 420.32 573.545 0 0 0 0 200.32 116.503 80.67 67.546 64.265 41.4078 54.6478 44.579 44.579 44.579 41.298 41.298 140.298 140.298 140.298 140.298 140.298 140.298 143.579 143.579 146.86 146.86 143.579 143.579 146.86 148.991 156.703 156.703 156.703 163.265 70.827 77.389 90.513 97.075 110.199 110.199 123.323
-9999 -9999 -9999 -9999 -9999 -9999 -9999 -9999 0 0 0 0 0 0 0 0 0 0 0 0 0 0 0 0 0 0 0 0 0 0 0 0 0 0 0 495.555 398.927 420.32 407.071 652.498 0 0 0 170.307 90.513 93.794 87.232 83.951 71.5966 60.984 53.9866 47.86 44.579 44.579 41.298 41.298 140.298 140.298 140.298 140.298 140.298 146.86 146.86 146.86 146.86 146.86 146.86 150.141 150.141 156.703 156.703 57.703 64.265 70.827 70.827 83.951 93.794 103.637 110.199 123.323
-9999 -9999 -9999 -9999 -9999 -9999 -9999 -9999 -9999 0 0 0 0 0 0 0 0 0 0 0 0 0 0 0 0 0 0 0 0 0 0 0 0 0 0 0 415.332 366.117 413.569 666.895 0 0 0 0 156.133 93.794 97.075 83.951 76.8348 76.8348 60.984 57.703 47.1336 44.579 41.298 41.298 41.298 41.298 140.298 140.298 143.579 146.86 146.86 146.86 146.86 150.141 150.141 156.703 156.703 57.703 57.703 57.703 54.422 64.265 70.827 87.232 93.794 105.758 105.758 120.042
-9999 -9999 -9999 -9999 -9999 -9999 -9999 -9999 -9999 -9999 0 0 0 0 0 0 0 0 0 0 0 0 0 0 0 0 0 0 0 0 0 0 0 0 0 0 415.332 343.15 333.307 414.115 570.292 0 0 0 141.628 141.628 116.761 103.637 90.513 74.108 60.984 47.86 44.579 44.579 41.298 41.298 41.298 41.298 41.298 41.298 41.298 47.86 47.86 146.86 150.141 150.141 154.261 154.261 159.984 156.703 57.703 57.703 57.703 64.265 64.265 77.389 87.5105 97.075 113.48 120.042
-9999 -9999 -9999 -9999 -9999 -9999 -9999 -9999 -9999 -9999 0 0 0 0 0 0 0 0 0 0 0 0 0 0 0 0 0 0 0 0 0 0 753.275 0 0 0 0 395.41 312.811 410.412 507.942 0 0 0 253.974 143.914 123.323 103.637 83.951 83.951 70.827 53.3543 44.579 41.298 43.3159 41.298 41.298 41.298 41.298 41.298 44.579 47.86 47.86 47.86 51.141 54.422 64.265 60.984 60.984 60.984 57.703 57.703 57.703 57.703 67.546 77.389 93.794 103.637 110.199 123.323
-9999 -9999 -9999 -9999 -9999 -9999 -9999 -9999 -9999 -9999 -9999 0 0 0 0 0 0 0 0 0 0 0 0 0 0 0 0 0 0 0 0 0 807.285 681.093 0 0 0 374.553 374.553 310.34 374.623 455.173 0 0 253.974 190.58 143.009 116.761 97.075 80.67 64.265 47.86 44.579 44.579 44.579 44.579 44.579 44.579 44.579 44.579 47.86 47.86 51.141 51.141 64.265 64.265 67.546 67.546 57.703 57.703 57.703 57.703 57.703 60.984 67.546 70.827 84.7806 97.075 116.761 129.885
-9999 -9999 -9999 -9999 -9999 -9999 -9999 -9999 -9999 -9999 -9999 0 0 0 0 0 0 0 0 0 0 0 0 0 0 0 0 0 0 0 0 0 665.234 623.397 623.397 0 0 0 366.117 297.11 298.187 384.612 384.612 0 0 176.843 139.728 110.199 97.075 83.951 77.389 60.984 47.86 47.86 44.579 44.579 44.579 54.422 47.86 57.0098 47.86 51.141 51.141 57.703 62.4327 57.703 57.703 57.703 57.703 57.703 57.703 57.703 57.703 60.984 70.827 77.389 93.794 103.637 113.48 123.323
-9999 -9999 -9999 -9999 -9999 -9999 -9999 -9999 -9999 -9999 -9999 -9999 0 0 0 0 0 0 0 0 0 0 0 0 0 0 0 0 0 0 0 0 0 628.514 592.506 559.696 0 0 0 0 287.373 288.702 238.158 205.348 258.372 229.899 134.495 106.918 97.075 77.389 67.546 57.703 57.703 60.984 51.141 54.422 57.703 56.0451 57.703 54.422 54.422 57.703 57.703 57.703 57.703 57.703 57.703 57.703 57.703 57.703 57.703 57.703 57.703 67.546 67.546 77.389 83.951 100.356 113.48 130.827
-9999 -9999 -9999 -9999 -9999 -9999 -9999 -9999 -9999 -9999 -9999 -9999 -9999 0 0 0 0 0 0 0 0 0 0 0 0 0 0 0 0 0 0 0 0 628.514 591.299 530.167 530.167 0 0 0 297.216 320.183 381.966 0 0 166.011 120.042 100.356 90.513 90.4848 77.389 66.8265 57.703 57.703 57.703 57.703 57.703 57.703 57.703 60.984 57.703 57.703 57.703 60.984 60.984 57.703 57.703 57.703 57.703 57.703 57.703 57.703 64.265 73.9162 77.389 87.232 93.794 113.48 113.48 133.166
-9999 -9999 -9999 -9999 -9999 -9999 -9999 -9999 -9999 -9999 -9999 -9999 -9999 0 0 0 0 0 0 0 0 0 0 0 0 0 0 0 0 0 0 0 0 667.697 556.961 530.167 510.481 0 0 0 0 320.183 494.873 0 0 0 159.414 116.761 106.918 90.4848 80.67 66.8265 70.827 57.703 60.984 57.703 60.984 60.984 60.984 60.984 60.984 64.265 64.265 64.265 60.984 60.984 57.703 57.703 57.703 57.703 57.703 67.546 70.827 78.0054 78.0054 90.513 93.794 106.918 120.042 139.728
-9999 -9999 -9999 -9999 -9999 -9999 -9999 -9999 -9999 -9999 -9999 -9999 -9999 -9999 0 0 0 0 0 0 0 0 0 0 0 0 0 0 0 0 0 0 0 624.875 625.316 550.758 494.076 486.194 0 0 352.993 352.993 463.944 0 0 0 152.852 126.604 114.305 114.305 103.637 83.951 67.546 57.703 60.984 60.984 62.0115 64.265 67.546 64.265 64.265 64.265 64.265 64.265 64.265 60.984 60.984 57.703 57.703 57.703 60.984 67.546 77.389 77.389 83.951 90.513 100.356 113.48 113.48 129.885
-9999 -9999 -9999 -9999 -9999 -9999 -9999 -9999 -9999 -9999 -9999 -9999 -9999 -9999 0 0 0 0 0 0 0 0 0 0 0 0 0 0 0 0 0 0 0 0 603.588 530.882 471.109 455.496 448.142 412.051 366.117 362.836 477.371 0 0 0 0 169.257 156.133 126.604 103.637 85.5241 87.2135 69.9882 64.265 60.984 64.265 64.265 67.546 67.546 67.546 67.546 67.546 67.546 64.265 60.984 60.984 60.984 60.984 60.984 91.0901 94.5268 80.67 80.67 89.579 90.513 103.637 106.918 120.042 129.885
-9999 -9999 -9999 -9999 -9999 -9999 -9999 -9999 -9999 -9999 -9999 -9999 -9999 -9999 -9999 0 0 0 0 0 0 0 0 0 0 0 0 0 0 0 0 0 0 0 0 0 513.762 480.952 448.142 0 366.117 344.414 368.955 400.373 273.963 0 221.753 188.943 156.133 156.133 123.289 100.356 83.951 70.827 70.827 64.265 67.546 66.037 67.546 67.546 67.546 67.546 67.546 67.546 67.546 64.265 66.4022 60.984 78.3241 81.721 99.335 101.86 83.951 87.232 97.075 97.075 110.199 113.48 120.042 126.604
-9999 -9999 -9999 -9999 -9999 -9999 -9999 -9999 -9999 -9999 -9999 -9999 -9999 -9999 -9999 0 0 0 0 0 0 0 0 0 0 0 0 0 0 0 0 0 0 0 0 642.007 549.853 0 0 0 406.479 333.712 376.101 318.637 273.963 257.844 241.439 221.753 186.455 153.239 123.289 97.075 97.075 77.389 70.827 67.546 67.546 67.546 67.546 70.827 70.827 70.827 67.546 68.8176 65.6478 66.7691 81.6445 81.6445 93.1227 99.2446 97.8814 80.67 90.513 93.794 100.356 106.918 116.761 120.042 129.885 133.166
-9999 -9999 -9999 -9999 -9999 -9999 -9999 -9999 -9999 -9999 -9999 -9999 -9999 -9999 -9999 -9999 0 0 0 0 0 0 0 0 0 0 0 0 0 0 0 0 0 0 0 0 0 0 0 0 351.211 349.56 336.65 320.183 300.497 274.249 244.72 228.315 228.315 205.348 159.414 133.166 100.356 74.6678 70.827 70.827 70.827 70.827 70.827 70.827 70.827 70.827 70.827 70.827 70.827 73.5298 76.9748 88.6589 93.1227 100.337 100.337 83.951 87.232 100.356 100.356 116.761 116.761 128.402 126.604 143.009
-9999 -9999 -9999 -9999 -9999 -9999 -9999 -9999 -9999 -9999 -9999 -9999 -9999 -9999 -9999 -9999 -9999 0 0 0 0 0 0 0 0 0 0 0 0 0 0 0 0 0 0 0 0 0 0 352.993 362.836 362.836 343.15 330.026 307.059 323.464 278.26 267.687 235.094 221.207 175.819 126.604 126.604 90.513 77.389 74.108 74.108 74.108 70.827 74.108 74.108 74.108 70.827 70.827 71.312 81.7287 85.5897 85.6623 90.8536 90.4137 91.4447 90.513 93.794 106.918 106.918 116.761 124.727 139.728 139.728 152.852
-9999 -9999 -9999 -9999 -9999 -9999 -9999 -9999 -9999 -9999 -9999 -9999 -9999 -9999 -9999 -9999 -9999 0 0 0 0 0 0 0 0 0 0 0 0 0 0 0 1006.6 0 0 0 635.934 0 0 352.993 389.932 389.932 392.365 366.623 352.993 323.464 302.355 267.687 284.092 251.282 237.196 178.58 126.604 90.513 77.389 77.389 77.389 79.8721 77.389 77.389 77.389 77.389 70.827 83.7176 78.809 80.7966 81.7332 81.4051 85.0008 83.951 83.951 97.075 100.356 110.199 113.48 126.604 133.166 143.009 149.571 165.98
-9999 -9999 -9999 -9999 -9999 -9999 -9999 -9999 -9999 -9999 -9999 -9999 -9999 -9999 -9999 -9999 -9999 -9999 0 0 0 0 0 0 0 0 0 0 0 0 0 0 808.7 822.679 0 679.052 566.258 566.258 517.043 0 435.018 464.072 423.319 392.365 382.522 382.522 366.117 323.936 300.497 268.299 303.44 178.58 188.563 125.602 93.794 77.4186 80.67 79.8721 74.3435 74.3435 77.389 77.389 85.7266 83.7176 85.4046 80.7966 77.8526 77.1693 77.389 77.389 90.513 97.075 106.918 120.042 120.042 133.166 136.447 158.462 162.695 179.191
-9999 -9999 -9999 -9999 -9999 -9999 -9999 -9999 -9999 -9999 -9999 -9999 -9999 -9999 -9999 -9999 -9999 -9999 0 0 0 0 0 0 0 0 0 0 0 0 0 0 832.946 717.169 727.638 661.414 602.349 549.853 497.357 487.808 454.704 454.704 487.514 451.423 444.861 405.755 385.441 339.869 352.993 305.553 284.092 295.16 203.526 130.554 116.761 90.513 100.356 83.951 86.5765 78.4722 81.0832 81.7152 92.4045 92.4045 86.8554 82.5383 77.389 74.108 83.951 87.232 93.794 100.356 110.199 113.48 126.604 133.166 152.852 152.852 169.257 175.819
-9999 -9999 -9999 -9999 -9999 -9999 -9999 -9999 -9999 -9999 -9999 -9999 -9999 -9999 -9999 -9999 -9999 -9999 -9999 0 0 0 0 0 0 0 0 0 0 0 0 0 0 0 727.638 670.922 602.349 581.527 520.324 500.638 525.466 497.357 526.886 487.514 477.671 477.671 453.168 398.927 359.555 320.183 293.894 274.999 265.03 228.015 169.257 136.447 100.356 87.5705 83.2789 83.2789 83.951 83.951 99.0786 93.7654 77.389 77.389 80.67 80.67 87.232 90.513 100.356 106.918 120.042 123.323 133.166 136.636 156.133 162.695 182.381 188.943
-9999 -9999 -9999 -9999 -9999 -9999 -9999 -9999 -9999 -9999 -9999 -9999 -9999 -9999 -9999 -9999 -9999 -9999 -9999 -9999 0 0 0 0 0 0 0 0 0 0 0 0 0 856.137 856.137 0 658.126 584.796 520.324 553.911 525.466 579.382 552.928 550.62 523.605 498.394 453.168 405.59 405.59 366.117 326.745 284.092 265.03 245.601 169.257 172.538 129.885 104.732 96.6923 80.67 83.9203 90.513 108.499 108.499 80.67 83.5413 87.232 87.232 93.794 97.075 103.637 106.918 120.042 126.604 139.728 146.29 165.976 165.976 182.381 192.224
-9999 -9999 -9999 -9999 -9999 -9999 -9999 -9999 -9999 -9999 -9999 -9999 -9999 -9999 -9999 -9999 -9999 -9999 -9999 -9999 0 0 0 0 0 0 0 0 0 0 0 0 0 0 0 0 0 0 0 635.064 580.98 621.598 589.225 592.506 592.506 559.696 510.481 454.704 408.659 356.274 323.464 289.055 289.055 261.134 244.72 171.596 128.69 93.794 80.67 80.67 83.951 87.232 107.819 112.907 80.67 89.2849 89.2849 93.794 93.794 100.356 103.637 116.761 120.042 136.447 136.447 152.852 156.133 175.819 182.381 202.067
-9999 -9999 -9999 -9999 -9999 -9999 -9999 -9999 -9999 -9999 -9999 -9999 -9999 -9999 -9999 -9999 -9999 -9999 -9999 -9999 -9999 0 0 0 0 0 0 0 0 0 0 0 0 0 0 0 0 0 0 696.118 645.121 697.498 674.615 664.688 618.754 550.127 501.901 451.423 451.423 398.927 356.274 326.915 297.216 261.183 236.916 225.034 169.257 123.393 97.075 87.232 87.232 90.513 120.48 110.199 108.233 100.356 93.794 100.356 100.356 106.918 106.918 120.042 123.323 139.728 146.29 165.976 169.257 182.381 186.495 205.348
-9999 -9999 -9999 -9999 -9999 -9999 -9999 -9999 -9999 -9999 -9999 -9999 -9999 -9999 -9999 -9999 -9999 -9999 -9999 -9999 -9999 0 0 0 0 0 0 0 0 0 0 0 0 0 0 0 0 0 0 0 0 697.498 733.589 664.688 661.659 598.887 548.754 494.076 444.861 408.77 363.64 345.489 345.489 406.059 261.126 223.948 167.122 120.042 92.8754 189.513 87.232 186.232 90.513 116.761 113.48 110.199 110.199 113.48 106.918 113.48 115.209 126.604 133.166 141.525 149.56 168.557 175.819 192.224 198.786 216.259
-9999 -9999 -9999 -9999 -9999 -9999 -9999 -9999 -9999 -9999 -9999 -9999 -9999 -9999 -9999 -9999 -9999 -9999 -9999 -9999 -9999 -9999 0 0 0 0 0 0 0 0 0 0 0 0 0 0 0 0 0 0 0 0 800.973 746.852 667.966 600.736 664.328 494.076 599.515 547.142 527.456 481.522 448.712 406.059 359.655 359.655 310.91 261.695 214.038 189.513 186.232 186.232 189.513 189.513 116.241 123.323 120.042 120.042 113.48 116.761 116.761 126.604 133.166 149.571 156.133 175.819 185.662 192.326 205.348 221.753
