gis_data/PP1766_DIS_Layer8_Top_ASCII.txt
ncols         308
nrows         431
xllcorner     -321143.35392317
yllcorner     1277883.4776336
cellsize      1609.334
NODATA_value  -9999
[rows 315 to 349 of 431, columns 158 to 236 of 308]
0 0 0 0 0 0 0 0 0 0 0 0 0 0 0 0 0 0 0 0 0 0 0 0 0 0 -88.4015 -283.782 -526.505 -719.55 -659.774 -743.83 -716.36 -713.972 -733.594 -768.749 -856.923 -954.549 -989.44 -1010.4 -965.775 -928.799 -899.178 -896.178 -905.356 -905.356 -924.426 -942.736 -912.616 -884.047 -866.524 -864.986 -863.094 -863.218 -858.471 -847.03 -843.041 -820.566 -806.755 -821.095 -795.303 -773.344 -740.54 -707.321 -673.113 -656.473 -629.04 -634.518 -604.033 -583.724 -556.845 -520.685 -498.557 -476.962 -476.962 -452.489 -436.472 -418.157 -404.296
0 0 0 0 0 0 0 0 0 0 0 0 0 0 0 0 0 0 171.395 171.395 111.379 152.275 73.1271 0 0 0 -95.8054 -95.8054 -307.035 -480.287 -551.848 -679.377 -669.106 -701.893 -678.742 -746.152 -815.704 -853.57 -995.378 -1018.21 -1005.21 -1005.21 -940.391 -897.161 -885.2 -897.163 -906.551 -935.725 -925.133 -897.115 -884.657 -866.492 -866.526 -863.456 -863.57 -857.562 -862.179 -857.365 -842.552 -821.095 -805.508 -773.344 -742.861 -742.861 -709.318 -677.581 -662.646 -634.518 -607.791 -583.724 -580.852 -550.913 -519.791 -498.272 -472.321 -452.489 -433.772 -433.772 -417.837
0 0 0 0 0 0 0 0 0 0 0 0 0 0 0 0 0 0 174.625 93.217 111.379 68.3092 73.1271 11.6728 51.7095 0 0 -143.453 -279.641 -373.468 -302.421 -401.359 -401.209 -544.953 -664.483 -783.785 -862.272 -862.272 -942.523 -994.939 -975.93 -990.43 -904.591 -889.22 -885.756 -885.756 -906.836 -899.037 -931.822 -908.812 -896.299 -877.583 -887.45 -871.545 -874.103 -871.354 -871.302 -864.651 -850.037 -850.037 -822.41 -804.931 -783.689 -755.368 -727.733 -699.984 -711.263 -679.603 -642.935 -607.632 -578.663 -547.905 -512.447 -492.635 -487.801 -469.809 -449.922 -431.517 -420.88
0 0 0 0 0 0 0 0 0 0 0 0 0 0 0 0 0 0 0 0 31.0295 -21.2691 5.65491 -44.585 -49.5315 0 0 -110.172 -147.071 -260.447 -302.421 -300.701 -401.209 -451.907 -451.907 -684.1 -844.749 -888.472 -942.523 -945.065 -975.93 -893.113 -917.381 -897.345 -886.853 -892.15 -902.109 -908.23 -933.9 -939.971 -945.793 -917.171 -886.35 -877.102 -876.158 -875.462 -881.279 -877.57 -870.553 -854.863 -835.727 -808.862 -801.2 -801.2 -777.548 -741.028 -718.335 -683.494 -647.958 -610.282 -621.456 -580.311 -539.73 -509.951 -491.323 -469.961 -454.293 -454.293 -440.12
0 0 0 0 0 0 0 0 0 0 0 0 0 0 0 0 0 0 0 9.39819 -8.64481 -57.709 -51.147 -100.362 -106.924 -149.577 -103.643 -211.916 -236.635 -265.616 -265.616 -278.424 -300.503 -329.636 -437.411 -734.221 -868.273 -894.333 -981.992 -946.593 -896.124 -916.084 -921.956 -896.494 -888.57 -897.154 -893.296 -905.817 -933.9 -943.738 -945.793 -912.652 -912.652 -883.798 -876.727 -884.688 -881.279 -877.619 -870.553 -881.457 -863.267 -858.644 -826.781 -809.951 -777.548 -750.693 -771.359 -732.052 -699.463 -659.838 -623.65 -579.708 -546.529 -513.945 -519.207 -494.025 -473.621 -454.227 -439.024
-9999 0 0 0 0 0 0 0 0 0 0 0 0 0 0 0 0 0 0 0 -8.30847 -77.395 -87.9096 -120.048 -133.172 -159.787 -159.787 -179.106 -186.815 -149.136 -251.356 -274.255 -297.222 -331.867 -331.867 -492.415 -751.762 -917.307 -987.476 -938.454 -911.999 -972.095 -961.181 -912.026 -899.258 -907.078 -908.256 -935.043 -935.043 -968.288 -952.821 -920.636 -884.183 -889.156 -891.041 -895.822 -894.475 -904.745 -894.503 -906.166 -883.039 -876.218 -845.74 -863.334 -827.781 -810.653 -771.359 -737.907 -699.463 -661.952 -661.952 -625.771 -585.33 -549.697 -519.207 -495.867 -473.621 -472.428 -454.429
-9999 -9999 0 0 0 0 0 0 0 0 0 0 0 0 0 0 0 0 0 0 -44.6382 -77.395 -103.643 -103.643 -126.61 -143.015 -159.42 -179.106 -126.61 -149.136 -133.096 -247.032 -274.255 -316.908 -339.875 -522.704 -810.268 -817.448 -922.363 -922.794 -924.349 -968.065 -946.914 -910.583 -899.441 -894.069 -907.838 -963.916 -944.543 -964.763 -952.918 -913.373 -913.373 -899.135 -888.479 -895.073 -908.304 -926.008 -921.392 -947.928 -930.349 -925.684 -896.161 -887.481 -849.123 -821.2 -821.2 -788.336 -743.951 -705.016 -668.128 -624.447 -584.432 -545.793 -545.793 -513.651 -491.837 -469.081 -448.983
-9999 -9999 0 0 0 0 0 0 0 0 0 0 0 0 0 0 0 0 0 0 0 -57.709 -87.238 -106.924 -120.048 -144.49 -139.734 -159.42 -172.544 -176.727 -202.073 -235.352 -270.532 -316.908 -293.941 -367.149 -577.588 -817.448 -925.711 -922.794 -950.7 -950.7 -966.78 -940.946 -918.145 -894.069 -945.533 -963.916 -1002.31 -958.391 -983.11 -960.556 -946.091 -949.597 -903.771 -919.432 -910.18 -921.465 -942.826 -966.843 -944.674 -952.581 -925.468 -959.905 -920.439 -861.765 -820.18 -783.806 -744.736 -703.898 -703.898 -650.933 -614.068 -567.192 -539.228 -507.359 -489.692 -483.515 -465.04
-9999 -9999 -9999 0 0 0 0 0 0 0 0 0 0 0 0 0 0 0 0 0 0 48.7329 0.832415 0.832415 -81.8655 -111.913 -123.329 -159.42 -152.858 -172.626 -139.734 -156.034 -139.734 -241.393 -267.693 -352.131 -631.654 -631.654 -862.839 -914.759 -929.789 -955.492 -974.844 -945.919 -936.884 -920.096 -948.563 -996.679 -1046.93 -1012.88 -1028.49 -986.443 -1043.78 -1026.1 -986.637 -919.432 -915.756 -921.465 -949.697 -949.697 -971.205 -971.083 -994.548 -959.905 -906.229 -861.765 -831.804 -806.864 -775.875 -743.67 -692.896 -650.933 -600.671 -600.671 -558.814 -526.232 -503.654 -473.46 -458.319
-9999 -9999 -9999 0 0 0 0 0 0 0 0 0 0 0 0 0 0 0 0 0 0 0 0 0 0 -43.1492 45.5624 -118.591 -123.329 -133.172 5.78722 -22.3423 -19.076 -179.106 -122.837 -255.801 -450.511 -690.202 -878.345 -912.098 -956.33 -956.33 -961.287 -954.045 -933.465 -932.664 -999.852 -1033.08 -1076.93 -1080.91 -1075.5 -1055.77 -1092.09 -1076.36 -998.91 -998.91 -976.644 -930.274 -940.918 -953.943 -977.545 -996.171 -989.44 -989.44 -956.886 -873.181 -830.226 -794.238 -746.45 -742.348 -716.668 -678.757 -614.869 -587.853 -551.647 -526.232 -494.624 -494.624 -468.335
-9999 -9999 -9999 -9999 0 0 0 0 0 0 0 0 0 0 0 0 0 0 0 0 0 0 0 0 0 0 45.5624 -58.7101 -123.329 -100.362 -100.362 158.882 38.9812 -29.9402 -122.837 -242.959 -450.511 -545.51 -759.905 -865.681 -904.003 -947.411 -938.029 -935.713 -940.449 -951.688 -1037.9 -1055.96 -1102.9 -1103.7 -1104.21 -1094.21 -1132.85 -1127.21 -1100.74 -1051.17 -1027.69 -965.453 -960.519 -960.519 -990.968 -992.22 -1011.61 -997.693 -960.892 -883.805 -896.727 -839.457 -788.193 -744.41 -697.615 -652.582 -609.256 -609.256 -571.648 -542.272 -507.996 -486.176 -465.729
-9999 -9999 -9999 -9999 -9999 0 0 0 0 0 0 0 0 0 0 0 0 0 0 0 0 0 0 0 0 0 0 0 27.8045 -57.9755 -37.4936 164.224 0 0 0 0 -261.754 -613.265 -744.367 -828.09 -904.003 -898.995 -934.896 -936.427 -940.449 -991.793 -1037.9 -1082.85 -1082.85 -1115.46 -1117.6 -1136.43 -1132.85 -1109.53 -1100.74 -1068.78 -1064.47 -1047.79 -985.742 -1008.8 -990.968 -996.927 -982.686 -992.756 -974.102 -954.195 -869.967 -833.507 -781.024 -733.551 -723.967 -688.357 -655.497 -613.248 -580.506 -535.648 -505.413 -505.413 -480.06
-9999 -9999 -9999 -9999 -9999 0 0 0 0 0 0 0 0 0 0 0 0 0 0 0 0 0 0 0 0 0 0 0 -32.5721 -15.056 -15.056 8.92284 156.237 0 0 0 -120.722 -255.318 -525.713 -703.568 -813.999 -879.787 -934.426 -957.129 -957.129 -998.891 -996.366 -1013.14 -1076.69 -1120.55 -1142.9 -1156.8 -1156.8 -1116.36 -1081.89 -1088.71 -1075.38 -1114.59 -1046.19 -1136.18 -1071.1 -1007.03 -982.686 -985.975 -974.102 -905.735 -905.735 -841.661 -813.512 -766.624 -723.967 -694.967 -655.497 -669.612 -629.23 -587.805 -540.175 -506.789 -480.06
-9999 -9999 -9999 -9999 -9999 -9999 0 0 0 0 0 0 0 0 0 0 0 0 0 0 0 0 0 0 0 0 0 0 0 98.9285 14.473 25.4503 199.777 181.45 0 0 0 0 -438.706 -641.777 -802.002 -768.427 -900.11 -1011.18 -1027.51 -1029.82 -1004.04 -1029.75 -1029.75 -1098.71 -1141.91 -1197.42 -1175.61 -1147.19 -1107.26 -1171.4 -1156.35 -1207.94 -1187.26 -1196 -1112.85 -1030.91 -1030.91 -1012.52 -996.066 -962.642 -888.776 -820.537 -808.431 -742.199 -742.199 -713.429 -705.646 -688.201 -642.261 -588.121 -541.501 -536.033 -501.707
-9999 -9999 -9999 -9999 -9999 -9999 0 0 0 0 0 0 0 0 0 0 0 0 0 0 0 0 0 0 0 0 0 0 229.215 98.9285 76.812 35.9773 27.597 181.45 224.58 0 0 0 0 -376.857 -553.529 -768.427 -870.991 -1011.18 -1003.54 -1044.22 -1050.39 -1032.85 -1070.07 -1103.56 -1132.23 -1091.54 -1145.69 -1166.34 -1185.79 -1209.16 -1210.08 -1235.81 -1233.12 -1233.68 -1218.31 -1144.14 -1058.49 -1034.07 -1007.32 -985.506 -985.506 -825.678 -785.798 -790.779 -727.009 -763.223 -731.628 -731.681 -683.668 -626.582 -579.095 -532.339 -497.45
-9999 -9999 -9999 -9999 -9999 -9999 -9999 0 0 0 0 0 0 0 0 0 0 0 0 0 0 0 0 0 0 0 0 0 0 172.139 120.396 53.845 21.035 21.035 48.504 221.829 0 0 0 0 0 -502.297 -665.838 -855.919 -942.23 -1034.98 -1056.65 -1050.14 -1075.52 -1097.68 -1085.77 -1091.54 -1110.75 -1166.34 -1201.66 -1201.66 -1212.06 -1224.06 -1229.85 -1233.68 -1187.48 -1144.14 -1120.16 -1071.38 -1047.11 -1025.07 -945.146 -825.678 -788.327 -840.981 -835.434 -850.732 -797.225 -708.345 -671.419 -621.429 -577.57 -577.976 -535.527
-9999 -9999 -9999 -9999 -9999 -9999 -9999 0 0 0 0 0 0 0 0 0 0 0 0 0 0 0 0 0 0 0 0 0 0 363.148 0 144.1 82.0344 20.2796 1.93732 75.841 208.158 208.158 0 0 0 0 -653.999 -815.673 -822.873 -940.294 -1016 -1061.48 -1073.68 -1088.79 -1049.36 -1049.36 -1052.92 -1096.21 -1151.13 -1193.87 -1200.63 -1214.15 -1194.19 -1194.19 -1145.91 -1135.84 -1106.01 -1069.28 -1050.24 -1026.42 -1011.56 -897.613 -809.215 -840.981 -895.644 -850.732 -751.136 -751.136 -700.064 -665.412 -620.849 -577.976 -533.941
-9999 -9999 -9999 -9999 -9999 -9999 -9999 -9999 0 0 0 0 0 0 0 0 0 0 0 0 0 0 0 0 0 0 0 0 0 0 0 231.474 82.0344 112.443 44.002 -30.1701 -67.3748 79.5234 99.5181 0 0 0 0 -607.089 -836.35 -948.595 -1012.85 -1054.48 -1041.09 -1059.02 -1001.35 -1014.41 -1060.13 -1102.33 -1147.84 -1147.84 -1162.88 -1179.14 -1153.71 -1157.17 -1121.89 -1115.71 -1106.25 -1087.91 -1054.9 -1044.37 -984.693 -867.862 -867.651 -867.651 -1012.15 -935.652 -828.43 -743.836 -705.296 -662.711 -623.315 -623.315 -574.799
-9999 -9999 -9999 -9999 -9999 -9999 -9999 -9999 -9999 0 0 0 0 0 0 0 0 0 0 0 0 0 0 0 0 0 0 0 0 0 0 0 290.676 367.978 30.6938 -64.3995 -67.3748 -98.9092 -44.2917 52.6991 0 0 0 -611.565 -611.565 -842.389 -946.883 -990.981 -1041.09 -994.645 -1001.35 -983.836 -1015.73 -1093.05 -1117.14 -1145.35 -1156.81 -1155.89 -1137.26 -1134.73 -1132.78 -1113.94 -1096.44 -1074.24 -1050.68 -1032.21 -1029.88 -972.501 -954.069 -969.031 -1021.48 -934.948 -822.99 -822.99 -767.372 -711.91 -676.962 -624.93 -564.821
-9999 -9999 -9999 -9999 -9999 -9999 -9999 -9999 -9999 0 0 0 0 0 0 0 0 0 0 0 0 0 0 0 0 0 0 0 0 0 0 0 0 0 241.891 32.1286 -48.4986 -143.618 -93.8 6.10736 6.10736 199.432 0 0 -640.491 -840.958 -941.862 -955.919 -955.919 -956.625 -968.4 -1017.9 -1057.86 -1128.14 -1136.46 -1159.36 -1159.6 -1148.36 -1137.26 -1135.7 -1132.78 -1114.18 -1114.18 -1096.2 -1063.71 -1051.64 -1029.88 -1001.79 -954.069 -1017.93 -1020.66 -983.762 -897.06 -817.604 -767.372 -722.168 -681.512 -681.512 -622.251
-9999 -9999 -9999 -9999 -9999 -9999 -9999 -9999 -9999 -9999 0 0 0 0 0 0 0 0 0 0 0 0 0 0 0 0 0 0 0 0 0 0 0 0 0 13.8166 -81.3148 -105.445 -169.263 -180.68 -27.4553 0 0 0 0 -714.783 -826.659 -904.792 -933.923 -979.338 -1002.53 -1055.14 -1079.68 -1150.63 -1162.61 -1172.5 -1157.76 -1134.53 -1134.53 -1121.26 -1128.93 -1111.77 -1115.3 -1050.92 -1055.35 -1046.15 -1046.15 -1043.23 -1034.74 -1026.15 -1022.48 -960.936 -877.913 -889.009 -821.208 -786.073 -736.516 -683.134 -622.251
-9999 -9999 -9999 -9999 -9999 -9999 -9999 -9999 -9999 -9999 0 0 0 0 0 0 0 0 0 0 0 0 0 0 0 0 0 0 0 0 0 0 0 0 0 0 0 -105.445 -202.073 -180.68 -193.929 51.4984 0 0 0 -783.11 -873.519 -907.872 -943.01 -1039 -1041.65 -1140.37 -1136.89 -1200.4 -1192.19 -1196.41 -1163.97 -1129.04 -1123.31 -1107.48 -1109.02 -1076.49 -1076.49 -1021.7 -995.716 -964.379 -1015.36 -1011.44 -1026.01 -990.004 -1012.25 -983.61 -956.789 -882.046 -829.101 -790.572 -790.572 -732.205 -676.994
-9999 -9999 -9999 -9999 -9999 -9999 -9999 -9999 -9999 -9999 -9999 0 0 0 0 0 0 0 0 0 0 0 0 0 0 0 0 0 0 0 0 0 0 0 0 0 0 0 -185.668 -234.883 -187.431 65.8945 0 0 0 0 -826.608 -907.872 -1003.99 -1039 -1140.79 -1140.79 -1219.01 -1201.65 -1221.78 -1196.41 -1149.62 -1129.04 -1117.08 -1109.73 -1103.58 -1093.93 -1055.75 -999.556 -957.24 -913.838 -913.838 -895.564 -956.612 -938.067 -978.643 -953.774 -932.075 -898.104 -868.215 -815.005 -779.812 -707.617 -663.626
-9999 -9999 -9999 -9999 -9999 -9999 -9999 -9999 -9999 -9999 -9999 -9999 0 0 0 0 0 0 0 0 0 0 0 0 0 0 0 0 0 0 0 0 0 0 0 0 0 0 -185.668 -257.85 -267.693 -186.885 -30.7075 0 0 0 -855.062 -855.062 -970.361 -1057.22 -1154.51 -1203.41 -1220.99 -1228.75 -1213.29 -1213.29 -1191.48 -1147.09 -1125.64 -1104.18 -1147.29 -1107.35 -1067.83 -1035.1 -967.869 -924.316 -859.427 -895.564 -881.674 -881.674 -872.004 -932.962 -909.182 -898.104 -847.196 -815.005 -789.592 -751.28 -678.54
-9999 -9999 -9999 -9999 -9999 -9999 -9999 -9999 -9999 -9999 -9999 -9999 0 0 0 0 0 0 0 0 0 0 0 0 0 0 0 0 0 0 0 0 0 0 152.275 0 0 0 0 -205.59 -288.189 -190.588 -93.0582 0 0 0 -743.777 -877.865 -998.123 -1093.43 -1175.02 -1175.02 -1181.71 -1201.81 -1208.34 -1220.69 -1213.14 -1168.81 -1181 -1163.87 -1126.6 -1110.33 -1000.43 -997.773 -916.749 -916.749 -795.878 -777.834 -728.189 -801.368 -802.877 -870.85 -854.83 -854.83 -821.622 -817.884 -768.6 -723.627 -640.862
-9999 -9999 -9999 -9999 -9999 -9999 -9999 -9999 -9999 -9999 -9999 -9999 -9999 0 0 0 0 0 0 0 0 0 0 0 0 0 0 0 0 0 0 0 0 0 206.285 80.093 0 0 0 -226.447 -226.447 -290.66 -226.377 -145.827 0 0 -743.777 -819.878 -905.978 -1030.53 -1119.14 -1164.1 -1168.44 -1197.38 -1210.47 -1210.47 -1206.42 -1203.51 -1123.35 -1125.55 -1022.98 -1012.57 -923.335 -930.95 -865.391 -844.526 -714.274 -700.769 -688.206 -688.206 -645.462 -704.058 -731.746 -794.187 -772.767 -779.195 -740.401 -733.7 -647.951
-9999 -9999 -9999 -9999 -9999 -9999 -9999 -9999 -9999 -9999 -9999 -9999 -9999 0 0 0 0 0 0 0 0 0 0 0 0 0 0 0 0 0 0 0 0 0 64.2344 22.3974 22.3974 0 0 0 -234.883 -303.89 -302.813 -216.388 -216.388 0 0 -857.431 -944.121 -1052.14 -1119.14 -1120.24 -1152.24 -1170.92 -1189.09 -1194.71 -1206.42 -1136.19 -1136.19 -1040.13 -1033.1 -928.492 -923.335 -864.152 -865.391 -800.962 -759.835 -695.277 -681.672 -666.648 -645.462 -650.383 -678.012 -678.012 -687.8 -726.598 -702.957 -688.264 -623.114
-9999 -9999 -9999 -9999 -9999 -9999 -9999 -9999 -9999 -9999 -9999 -9999 -9999 -9999 0 0 0 0 0 0 0 0 0 0 0 0 0 0 0 0 0 0 0 0 0 27.5141 -8.49402 -41.304 0 0 0 0 -313.627 -312.298 -362.842 -395.652 -614.884 -704.176 -920.065 -1006.97 -1056.38 -1101.83 -1149.34 -1179.45 -1179.45 -1179.01 -1171.86 -1064.81 -1044.78 -969.213 -948.666 -857.267 -857.267 -798.272 -811.668 -754.483 -724.925 -682.536 -674.139 -671.659 -663.231 -637.763 -633.607 -637.923 -687.8 -690.277 -690.277 -654.535 -651.037
-9999 -9999 -9999 -9999 -9999 -9999 -9999 -9999 -9999 -9999 -9999 -9999 -9999 -9999 -9999 0 0 0 0 0 0 0 0 0 0 0 0 0 0 0 0 0 0 0 0 27.5141 -9.70103 -70.833 -70.833 0 0 0 -303.784 -280.817 -219.034 0 0 -819.747 -939.904 -998.072 -1049.69 -1038.59 -1095.06 -1162.84 -1184.85 -1180.4 -1115.16 -1004.3 -1004.3 -932.665 -907.384 -817.715 -796.437 -757.569 -766.194 -712.719 -706.677 -683.534 -676.698 -668.148 -657.8 -623.328 -614.054 -585.633 -604.362 -607.696 -639.982 -592.959 -599.71
-9999 -9999 -9999 -9999 -9999 -9999 -9999 -9999 -9999 -9999 -9999 -9999 -9999 -9999 -9999 0 0 0 0 0 0 0 0 0 0 0 0 0 0 0 0 0 0 0 0 66.6968 -44.0387 -70.833 -90.519 0 0 0 0 -280.817 -106.127 0 0 0 -846.519 -923.369 -978.444 -1038.59 -1100.85 -1162.84 -1164.7 -1195.23 -1153.47 -1056.75 -968.32 -902.768 -860.914 -777.9 -777.9 -724.855 -711.308 -672.262 -681.017 -672.786 -678.319 -671.981 -663.318 -616.77 -588.164 -547.845 -580.692 -578 -578 -565.903 -568.802
-9999 -9999 -9999 -9999 -9999 -9999 -9999 -9999 -9999 -9999 -9999 -9999 -9999 -9999 -9999 -9999 0 0 0 0 0 0 0 0 0 0 0 0 0 0 0 0 0 0 0 23.875 24.316 -50.2419 -106.924 -114.806 0 0 -248.007 -248.007 -137.056 0 0 0 -846.637 -892.427 -954.001 -954.001 -1026.85 -1108.69 -1156.25 -1184.9 -1126.4 -1032.5 -1031.26 -958.559 -871.67 -824.855 -751.351 -724.855 -676.152 -676.152 -631.413 -655.191 -655.404 -671.981 -638.999 -616.77 -565.967 -525.904 -510.287 -552.493 -557.472 -565.903 -549.783
-9999 -9999 -9999 -9999 -9999 -9999 -9999 -9999 -9999 -9999 -9999 -9999 -9999 -9999 -9999 -9999 0 0 0 0 0 0 0 0 0 0 0 0 0 0 0 0 0 0 0 0 2.58821 -70.1181 -129.891 -145.504 -152.858 -188.949 -234.883 -238.164 -123.629 0 0 0 0 -823.427 -869.513 -943.288 -1042.65 -1107.63 -1103.94 -1140.37 -1132.13 -1110 -1008 -944.87 -842.009 -842.009 -765.883 -721.272 -649.288 -636.665 -602.809 -624.796 -610.699 -610.699 -591.244 -594.325 -495.602 -473.25 -517.807 -543.103 -547.648 -547.727 -530.881
-9999 -9999 -9999 -9999 -9999 -9999 -9999 -9999 -9999 -9999 -9999 -9999 -9999 -9999 -9999 -9999 -9999 0 0 0 0 0 0 0 0 0 0 0 0 0 0 0 0 0 0 0 0 0 -87.238 -120.048 -152.858 0 -234.883 -256.586 -232.045 -200.627 -333.661 0 -689.697 -800.837 -908.883 -908.883 -998.411 -1054.16 -1095.18 -1124.09 -1101.03 -1065.67 -1001.07 -959.207 -857.001 -810.608 -730.101 -691.453 -616.891 -616.891 -594.934 -589.765 -569.39 -574.641 -540.971 -528.612 -499.893 -486.673 -554.673 -557.144 -542.445 -534.88 -515.442
-9999 -9999 -9999 -9999 -9999 -9999 -9999 -9999 -9999 -9999 -9999 -9999 -9999 -9999 -9999 -9999 -9999 0 0 0 0 0 0 0 0 0 0 0 0 0 0 0 0 0 0 0 0 41.0073 -51.147 0 0 0 -194.521 -267.288 -224.899 -282.363 -333.661 -347.747 -442.765 -674.162 -811.211 -935.548 -998.411 -1054.13 -1054.13 -1077.68 -1099.39 -1039.72 -1001.07 -892.857 -857.001 -794.97 -767.894 -708.295 -670.287 -610.754 -579.573 -573.252 -538.242 -538.242 -511.96 -503.712 -507.963 -537.024 -563.428 -555.057 -536.997 -525.936 -502.185
-9999 -9999 -9999 -9999 -9999 -9999 -9999 -9999 -9999 -9999 -9999 -9999 -9999 -9999 -9999 -9999 -9999 -9999 0 0 0 0 0 0 0 0 0 0 0 0 0 0 0 0 0 0 0 0 0 0 0 0 -249.789 -251.44 -264.35 -280.817 -300.503 -326.751 -437.954 -672.181 -672.181 -768.572 -915.873 -948.471 -1024.61 -1013.95 -1042.6 -943.929 -943.929 -836.932 -818.647 -741.015 -729.314 -688.846 -654.001 -618.628 -588.156 -556.865 -548.883 -519.425 -511.96 -501.478 -501.478 -537.12 -564.363 -546.775 -536.997 -508.617 -502.185
