gis_data/PP1766_DIS_Layer10_Bot_ASCII.txt
ncols         308
nrows         431
xllcorner     -321143.35392317
yllcorner     1277883.4776336
cellsize      1609.334
NODATA_value  -9999
[rows 280 to 314 of 431, columns 158 to 236 of 308]
0 0 -1104.04 -1294.83 -1428.56 -1560.76 -1685.19 -1703.23 -1810.64 -1916.77 -1955.87 -1928.04 -1900.23 -1897.9 -1892.33 -1877.32 -1884.99 -1861.98 -1851.2 -1837.75 -1834.55 -1834.55 -1831.96 -1827.12 -1828.67 -1828.36 -1826.19 -1806.23 -1814.45 -1789.4 -1770.58 -1729.36 -1719.88 -1689.92 -1660.91 -1635.53 -1639.45 -1622.39 -1615.43 -1596.53 -1589.58 -1561.94 -1554.5 -1554.5 -1553.93 -1550.64 -1544.08 -1537.52 -1534.24 -1527.68 -1530.96 -1526.87 -1504.71 -1511.27 -1507.99 -1498.15 -1491.59 -1491.59 -1485.02 -1478.46 -1468.62 -1458.78 -1448.93 -1445.65 -1432.53 -1432.53 -1425.97 -1412.84 -1435.81 -1419.4 -1408.23 -1389.88 -1402.64 0 -1140.61 -1281.6 0 0 0
0 0 -1136.72 -1199.23 -1317.21 -1486.84 -1611.58 -1749.87 -1847.43 -1936.42 -1936.42 -1962.67 -1946.49 -1916.29 -1892.33 -1894.95 -1884.99 -1904.19 -1882.16 -1859.67 -1848.03 -1844.4 -1831.96 -1833.15 -1828.67 -1843 -1837.5 -1828.3 -1814.45 -1805.9 -1790.51 -1753.68 -1769.51 -1725.59 -1687.48 -1661.73 -1639.2 -1624.37 -1620.18 -1620.18 -1635.71 -1608.03 -1584.21 -1561.83 -1557.21 -1550.64 -1550.64 -1547.36 -1544.08 -1533.99 -1530.96 -1524.4 -1521.11 -1514.55 -1514.55 -1507.99 -1501.43 -1494.87 -1485.02 -1478.46 -1468.62 -1468.62 -1458.78 -1448.93 -1439.09 -1432.06 -1429.25 -1448.93 -1452.76 -1439.09 -1429.25 -1412.84 -1399.66 -1319.99 -1357.19 -1357.19 -1343.94 -1304.57 0
0 0 0 -1264.89 -1362.65 -1541.23 -1664.2 -1679.76 -1783.66 -1906.58 -1955.1 -1968.59 -1955.39 -1947.84 -1947.84 -1953.8 -1919.41 -1903.29 -1878.72 -1867.82 -1858.06 -1870.47 -1852.73 -1856.26 -1848.53 -1862.37 -1845.65 -1844.54 -1844.54 -1848.22 -1826.65 -1807.93 -1769.51 -1720.38 -1687.48 -1666.65 -1666.65 -1647.76 -1629.23 -1634.6 -1635.71 -1631.76 -1584.21 -1605.78 -1564.45 -1557.21 -1550.64 -1550.64 -1544.08 -1537.52 -1537.52 -1530.96 -1527.68 -1521.11 -1505.89 -1504.71 -1494.87 -1494.87 -1488.31 -1481.74 -1471.9 -1465.34 -1455.49 -1448.37 -1445.65 -1445.65 -1435.81 -1458.78 -1455.49 -1442.37 -1435.81 -1422.69 -1435.81 0 -1380.03 -1366.3 0 -1296.29 0
0 0 -949.753 -995.544 -1262.02 -1447.37 -1584.96 -1724.07 -1812.49 -1922.87 -1922.87 -1973.52 -1994.72 -2005.78 -1984.14 -1963.42 -1927.99 -1935.45 -1907.69 -1894.35 -1879.36 -1900.41 -1872.35 -1879.79 -1876.14 -1897.3 -1878.74 -1887.56 -1868.79 -1864.16 -1840.83 -1806.05 -1806.05 -1764.71 -1726.07 -1730.01 -1686.87 -1676.28 -1643.96 -1691.92 -1666.3 -1684.81 -1665.82 -1632.46 -1571.95 -1561.96 -1561.96 -1553.93 -1550.64 -1544.08 -1537.52 -1530.96 -1527.68 -1518.28 -1518.28 -1511.27 -1504.71 -1498.15 -1488.31 -1475.3 -1471.9 -1465.34 -1462.06 -1458.78 -1452.21 -1448.2 -1435.81 -1466.12 -1466.12 -1458.78 -1442.37 -1439.09 -1406.28 -1382.14 -1383.31 -1383.31 -1380.03 -1347.22 -1338.7
0 0 0 -995.544 -1297.9 -1447.37 -1501.59 -1627.28 -1770.18 -1866.46 -1938.04 -1973.52 -2013.53 -2005.78 -2016.21 -2002.92 -1975.25 -1956.83 -1917.74 -1914.09 -1906.17 -1892.29 -1886.87 -1895.06 -1900.98 -1917.63 -1900.16 -1907.53 -1907.53 -1891.52 -1866.48 -1835.25 -1802.13 -1777.3 -1752.04 -1808.4 -1762.27 -1769.6 -1732.87 -1739.17 -1704.38 -1709.68 -1692.9 -1714.71 -1658.42 -1597.17 -1563.44 -1556.05 -1550.64 -1544.08 -1544.08 -1537.52 -1530.96 -1524.13 -1517.83 -1507.99 -1501.43 -1498.15 -1494.87 -1485.02 -1478.46 -1471.9 -1459.68 -1458.78 -1458.78 -1452.21 -1445.65 -1478.46 -1465.34 -1471.9 -1455.42 -1419.4 -1419.4 -1412.84 -1398.5 -1393.16 -1380.03 -1088.25 -1338.7
0 0 0 0 -1091.67 -1358.18 -1543.24 -1653.78 -1782.52 -1887.85 -1903.78 -1954.76 -2005.68 -2011.23 -2009.65 -1996.46 -1996.83 -1996.83 -1974.85 -1935.71 -1908.11 -1892.29 -1889.37 -1895.06 -1929.14 -1929.14 -1935.2 -1927.87 -1922.85 -1891.52 -1865.89 -1835.25 -1840.58 -1808.62 -1830.84 -1808.4 -1801.31 -1769.6 -1784.15 -1810.95 -1771.14 -1755.77 -1723.17 -1719.55 -1675.58 -1603.46 -1603.46 -1566.36 -1557.21 -1547.36 -1540.8 -1534.24 -1527.68 -1521.11 -1521.11 -1511.27 -1504.73 -1498.15 -1493.46 -1485.02 -1475.18 -1478.46 -1468.62 -1462.06 -1455.49 -1452.21 -1445.65 -1443.22 -1443.22 -1478.46 -1476.06 -1429.71 -1420.16 -1416.12 -1406.28 -1419.4 -1403 -1383.31 -1368.13
0 0 0 0 -1156.73 -1389.47 -1354.43 -1543.65 -1670.57 -1796.92 -1901.87 -1974.01 -1993.1 -2001.65 -2002.03 -1999.6 -1992.74 -2002.24 -1979.35 -1943.65 -1896.36 -1896.36 -1885.43 -1900.01 -1946.48 -1943.82 -1935.01 -1929.97 -1925.24 -1924.97 -1906.72 -1868.11 -1852.29 -1838.41 -1875.32 -1875.32 -1861.53 -1840.25 -1840.65 -1810.95 -1788.91 -1755.77 -1735.39 -1735.39 -1723.21 -1689.51 -1615.55 -1566.36 -1550.97 -1547.36 -1547.36 -1537.52 -1531.57 -1527.68 -1517.83 -1511.27 -1504.71 -1504.71 -1498.15 -1491.59 -1484.15 -1475.18 -1468.62 -1465.34 -1465.34 -1458.78 -1448.93 -1448.93 -1445.65 -1439.09 -1491.8 -1434.92 -1434.92 -1425.97 -1422.69 -1415 -1403 -1383.31 -1373.47
0 0 0 0 0 -1241.96 -1216.7 -1483.08 -1672.57 -1797.35 -1829.06 -1933.05 -1988.21 -1987.88 -1984.43 -1976.91 -1984.18 -1984.18 -1972.39 -1962.75 -1909.73 -1890.54 -1887.15 -1918.2 -1942.76 -1959.55 -1939.69 -1929.25 -1919.17 -1920.38 -1898.64 -1873.36 -1880.2 -1868.38 -1885.36 -1881.4 -1872.3 -1857.97 -1849.92 -1849.92 -1832.2 -1801.99 -1775.35 -1744.47 -1717.53 -1684.71 -1685.92 -1627.45 -1568.67 -1550.64 -1544.08 -1537.52 -1529.18 -1529.18 -1524.4 -1514.55 -1514.55 -1503.92 -1498.15 -1491.59 -1485.02 -1485.02 -1475.18 -1468.62 -1465.34 -1458.78 -1455.49 -1448.93 -1452.21 -1445.65 -1445.65 -1439.09 -1439.09 -1425.97 -1429.25 -1429.25 -1416.12 -1402.65 -1389.88
0 0 0 0 0 -918.607 -918.607 -1170.99 -1442.45 -1670.28 -1829.06 -1948.95 -1988.21 -1998.42 -1989.33 -1972.35 -1962.87 -1956.91 -1972.39 -1951.08 -1909.73 -1910.71 -1895.54 -1908.99 -1942.76 -1960.27 -1943.07 -1925.08 -1935.46 -1918.33 -1916.22 -1900.31 -1888.78 -1879.59 -1885.54 -1885.54 -1882.15 -1877.2 -1879.66 -1858.06 -1834.49 -1805.68 -1773.13 -1773.13 -1731.9 -1705.82 -1679.31 -1635.3 -1575.09 -1547.73 -1549.41 -1544.08 -1537.52 -1530.96 -1524.4 -1517.83 -1514.55 -1514.55 -1504.71 -1498.15 -1494.87 -1485.02 -1475.18 -1468.62 -1475.18 -1468.62 -1458.78 -1458.78 -1458.78 -1449.88 -1471.25 -1444.99 -1448.93 -1443.5 -1442.37 -1429.25 -1419.4 -1406.28 -1389.88
0 0 0 0 0 -659.617 -818.493 -1257.56 -1483.18 -1682.33 -1682.33 -1848.11 -1951.17 -1981.26 -1985.39 -1975.28 -1951.77 -1943.66 -1937.12 -1937.19 -1925.66 -1918.11 -1910.49 -1919.09 -1919.09 -1952.72 -1957.68 -1956.77 -1935.46 -1941.95 -1916.22 -1906.16 -1906.16 -1899.37 -1887.24 -1887.84 -1882.15 -1889.75 -1879.66 -1883.45 -1864.11 -1835.45 -1804.55 -1763.9 -1731.9 -1699.7 -1695.29 -1674.41 -1645.75 -1582.09 -1547.36 -1542.02 -1537.52 -1537.52 -1527.68 -1524.4 -1517.83 -1511.27 -1504.71 -1498.15 -1491.59 -1491.59 -1485.02 -1478.46 -1475.18 -1470.83 -1465.34 -1462.06 -1465.34 -1458.78 -1458.78 -1452.21 -1455.49 -1452.21 -1442.37 -1442.37 -1432.53 0 -1396.44
0 0 0 0 0 0 0 -636.251 -1036.38 -1500.55 -1702.55 -1850.77 -1962.71 -1930.16 -1944.07 -1927.93 -1966.6 -1927.16 -1918.56 -1919.14 -1915.59 -1912.99 -1908.07 -1906.37 -1923.33 -1944.53 -1956.01 -1978.49 -1978.49 -1986.88 -1963.96 -1940.1 -1909.82 -1905.38 -1895.14 -1903.91 -1901.22 -1908.27 -1897.79 -1881.65 -1859.76 -1827.7 -1827.7 -1769.72 -1741.16 -1709.4 -1695.29 -1677.99 -1645.75 -1580.78 -1580.78 -1550.16 -1544.08 -1537.52 -1527.68 -1524.4 -1517.83 -1525.65 -1511.27 -1511.22 -1494.87 -1491.7 -1485.02 -1481.74 -1481.74 -1487.85 -1468.62 -1473.45 -1471.9 -1471.9 -1500.22 -1500.22 -1465.34 -1459.25 -1455.49 -1445.65 0 0 -1399.72
0 0 0 0 0 0 0 -636.251 -846.061 -1500.55 -1009.04 -1676.21 -1797.26 -1854.35 -1884.06 -1909.37 -1943.3 -1974.03 -1947.9 -1965.4 -1928.34 -1902.36 -1896.53 -1896.79 -1896.79 -1918.95 -1941.23 -1962.44 -1983.31 -1984.88 -1968.8 -1957.64 -1953.73 -1942.44 -1915.65 -1915.49 -1915.52 -1915.44 -1901.28 -1902.23 -1878.4 -1850.18 -1816.29 -1752.32 -1723.84 -1709.02 -1709.02 -1702.32 -1681.1 -1662.44 -1592.76 -1546.72 -1540.8 -1542.92 -1534.24 -1527.68 -1524.4 -1515.66 -1514.55 -1510.49 -1510.49 -1501.43 -1494.87 -1491.59 -1485.02 -1475.18 -1477.56 -1476.72 -1476.72 -1476.08 -1470.51 -1468.62 -1465.34 -1462.06 -1455.49 -1458.78 -1452.21 0 -1416.12
0 0 0 0 0 0 0 0 0 -690.362 -814.471 -1614.4 -1744.78 -1744.78 -1783.31 -1849.59 -1932.1 -1974.03 -2002.96 -1965.4 -1917.45 -1917.45 -1878.7 -1884.14 -1900.65 -1918.95 -1944.81 -1962.44 -1950 -1969.43 -1968.86 -1957.64 -1955.22 -1951.07 -1923.82 -1914.56 -1913.1 -1912.32 -1914.38 -1882.01 -1871.84 -1841.95 -1841.95 -1767.17 -1735.55 -1729.93 -1719.29 -1711.63 -1692.08 -1667.69 -1667.69 -1599.13 -1554.63 -1537.46 -1534.24 -1532.72 -1538.24 -1520.25 -1516.09 -1512.12 -1507.99 -1507.68 -1497.07 -1494.87 -1494.87 -1490.74 -1485.02 -1485.02 -1478.46 -1502.44 -1471.9 -1478.46 -1471.9 -1475.18 -1465.34 -1458.78 -1448.93 -1432.53 -1422.69
0 0 0 0 0 0 0 0 0 0 0 -689.742 -1030.85 -1487.18 -1770.43 -1880.38 -1951.45 -1951.45 -1976.4 -1986.13 -1938.63 -1888.03 -1887.17 -1891.69 -1927.07 -1912.5 -1917.82 -1941.21 -1941.77 -1957.82 -1962.96 -1962.96 -1961.89 -1956.57 -1932.42 -1914.56 -1899.72 -1912.32 -1896.14 -1896.14 -1878.68 -1870.28 -1828.78 -1767.17 -1738.14 -1729.93 -1757.86 -1736.17 -1721.82 -1697.54 -1666.33 -1599.13 -1555.16 -1555.16 -1531.62 -1520.77 -1519.63 -1501.58 -1506.95 -1495.64 -1495.64 -1492.5 -1504.57 -1494.44 -1494.87 -1491.59 -1491.59 -1488.31 -1488.31 -1494.87 -1481.74 -1481.74 -1478.46 -1478.46 -1471.9 -1471.36 -1458.78 -1452.21 -1442.47
0 0 0 0 0 0 0 0 0 0 0 0 -798.747 -798.747 -1325.41 -1731.58 -1802.92 -1915.94 -1920.02 -1971.21 -1961.52 -1937.04 -1911.52 -1930.52 -1951.45 -1929.04 -1923.5 -1934.13 -1935.73 -1945.36 -1961.53 -1966.16 -1952.93 -1945.07 -1910.32 -1910.32 -1894.05 -1893.99 -1903.05 -1891.29 -1885.97 -1873.6 -1873.89 -1829.7 -1792.4 -1766.58 -1787.21 -1753.51 -1722.21 -1722.21 -1673.22 -1639.81 -1578.63 -1549.13 -1526.2 -1520.77 -1501.65 -1501.65 -1483.27 -1481.8 -1476.67 -1492.5 -1498.95 -1494.44 -1512.21 -1504.03 -1498.15 -1494.87 -1491.59 -1494.87 -1485.02 -1485.02 -1485.02 -1481.74 -1481.74 -1471.9 -1462.06 -1458.78 -1458.78
0 0 0 0 0 0 0 0 0 0 0 0 0 -722.118 -1325.41 -1663.23 -1802.92 -1783.81 -1870.67 -1902.83 -1925.57 -1924.83 -1867.46 -1918.5 -1900.35 -1947.37 -1945.23 -1924.36 -1936.85 -1951.25 -1947.14 -1947.14 -1939.92 -1925.35 -1900.08 -1899.91 -1897.17 -1899.12 -1909.45 -1909.45 -1904.14 -1899.28 -1870.16 -1847.74 -1818.14 -1805.31 -1813.17 -1795.25 -1753.37 -1714.11 -1650.73 -1612.96 -1569.42 -1569.42 -1554.88 -1523.4 -1506.03 -1490.15 -1473.93 -1470.5 -1479.43 -1467.79 -1471.32 -1495.78 -1496.56 -1504.71 -1504.71 -1498.15 -1514.55 -1501.43 -1494.87 -1488.31 -1488.31 -1488.31 -1481.74 -1481.74 -1478.46 -1468.62 -1465.34
0 0 0 0 0 0 0 0 0 0 0 0 0 0 -668.828 -913.417 -1634.77 -1793.77 -1837.79 -1895.92 -1895.92 -1874.47 -1846.53 -1824.61 -1900.35 -1936.9 -1945.23 -1918.38 -1918.38 -1934.77 -1942.7 -1925.54 -1939.92 -1901.05 -1900.08 -1894.52 -1894.4 -1912.22 -1919.29 -1919.9 -1904.14 -1889.53 -1891.97 -1864.7 -1840.09 -1822.59 -1813.39 -1789.96 -1746.21 -1746.21 -1672.84 -1628.27 -1596.56 -1573.27 -1551.27 -1533.09 -1513.04 -1513.04 -1499.19 -1485.56 -1486.26 -1467.19 -1467.61 -1483.57 -1471.41 -1494.45 -1506.01 -1517.67 -1501.43 -1498.15 -1498.15 -1498.15 -1498.15 -1494.87 -1494.87 -1485.02 -1485.02 -1475.18 -1478.46
0 0 0 0 0 0 0 0 0 0 0 0 0 0 -630.939 -947.043 -1568.7 -1566.76 -1747.38 -1810.38 -1870.14 -1802.95 -1781.88 -1793.39 -1793.39 -1846.18 -1895.28 -1916.63 -1925.47 -1926.27 -1925.86 -1904.98 -1917.37 -1918.38 -1917.54 -1897.66 -1896.85 -1944.86 -1944.86 -1935.26 -1912.73 -1913.14 -1891.97 -1860.11 -1840.09 -1822.95 -1822.95 -1806.31 -1780.02 -1736.97 -1672.84 -1621.82 -1596.56 -1602.47 -1574.69 -1555.01 -1532.85 -1519.61 -1499.19 -1502.48 -1502.48 -1494.02 -1483.84 -1466.93 -1467.61 -1496.15 -1495.04 -1495.04 -1503.55 -1507.99 -1507.99 -1504.71 -1504.71 -1498.15 -1498.15 -1498.15 -1498.15 -1488.31 -1481.74
0 0 0 0 0 0 0 0 0 0 0 0 0 0 0 0 -1018.7 -1594.74 -1741.21 -1783.56 -1783.56 -1732.56 -1751.81 -1768.66 -1789.26 -1847.24 -1894.32 -1935.02 -1935.02 -1920.91 -1920.07 -1886.36 -1887.9 -1890.81 -1902.47 -1900.53 -1899.36 -1908.72 -1940.03 -1904.8 -1909 -1915.21 -1915.21 -1893.34 -1840.05 -1815.88 -1810.28 -1803.08 -1780.17 -1775.44 -1739.87 -1696.15 -1641.05 -1606.47 -1579.37 -1563.09 -1543.51 -1562.71 -1542.51 -1535.2 -1510.77 -1499.37 -1483.84 -1470.84 -1470.84 -1462.75 -1478.61 -1481 -1503.55 -1505.43 -1507.99 -1513.99 -1504.71 -1507.99 -1501.43 -1501.43 -1498.15 -1488.31 -1488.31
0 0 0 0 0 0 0 0 0 0 0 0 0 0 0 0 -1119.37 -1119.37 -1522.51 -1741.31 -1724.98 -1732.56 -1741.89 -1768.66 -1770.96 -1789.03 -1847.16 -1908.31 -1927.74 -1970.09 -1939.77 -1912.35 -1874.31 -1866.37 -1874.9 -1920.92 -1913.49 -1903.33 -1903.33 -1899.81 -1902.32 -1897.14 -1903.73 -1867.66 -1819.1 -1806.67 -1806.67 -1798.03 -1794.65 -1770.89 -1748.75 -1711.56 -1654.92 -1669.64 -1618.66 -1608.16 -1580.05 -1583.15 -1558.89 -1544.24 -1544.24 -1529.66 -1510.82 -1495.49 -1476.1 -1463.88 -1461.8 -1453.86 -1465.22 -1458.14 -1492.66 -1500.59 -1509.31 -1511.27 -1507.99 -1510.72 -1504.71 -1498.15 -1488.31
0 0 0 0 0 0 0 0 0 0 0 0 0 0 0 0 -683.774 -1133.48 -1523.39 -1704.91 -1658.14 -1683.56 -1702.42 -1733.42 -1773.61 -1795.36 -1845.9 -1845.9 -1875.46 -1921.97 -1948.24 -1912.35 -1869.28 -1866.37 -1890.5 -1890.5 -1915.82 -1909.88 -1905.07 -1899.81 -1896.28 -1897.14 -1882.32 -1878.35 -1843.08 -1809.64 -1800.63 -1798.03 -1784.19 -1771.37 -1760.62 -1745.3 -1717.62 -1681.12 -1639.49 -1625.92 -1625.92 -1614.58 -1592.32 -1582.04 -1554.19 -1540.9 -1517.73 -1503.04 -1503.04 -1484.8 -1464.88 -1452.91 -1448.05 -1437.77 -1467.46 -1441.22 -1468.65 -1474.95 -1502.22 -1508.81 -1504.71 -1494.87 -1494.87
0 0 0 0 0 0 0 0 0 0 0 0 0 0 0 0 0 -777.717 -1202.9 -1513.7 -1670.64 -1728.74 -1704.91 -1750.35 -1815.5 -1780.13 -1763.61 -1835.14 -1882.09 -1918.19 -1911.47 -1911.47 -1873.26 -1866.57 -1890.01 -1907.03 -1917.89 -1915.06 -1929.02 -1914.79 -1895.99 -1889.25 -1874.38 -1865.11 -1831.44 -1806.7 -1802.62 -1795.75 -1781.54 -1771.37 -1754.02 -1745.3 -1719.81 -1719.81 -1695.97 -1655.71 -1645.62 -1614.58 -1609.94 -1582.04 -1595.28 -1564.82 -1550.54 -1523.39 -1507.52 -1484.8 -1474.72 -1474.72 -1467.26 -1457.23 -1432.99 -1425.15 -1439.01 -1428.52 -1473.57 -1434.41 -1475.54 -1482.19 -1490.81
0 0 0 0 0 0 0 0 0 0 0 0 0 0 0 0 0 -883.085 -1187.13 -1501.86 -1443.2 -1573.57 -1672.91 -1763.23 -1912.28 -1800.87 -1796.57 -1796.57 -1893.11 -1923.29 -1971.12 -1930.21 -1917.77 -1894.44 -1918.91 -1918.91 -1921.7 -1925.27 -1936.34 -1916.57 -1893.48 -1883.72 -1880.56 -1865.38 -1844.65 -1825.34 -1795.92 -1786.95 -1770.38 -1770.38 -1761.87 -1756.65 -1754.08 -1728.48 -1709.42 -1676 -1696.38 -1664.09 -1655.39 -1624.25 -1604.22 -1575.62 -1560.61 -1534.22 -1537.56 -1511.3 -1503.62 -1482.8 -1473.74 -1457.23 -1446.25 -1446.25 -1421.93 -1419.34 -1404.74 -1434.41 -1439.94 -1482.19 -1454.67
0 0 0 0 0 0 0 0 0 0 0 0 0 0 0 0 0 0 -1127.28 -1185.16 -1443.2 -1517.48 -1672.91 -1882.45 -1882.45 -1929.02 -1836.79 -1850.79 -1893.11 -1961.41 -1971.12 -1989.85 -1979.59 -1967.07 -1921.8 -1914.77 -1944.58 -1942.08 -1968.06 -1932.85 -1911.27 -1893.07 -1875.23 -1857.85 -1835.83 -1835.83 -1802.66 -1792.21 -1776.16 -1769.1 -1768.17 -1761.71 -1769.11 -1769.11 -1763.68 -1731.28 -1721.53 -1689.53 -1670.8 -1638.45 -1646.5 -1612.44 -1589.37 -1564.21 -1545.14 -1523.71 -1512.7 -1512.7 -1500.38 -1483.76 -1468.89 -1449.78 -1432.14 -1421.91 -1420.61 -1401.05 -1390.85 -1411.49 -1427.36
0 0 0 0 0 0 0 0 0 0 0 0 0 0 0 0 0 0 -939.852 -992.604 -992.604 -1388.35 -1569.75 -1775.9 -1928.4 -1925.18 -1864.13 -1890.38 -1875.92 -1898.23 -1952.53 -2003.67 -2024.97 -1997.27 -1997.27 -1987.5 -1964.17 -1987.94 -1968.06 -1937.95 -1911.27 -1901.31 -1901.31 -1877 -1854.07 -1836.08 -1802.66 -1784.83 -1776.16 -1774.67 -1764.68 -1783.21 -1786.2 -1793.5 -1763.68 -1757.14 -1772.88 -1740.58 -1714.13 -1677.71 -1651.47 -1616.47 -1595.31 -1595.31 -1572.95 -1553.8 -1545.78 -1523.06 -1509.78 -1490.24 -1466.94 -1466.94 -1449.97 -1432.96 -1421.67 -1410.86 -1400.62 -1390.22 -1383.26
0 0 0 0 0 0 0 0 0 0 0 0 0 0 0 0 0 0 0 0 -1071.08 -1343.19 -1556.29 -1714.72 -1714.72 -1850.33 -1887.7 -1935.49 -1893.53 -1880.29 -1923.37 -1885.87 -1982.34 -2031.01 -2034.11 -2036.03 -2012.89 -2013.07 -2013.07 -1992.93 -1948.29 -1944.48 -1914.11 -1890.81 -1859.78 -1869.34 -1848.53 -1824.08 -1784.26 -1775.59 -1779.69 -1799.74 -1806.87 -1810.81 -1797.97 -1783.06 -1772.88 -1744.8 -1714.13 -1682.16 -1682.16 -1654.48 -1622.19 -1595.27 -1572.95 -1565.68 -1545.78 -1557.89 -1536.93 -1517.65 -1492.15 -1469.73 -1449.97 -1431.32 -1431.32 -1422 -1409.98 -1397.4 -1375.9
0 0 0 0 0 0 0 0 0 0 0 0 0 0 0 0 0 0 0 0 0 -1052.37 -1057.92 -1436.88 -1608.96 -1828.94 -1945.67 -1979.37 -1965.02 -1882.79 -1827.38 -1873.03 -1968.46 -2014.67 -2014.67 -2022.66 -2045.64 -2044.29 -2032.06 -2012.9 -1974.43 -1954.94 -1954.94 -1943.95 -1902.81 -1881.11 -1860.87 -1864.86 -1789.07 -1809.63 -1777.91 -1785 -1811.27 -1805.54 -1800.07 -1785.16 -1785.16 -1765.14 -1742.89 -1719.98 -1687.24 -1649.28 -1623 -1627.11 -1605.48 -1594.9 -1576.83 -1568.22 -1545.16 -1519.04 -1497.25 -1496.36 -1473.52 -1456.53 -1436.56 -1426.49 -1411.34 -1399.82 -1399.82
0 0 0 0 0 0 0 0 0 0 0 0 0 0 0 0 0 0 0 0 0 0 -1116.41 -1116.41 -1283.3 -1587.52 -1871.64 -1979.37 -1979.1 -1882.79 -1817.14 -1817.14 -1900.68 -1975.24 -2008 -2022.66 -2040.62 -2044.29 -2044.85 -2041.82 -2019.5 -1990.11 -1979.26 -1965.77 -1919.35 -1928.52 -1898.78 -1937.32 -1921.07 -1816.91 -1777.99 -1785.02 -1785.02 -1794.71 -1793.35 -1787.78 -1779.42 -1765.47 -1745.19 -1727.31 -1727.31 -1682.87 -1656.08 -1631.48 -1614.54 -1601.5 -1585.92 -1593.68 -1572.11 -1536.88 -1514.9 -1494.85 -1473.49 -1458.93 -1458.93 -1441.93 -1427.31 -1414.38 -1400.33
0 0 0 0 0 0 0 0 0 0 0 0 0 0 0 0 0 0 0 0 0 0 0 -915.009 -1358.87 -1669.43 -1902.56 -1902.56 -1955.41 -1965.21 -1913.91 -1862.19 -1930.39 -1985.2 -1965.25 -2000.1 -2029.94 -2035.46 -2036.25 -2042.82 -2023.84 -2012.07 -2026.51 -2004.67 -1963.25 -1928.52 -1906.84 -1937.32 -1899.48 -1899.48 -1837.35 -1794.12 -1794.6 -1794.71 -1793.18 -1787.78 -1794.35 -1783.14 -1765.84 -1744.28 -1717.38 -1682.87 -1653.02 -1653.02 -1641.69 -1629.81 -1608.97 -1599.85 -1570.97 -1539.67 -1514.89 -1517.5 -1494.52 -1477.19 -1460.15 -1442.1 -1426.87 -1410.37 -1410.37
0 0 0 0 0 0 0 0 0 0 0 0 0 0 0 0 0 0 0 0 0 0 0 0 0 -1199.44 -1774.11 -1898.4 -1919.93 -1933.08 -1897.23 -1897.23 -1903.49 -1931.48 -1956.65 -1993.54 -2011.05 -2015.97 -2003.96 -2030.17 -2033.06 -2023.51 -1997.13 -1988.63 -1945.15 -1945.15 -1938.15 -1915.51 -1914.16 -1883.7 -1862.68 -1819.87 -1827.15 -1799.93 -1800.91 -1798.9 -1803.08 -1782.82 -1753.22 -1740.68 -1737.34 -1710.06 -1682.73 -1662.29 -1645.62 -1629.81 -1614.32 -1614.32 -1590.74 -1568.67 -1541.59 -1517.5 -1498.46 -1477.19 -1480.48 -1461.22 -1442.54 -1426.98 -1413.18
0 0 0 0 0 0 0 0 0 0 0 0 0 0 0 0 0 0 0 0 0 0 0 0 0 0 -1774.11 -1754.31 -1847.34 -1922.77 -1912.34 -1900.71 -1901.02 -1928.24 -1925.73 -1958.24 -1990.58 -1996.79 -2009.35 -2030.84 -2018.36 -2018.36 -2001.42 -1978.66 -1963.14 -1954.59 -1949.7 -1919.28 -1905.47 -1905.47 -1887.27 -1871.04 -1823.81 -1804.71 -1814.65 -1822.98 -1845.85 -1817.03 -1774.95 -1754 -1737.76 -1710.01 -1691.31 -1691.31 -1665.7 -1648.33 -1632.8 -1613.18 -1589.97 -1569.65 -1568.43 -1544.34 -1522.77 -1501.19 -1479.17 -1459.03 -1441.9 -1425.93 -1426.27
0 0 0 0 0 0 0 0 0 0 0 0 0 0 0 0 0 0 0 0 0 0 0 0 0 0 0 -1776.76 -1857.83 -1899.71 -1912.34 -1901 -1898.76 -1875.16 -1925.73 -1959.61 -1990.58 -1995.76 -1995.76 -2020.58 -2021.4 -1998.55 -2001.42 -1977.33 -1963.14 -1973.43 -1968.85 -1946.14 -1912.49 -1905.35 -1887.27 -1864.74 -1861.88 -1821.99 -1824.28 -1819.61 -1832.74 -1809.71 -1776.05 -1757.84 -1765.79 -1739.23 -1718.83 -1695.64 -1668.5 -1652.6 -1638.39 -1638.39 -1616.26 -1589.2 -1565.72 -1545.8 -1518.71 -1498.23 -1496.54 -1476.34 -1456.75 -1441.97 -1424.4
0 0 0 0 0 0 0 0 0 0 0 0 0 0 0 0 0 0 0 0 0 0 0 0 0 0 -1253.59 -1520.09 -1829.44 -1876.84 -1889.18 -1893.55 -1874.61 -1874.21 -1874.21 -1915.86 -1953.41 -1986.9 -2005.14 -2008.43 -1999.77 -1980.9 -1984.64 -1974.42 -1973.03 -1973.79 -1961.96 -1936.86 -1916.36 -1917.74 -1906.48 -1894.14 -1861.88 -1835.42 -1824.28 -1819.08 -1819.08 -1824.46 -1803.28 -1784.94 -1765.79 -1742.28 -1718.83 -1724.94 -1700.93 -1672.29 -1655.37 -1639.27 -1616.26 -1587.61 -1587.61 -1563.17 -1539.14 -1518.67 -1494.75 -1476.13 -1455.31 -1440.74 -1442.19
0 0 0 0 0 0 0 0 0 0 0 0 0 0 0 0 0 0 0 0 0 0 0 0 0 0 -1155.36 -1534.64 -1831.34 -1865.34 -1865.34 -1860.53 -1837.75 -1811.29 -1860.52 -1895.87 -1948.58 -2017.69 -2017.69 -2011.05 -1987.16 -1965.8 -1971.47 -1968.9 -1971.52 -1975.08 -1972.83 -1959.51 -1933.54 -1916.98 -1904.08 -1907.8 -1907.8 -1891.84 -1868.67 -1861 -1837.37 -1832.32 -1809.05 -1817.09 -1792.6 -1774.9 -1751.42 -1728.58 -1700.59 -1671.8 -1653.51 -1650.77 -1635.21 -1607.63 -1585.16 -1557.72 -1539.14 -1515.54 -1515.54 -1489.85 -1474.49 -1457.5 -1442.19
0 0 0 0 0 0 0 0 0 0 0 0 0 0 0 0 0 0 0 0 0 0 0 0 0 0 -1219.26 -1219.26 -1568.74 -1797.63 -1863.2 -1860.53 -1782.44 -1811.29 -1773.04 -1823.54 -1892.35 -1963.9 -2042.11 -2011.01 -1974.56 -1978.8 -1948.97 -1946.18 -1969.8 -1979.52 -1982.12 -1968.36 -1938.07 -1934.05 -1915.23 -1914.99 -1912.6 -1900.4 -1881.79 -1879.99 -1879.99 -1870.57 -1843.33 -1829.35 -1802.9 -1786.17 -1756.38 -1759.91 -1726.53 -1698.68 -1674.57 -1652.61 -1630.08 -1607.01 -1607.01 -1577.57 -1554.66 -1529.38 -1510.55 -1488.59 -1472.44 -1454.33 -1454.33
