gis_data/PP1766_DIS_Layer2_Top_ASCII.txt
ncols         308
nrows         431
xllcorner     -321143.35392317
yllcorner     1277883.4776336
cellsize      1609.334
NODATA_value  -9999
[rows 108 to 143 of 431, columns 80 to 159 of 308]
74.678 64.4802 48.43 32.025 19.8405 15.62 15.62 12.339 2.496 -0.785 -7.347 -4.066 -4.066 -4.066 -0.785 -0.785 -10.628 -0.785 15.3098 60.4344 104.207 442.421 248.226 0 126.344 460.946 45.7254 12.339 5.777 9.058 9.058 9.058 13.9052 5.777 15.62 15.62 15.62 20.5696 41.6603 41.868 56.2801 69.939 68.2076 71.539 0 0 0 0 0 0 0 0 0 0 0 0 0 0 0 0 0 0 0 0 0 0 0 0 -9999 -9999 -9999 -9999 -9999 -9999 -9999 -9999 -9999 -9999 -9999 -9999
74.678 61.554 54.992 41.868 35.306 22.182 18.901 9.058 2.496 2.496 -4.066 -10.628 -10.628 -7.347 -4.066 -0.785 -4.066 -4.066 -7.347 -3.7987 12.0242 267.837 74.4704 323.747 -0.785 169.011 24.536 5.777 5.777 5.777 9.058 9.058 9.058 9.058 5.777 15.62 22.182 32.025 32.025 35.306 43.4897 71.397 51.711 64.835 0 0 0 0 0 0 0 0 0 0 0 0 0 0 0 0 0 0 0 0 0 0 0 0 0 -9999 -9999 -9999 -9999 -9999 -9999 -9999 -9999 -9999 -9999 -9999
87.802 64.835 54.992 41.868 35.306 28.744 28.744 18.901 9.058 -0.785 -4.066 -10.628 -10.628 -10.628 -10.628 -4.066 -4.066 -0.785 -7.347 -4.92462 -4.92462 -7.347 29.3156 -0.785 -4.066 12.339 -0.785 1.53138 -0.785 2.496 5.777 5.777 9.058 2.496 12.5467 12.5467 20.098 32.025 32.025 28.744 35.306 45.149 52.0797 104.207 0 0 0 0 0 0 0 0 0 0 0 0 0 0 0 0 0 0 0 0 0 0 0 0 0 -9999 -9999 -9999 -9999 -9999 -9999 -9999 -9999 -9999 -9999 -9999
87.802 68.116 68.116 61.554 51.711 48.43 32.025 25.463 12.339 12.339 -0.785 -10.628 -13.909 -10.628 -10.628 -0.785 -0.785 -4.066 -10.628 -10.628 -10.628 -10.628 -4.066 -10.628 -10.628 -7.347 -4.066 -0.785 -0.785 2.496 5.777 5.777 5.777 9.058 8.74792 3.40865 20.098 22.182 22.182 28.744 32.025 -63.8911 52.0797 -11.0041 0 0 0 0 0 0 0 0 0 0 0 0 0 0 0 0 0 0 0 0 0 0 0 0 0 0 -9999 -9999 -9999 -9999 -9999 -9999 -9999 -9999 -9999 -9999
130.455 100.926 77.959 74.678 63.489 48.43 48.43 32.8948 25.463 12.339 -4.066 -13.909 -13.909 -13.909 -10.628 -4.066 -7.347 2.496 -10.628 -10.628 -10.628 -10.628 -10.628 -13.909 -10.628 -10.628 -4.066 -7.347 -4.066 -0.785 -0.785 2.496 5.777 0.349937 17.6292 12.339 15.62 18.901 25.463 25.463 29.6113 -63.694 -63.694 -50.57 0 0 0 0 0 0 0 0 0 0 0 0 0 0 0 0 0 0 0 0 0 0 0 0 0 0 -9999 -9999 -9999 -9999 -9999 -9999 -9999 -9999 -9999 -9999
192.794 100.926 113.432 84.521 84.521 68.116 45.149 32.8948 18.901 18.901 9.058 -7.347 -12.2556 -10.628 -10.628 -4.066 -4.066 -10.628 -0.785 -10.628 -10.628 -13.909 -13.909 -13.909 -13.909 -13.909 -10.628 -7.347 -4.066 -0.785 -0.785 -0.785 -0.785 0.729224 9.058 12.339 10.2875 15.62 15.62 15.62 25.463 -73.537 -50.57 -37.446 -37.446 -37.446 0 0 0 0 0 0 0 0 0 0 0 0 0 0 0 0 0 0 0 0 0 0 0 0 0 -9999 -9999 -9999 -9999 -9999 -9999 -9999 -9999 -9999
200.094 145.804 133.881 107.488 81.24 64.835 64.835 41.868 25.463 17.6537 5.777 -7.347 -10.628 -10.628 -13.909 -10.628 -10.628 -10.628 -4.066 -10.628 -13.909 -13.909 -13.909 -13.909 -13.909 -13.909 -10.628 -10.628 -10.628 -4.066 -4.066 -0.785 -2.70826 -0.212964 -0.785 5.777 9.058 15.62 -83.38 -76.9804 -76.818 -73.537 -73.537 -62.2867 -37.446 -37.446 6.979 0 0 0 0 0 0 0 0 0 0 0 0 0 0 0 0 0 0 0 0 0 0 0 0 0 -9999 -9999 -9999 -9999 -9999 -9999 -9999 -9999
420.963 267.233 214.105 150.832 94.364 71.397 54.992 41.868 25.463 25.463 12.339 -0.785 -10.628 -13.909 -17.19 -10.628 -13.909 -13.909 -7.347 -7.347 -13.909 -13.909 -13.909 -13.909 -13.909 -13.909 -17.19 -13.909 -10.628 -5.01276 -4.066 -4.066 -4.066 2.496 -4.066 5.777 9.058 15.62 15.62 -86.8953 -77.8554 -76.0643 -73.2449 -62.2867 -53.286 -53.286 -16.7123 -7.91701 0 0 0 0 0 0 0 0 0 0 0 0 0 0 0 0 0 0 0 0 0 0 0 0 -9999 -9999 -9999 -9999 -9999 -9999 -9999 -9999
517.531 444.525 207.227 51.141 8.48801 8.48801 14.7178 72.104 48.43 25.463 12.339 -4.066 -13.909 -13.909 -20.471 -17.19 -13.909 -13.909 -10.628 -10.628 -7.347 -10.628 -13.909 -17.19 -17.19 -17.19 -13.909 -13.909 -13.909 -10.628 -7.347 -4.066 -0.785 -0.785 -4.066 2.496 5.777 9.058 -86.2337 -88.9588 -76.818 -73.537 -63.694 -61.922 -40.727 -34.165 -27.603 0 0 0 0 0 0 0 0 0 0 0 0 0 0 0 0 0 0 0 0 0 0 0 0 0 0 -9999 -9999 -9999 -9999 -9999 -9999 -9999
517.531 156.133 156.133 208.086 60.5545 47.86 14.7178 83.9386 48.43 54.992 28.744 19.3343 -4.066 -17.19 -20.471 -13.909 -13.909 -20.471 -13.909 -13.909 -10.628 -10.628 -14.6969 -20.471 -20.471 -20.471 -20.471 -17.19 -13.909 -10.628 -4.32918 -4.32918 -4.066 -4.066 -4.066 -0.785 5.777 -4.066 5.777 -93.223 -76.818 -67.447 -63.694 -57.132 -44.008 -44.008 -9.525 2.86888 0 0 0 0 0 0 0 0 0 0 0 0 0 0 0 0 0 0 0 0 0 0 0 0 0 -9999 -9999 -9999 -9999 -9999 -9999 -9999
310.91 564.901 411 208.418 97.6228 126.615 77.389 24.893 -14.4757 61.554 35.306 5.777 -13.909 -15.4648 -17.19 -23.752 -20.471 -17.19 -13.909 -13.909 -13.909 -13.909 -13.909 -17.19 -20.471 -20.471 -20.471 -20.471 -17.19 -13.909 -10.628 -7.347 -4.066 -17.19 -17.19 -4.066 0.293581 -3.92414 11.0672 -83.38 -76.8932 -66.975 -66.975 -60.413 -53.851 -51.7826 11.769 34.7275 0 0 0 0 0 0 0 0 0 0 0 0 0 0 0 0 0 0 0 0 0 0 0 0 0 0 -9999 -9999 -9999 -9999 -9999 -9999
668.004 614.141 614.141 330.499 310.476 129.885 71.5171 31.455 -7.91701 5.207 71.397 32.025 -0.785 -20.471 -20.471 -23.752 -23.752 -23.752 -20.471 -20.471 -17.19 -13.909 -10.628 -13.909 -13.909 -20.471 -12.6015 -20.7165 -16.7005 -13.909 -10.628 -10.628 -10.628 -4.066 -5.37799 -7.347 -10.628 5.777 5.777 14.9877 -83.8039 -73.537 -66.975 -66.975 -53.851 -51.0075 -50.57 -30.884 0 0 0 0 0 0 0 0 0 0 0 0 0 0 0 0 0 0 0 0 0 0 0 0 0 0 0 -9999 -9999 -9999 -9999 -9999
810.461 621.767 320.183 330.499 237.614 251.342 154.513 77.389 34.736 21.612 -26.6981 32.025 -0.785 -7.347 -27.9456 -23.752 -23.752 -23.752 -20.471 -20.471 -20.471 -17.19 -10.628 -13.909 -20.471 -20.471 -20.471 -23.752 -20.471 -13.909 -10.628 -13.909 -10.628 -0.785 -0.785 -22.0406 -7.347 -4.066 2.496 15.62 -76.818 -80.8231 -80.8231 -63.8157 -53.8482 -47.289 -40.727 -11.198 0 0 0 0 0 0 0 0 0 0 0 0 0 0 0 0 0 0 0 0 0 0 0 0 0 0 0 -9999 -9999 -9999 -9999 -9999
495.026 415.465 794.44 527.469 375.379 251.342 167.303 77.389 60.984 60.984 11.769 -27.2825 22.182 -7.347 -23.752 -23.752 -23.752 -23.752 -23.752 -22.555 -23.752 -17.19 -20.471 -20.471 -13.909 -23.752 -20.471 -23.752 -20.471 -17.19 -13.909 -13.909 -13.909 -10.628 -10.628 -10.628 -11.1889 2.85937 2.85937 5.777 9.058 22.182 -73.537 -60.1629 -53.2581 -57.132 -44.008 2.25829 -7.91701 0 0 0 0 0 0 0 0 0 0 0 0 0 0 0 0 0 0 0 0 0 0 0 0 0 0 0 -9999 -9999 -9999 -9999
776.264 863.704 850.625 517.343 385.321 385.321 268.585 175.819 111.742 54.422 4.48008 -37.7099 -50.57 5.777 -13.909 -23.752 -23.752 -23.752 -23.752 -23.752 -23.752 -23.752 -13.909 -14.5374 -23.752 -23.752 -23.752 -23.752 -23.752 -20.471 -19.7292 -13.909 -15.6801 -10.628 -10.628 -11.0035 -11.7892 -0.785 1.97247 5.777 22.182 22.182 22.182 -63.694 -70.256 -57.132 -24.9571 -33.6829 11.559 37.3001 0 0 0 0 0 0 0 0 0 0 0 0 0 0 0 0 0 0 0 0 0 0 0 0 0 0 -9999 -9999 -9999 -9999
862.501 862.501 696.369 828.537 539.97 424.917 230.035 162.695 122.093 122.093 60.2273 8.47348 -53.851 12.339 -0.785 -17.19 -13.909 -23.752 -23.752 -23.752 -20.471 -20.471 -20.471 -20.471 -23.752 -23.752 -23.752 -23.752 -20.471 -23.752 -17.19 -17.19 -17.19 -13.909 -13.909 -10.628 -7.347 -4.066 -0.785 2.496 9.058 15.62 19.8103 25.463 32.025 32.025 45.149 55.1066 74.678 37.3001 0 0 0 0 0 0 0 0 0 0 0 0 0 0 0 0 0 0 0 0 0 0 0 0 0 0 0 -9999 -9999 -9999
788.647 1035.62 696.369 726.052 539.97 595.787 380.698 247.989 179.1 113.48 60.2273 -7.91701 -11.198 -53.851 25.463 5.777 -13.909 -23.752 -23.752 -23.752 -23.752 -17.19 -20.471 -23.752 -23.752 -23.752 -27.033 -27.033 -23.752 -23.752 -23.752 -20.471 -15.7329 -13.909 -13.909 -30.314 -19.5683 -4.066 2.496 5.777 15.62 15.62 22.182 28.744 32.025 34.0088 48.1843 62.2682 112.658 112.658 21.2415 0 0 0 0 0 0 0 0 0 0 0 0 0 0 0 0 0 0 0 0 0 0 0 0 0 0 -9999 -9999 -9999
807.178 1155.86 961.577 646.363 525.13 573.985 322.607 256.324 175.819 169.257 103.766 44.2761 -11.198 -47.289 25.463 5.777 5.777 -20.471 -30.314 -23.752 -23.752 -13.909 -20.471 -23.752 -23.752 -23.752 -30.314 -27.033 -23.752 -23.752 -23.752 -23.752 -22.0709 -17.19 -25.6807 -22.1191 -10.628 -1.72647 2.496 1.75284 8.93675 15.62 25.463 32.025 41.868 41.868 54.611 74.719 75.9137 91.083 0 0 0 0 0 0 0 0 0 0 0 0 0 0 0 0 0 0 0 0 0 0 0 0 0 0 0 0 -9999 -9999
748.242 989.345 0 803.385 701.691 813.802 579.2 343.16 235.464 152.852 100.356 31.455 31.455 -29.9688 -53.851 11.1811 -4.066 -23.752 -27.033 -23.752 -23.752 -20.471 -20.471 -23.752 -23.752 -30.314 -30.314 -30.314 -27.033 -27.033 -23.752 -33.145 -23.752 -17.19 -17.19 -13.909 -13.909 -4.066 2.496 5.777 8.93675 12.339 15.62 22.182 25.463 41.868 54.611 70.0022 70.0022 95.4846 100.926 41.298 0 0 0 0 0 0 0 0 0 0 0 0 0 0 0 0 0 0 0 0 0 0 0 0 0 0 0 -9999
823.819 586.701 0 0 964.602 589.375 473.983 282.578 218.472 206.644 112.96 66.9816 1.92599 -57.132 20.0521 -10.628 -10.628 -23.752 -23.752 -27.682 -23.752 -23.752 -28.0712 -21.7231 -20.471 -30.314 -30.314 -30.314 -30.314 -27.033 -27.033 -23.752 -23.752 -20.471 -20.471 -17.19 -10.628 -4.066 -4.066 -0.785 -0.775944 12.3284 22.182 32.025 41.868 46.8559 51.711 68.116 81.24 105.154 123.893 0 0 0 0 0 0 0 0 0 0 0 0 0 0 0 0 0 0 0 0 0 0 0 0 0 0 0 0 -9999
301.561 586.701 0 0 837.23 837.23 499.663 582.16 241.88 206.644 163.029 66.9816 83.6262 -27.7181 15.62 5.777 -20.471 -23.752 -30.314 -30.314 -27.033 -27.033 -23.752 -20.471 -23.752 -30.314 -30.314 -30.314 -30.314 -30.314 -30.314 -23.752 -20.471 -20.471 -20.471 -23.752 -17.19 -10.628 -0.785 -0.785 5.777 5.777 15.62 25.463 35.306 45.149 54.992 74.4663 74.4663 -9.0759 2.05065 54.2029 0 0 0 0 0 0 0 0 0 0 0 0 0 0 0 0 0 0 0 0 0 0 0 0 0 0 0 0
261.125 261.125 740.043 0 0 494.605 473.298 347.384 383.326 204.717 179.1 179.231 168.107 41.3361 1.65789 -10.628 -12.8013 -23.752 -27.033 -27.033 -30.314 -27.033 -23.7026 -23.7026 -23.752 -25.0515 -30.314 -30.314 -30.314 -30.314 -30.314 -27.033 -23.752 -20.471 -20.471 -23.752 -18.4657 -18.4657 -8.25561 -7.347 -0.785 12.339 15.62 32.025 41.868 45.149 54.992 -33.059 -17.76 -9.3831 19.0273 0 0 0 0 0 0 0 0 0 0 0 0 0 0 0 0 0 0 0 0 0 0 0 0 0 0 0 0 0
361.197 231.596 0 0 727.903 727.903 651.182 396.143 341.508 224.812 225.604 299.756 249.941 148.157 15.62 -0.785 -13.909 -23.752 -27.033 -27.033 -27.033 -30.314 -27.033 -20.471 -23.752 -23.752 -30.314 -30.314 -30.314 -27.033 -30.314 -30.314 -23.8192 -20.471 -23.752 -23.752 -20.471 -13.909 -10.628 -7.347 2.496 2.496 15.62 22.182 35.306 45.149 -44.008 -33.059 -27.603 -7.91701 2.23686 0 0 0 0 0 0 0 0 0 0 0 0 0 0 0 0 0 0 0 0 0 0 0 0 0 0 0 0 0
361.197 277.279 208.629 0 0 717.982 651.182 431.306 343.747 288.706 257.879 249.491 172.018 156.481 28.6799 2.02796 -0.785 -17.19 -25.4399 -27.033 -27.033 -27.033 -30.314 -30.314 -27.033 -26.0667 -23.752 -27.033 -30.314 -30.314 -30.314 -31.2546 -20.9153 -23.752 -23.752 -23.752 -17.19 -17.19 -10.628 -7.347 -4.066 8.72949 15.62 25.463 -73.537 -73.537 -47.8482 -44.1154 -27.603 -17.76 62.0289 117.733 196.33 196.705 0 0 0 0 0 0 0 0 0 0 0 0 0 0 0 0 0 0 0 0 0 0 0 0 0 0
0 241.439 201.612 0 0 0 746.951 513.993 343.747 208.629 257.879 220.474 220.474 96.9234 77.959 32.025 -0.785 -20.471 -25.4399 -20.471 -23.752 -27.033 -26.8585 -27.033 -27.033 -28.0815 -28.0815 -17.19 -30.314 -30.314 -30.314 -27.033 -27.033 -24.221 -32.5416 -30.314 -23.752 -13.909 -7.73475 -4.066 0.773065 0.773065 12.339 15.6667 -66.975 -49.6249 -37.446 -40.727 -32.6608 -34.165 4.74931 35.8589 184.658 0 0 0 0 0 0 0 0 0 0 0 0 0 0 0 0 0 0 0 0 0 0 0 0 0 0 0
0 0 238.158 367.435 0 0 538.04 330.026 330.026 218.718 169.257 277.319 301.781 239.478 147.269 44.6693 44.6693 -4.066 -13.909 -7.347 -13.909 -22.7536 -23.752 -20.471 -23.752 -23.752 -23.752 -21.2587 -30.314 -30.314 -30.314 -27.033 -31.4855 -30.314 -32.5416 -27.033 -23.752 -30.8163 -17.19 -7.347 -4.066 5.777 12.339 -61.9592 -66.975 -66.975 -47.4919 -30.884 -18.5914 -14.479 62.3775 205.549 41.298 0 0 0 0 0 0 0 0 0 0 0 0 0 0 0 0 0 0 0 0 0 0 0 0 0 0 0
0 351.113 206.499 414.694 0 0 0 575.486 290.985 166.465 219.042 171.337 171.337 104.207 139.699 103.522 90.9493 1.68038 -7.347 -4.066 -7.347 -11.0044 -20.471 -13.909 -23.752 -23.752 -23.752 -27.033 -27.033 -28.5341 -33.595 -23.752 -27.033 -33.595 -33.595 -30.314 -30.314 -23.752 -13.909 -10.628 -0.785 -0.785 14.6749 -83.38 -76.818 -47.8846 -44.008 -37.446 -37.446 -34.4018 -8.51463 15.5417 41.298 0 0 0 0 0 0 0 0 0 0 0 0 0 0 0 0 0 0 0 0 0 0 0 0 0 0 0
0 0 264.194 176.386 0 0 0 575.486 431.087 213.184 139.728 222.036 172.735 104.207 141.422 192.95 112.599 147.984 5.777 2.496 -7.347 -0.785 -7.347 -7.05501 -7.63925 -10.628 -20.471 -20.471 -22.5805 -30.314 -30.314 -30.314 -32.0481 -30.314 -30.314 -33.595 -30.314 -27.033 -20.471 -10.628 -4.066 9.058 15.62 -53.851 -53.851 -62.2756 -44.008 -53.2609 -45.1545 -31.1511 -27.603 129.238 129.238 0 0 0 0 0 0 0 0 0 0 0 0 0 0 0 0 0 0 0 0 0 0 0 0 0 0 0
0 0 209.431 149.571 146.29 0 0 0 248.208 171.396 198.641 176.389 150.141 167.43 190.022 192.95 179.656 147.984 13.9831 13.9831 5.777 5.777 -4.066 -7.05501 -0.785 -10.628 -10.628 -13.909 -25.3313 -20.471 -30.314 -30.314 -40.157 -30.314 -30.314 -23.752 -33.595 -27.033 -20.471 -7.347 -9.34815 2.496 9.058 22.182 -59.7525 -43.0097 -59.0369 -28.9061 -28.9061 -17.6584 7.98879 74.7495 82.0562 0 0 0 0 0 0 0 0 0 0 0 0 0 0 0 0 0 0 0 0 0 0 0 0 0 0 0
0 0 0 353.12 133.341 0 0 487.766 481.566 173.463 185.59 166.546 140.298 179.67 194.741 194.741 203.247 195.483 114.312 12.339 15.62 5.777 -0.785 -0.785 -0.785 -10.628 -20.471 -23.752 -23.752 -23.752 -23.752 -27.033 -23.752 -23.752 -27.033 -23.752 -33.595 -33.595 -20.471 -13.909 -4.066 2.496 15.62 22.182 -76.783 -57.132 -30.884 -43.0423 -17.0112 -17.6584 27.0746 74.7495 59.8754 0 0 0 0 0 0 0 0 0 0 0 0 0 0 0 0 0 0 0 0 0 0 0 0 0 0 0
0 0 0 185.566 185.662 141.238 0 0 373.739 221.967 152.793 143.579 130.455 127.174 123.893 172.081 120.759 101.297 97.0846 97.0846 22.2253 15.62 15.62 21.713 -0.785 -13.909 -13.909 -20.471 -23.752 -23.752 -21.8723 -23.752 -30.314 -30.314 -23.752 -23.752 -33.595 -30.314 -23.752 -13.909 -0.275905 -0.275905 17.0309 22.182 -58.0766 -53.5225 -34.165 -35.9071 -8.87148 -4.50177 21.612 29.3148 90.3726 0 0 0 0 0 0 0 0 0 0 0 0 0 0 0 0 0 0 0 0 0 0 0 0 0 0 0
0 0 0 0 185.662 281.008 0 371.431 371.431 277.783 166.456 130.455 130.455 117.331 123.893 110.769 145.932 198.371 192.902 69.5173 22.2253 19.0858 28.744 28.5487 12.339 -0.785 -7.347 -20.471 -20.471 -27.033 -23.752 -27.033 -33.595 -30.314 -30.314 -30.314 -33.595 -33.595 -33.595 -23.752 -7.347 3.93103 17.6984 -66.975 -55.3899 -47.6664 -49.944 -17.76 -17.76 1.92599 -4.636 39.6067 18.331 130.534 115.329 0 0 0 0 0 0 0 0 0 0 0 0 0 0 0 0 0 0 0 0 0 0 0 0 0
0 0 0 0 0 287.943 368.829 245.816 346.823 183.585 140.298 130.455 130.455 117.331 110.769 100.926 117.273 148.385 129.864 78.9118 72.2261 32.025 28.744 15.62 12.339 0.496357 0.496357 -10.628 -10.628 -17.19 -23.752 -33.595 -33.595 -30.314 -30.314 -27.033 -30.314 -33.595 -33.595 -20.471 -7.347 -5.36994 2.496 -73.537 -67.9295 -63.59 -17.76 -12.8548 -18.3659 -7.70263 16.7119 3.48136 20.3272 86.2275 0 0 0 0 0 0 0 0 0 0 0 0 0 0 0 0 0 0 0 0 0 0 0 0 0 0
0 0 0 0 0 187.418 225.33 392.651 392.651 236.455 153.422 130.455 120.667 104.207 107.488 94.364 94.364 97.6862 104.722 51.711 40.1373 38.587 38.587 24.8812 9.058 -0.785 -7.347 -17.19 -17.19 -23.752 -23.752 -30.314 -33.8063 -27.033 -31.6038 -30.314 -33.595 -30.314 -33.595 -31.3327 -20.471 5.777 9.16596 -66.975 -66.975 -63.694 -37.0071 -1.02649 -18.3659 -7.1182 16.7119 18.3985 11.769 34.6474 62.8072 0 0 0 0 0 0 0 0 0 0 0 0 0 0 0 0 0 0 0 0 0 0 0 0 0
0 0 0 0 0 0 0 287.908 239.9 99.4743 156.703 133.736 120.612 104.207 104.207 91.083 77.5134 71.397 71.397 58.273 42.2785 41.868 28.744 15.62 5.777 -7.347 -7.347 -18.6226 -20.471 -23.752 -30.314 -23.752 -23.752 -30.314 -27.033 -30.314 -29.0977 -30.314 -36.876 -20.471 -20.471 0.308257 9.058 -80.9784 -80.099 -45.6155 -2.69869 3.31469 3.31469 -24.559 -4.30155 28.0198 60.7019 64.2621 74.2041 110.482 246.34 0 0 0 0 0 0 0 0 0 0 0 0 0 0 0 0 0 0 0 0 0 0 0
0 0 0 0 0 0 0 287.01 269.64 176.224 64.265 133.736 123.893 104.207 91.083 91.083 81.24 77.959 71.397 58.273 51.711 41.868 35.306 25.463 15.62 2.496 -10.628 -18.6226 -23.752 -23.752 -27.033 -33.595 -33.595 -33.595 -33.595 -33.595 -30.314 -28.5499 -30.2781 -29.6288 -10.628 -7.71705 -93.223 -83.38 -83.38 -66.5926 -46.3188 2.42151 -7.65974 -1.07087 -2.66833 14.3211 44.6304 100.356 85.2054 118.978 0 0 0 238.158 0 0 0 0 0 0 0 0 0 0 0 0 0 0 0 0 0 0 0 0
