gis_data/PP1766_DIS_Layer8_Top_ASCII.txt
ncols         308
nrows         431
xllcorner     -321143.35392317
yllcorner     1277883.4776336
cellsize      1609.334
NODATA_value  -9999
[rows 280 to 314 of 431, columns 158 to 236 of 308]
0 0 -54.0399 -244.827 -378.556 -510.763 -635.189 -653.229 -760.644 -866.774 -905.868 -878.035 -850.229 -847.9 -842.327 -827.32 -834.992 -811.983 -801.203 -787.747 -784.547 -784.547 -781.956 -777.122 -778.673 -778.355 -776.191 -756.229 -764.45 -739.402 -720.58 -679.358 -669.884 -639.922 -610.906 -585.53 -589.447 -572.388 -565.43 -546.526 -539.578 -511.938 -504.503 -504.503 -503.925 -500.644 -494.082 -487.52 -484.239 -477.677 -480.958 -476.871 -454.71 -461.272 -457.991 -448.148 -441.586 -441.586 -435.024 -428.462 -418.619 -408.776 -398.933 -395.652 -382.528 -382.528 -375.966 -362.842 -385.809 -369.404 -358.227 -339.875 -352.644 0 -90.6111 -231.602 0 0 0
0 0 -86.7201 -149.226 -267.215 -436.838 -561.578 -699.87 -797.426 -886.425 -886.425 -912.671 -896.492 -866.292 -842.327 -844.952 -834.992 -854.185 -832.16 -809.672 -798.031 -794.404 -781.956 -783.152 -778.673 -793.004 -787.503 -778.302 -764.45 -755.901 -740.505 -703.679 -719.512 -675.591 -637.481 -611.727 -589.204 -574.368 -570.183 -570.183 -585.711 -558.027 -534.212 -511.833 -507.206 -500.644 -500.644 -497.363 -494.082 -483.992 -480.958 -474.396 -471.115 -464.553 -464.553 -457.991 -451.429 -444.867 -435.024 -428.462 -418.619 -418.619 -408.776 -398.933 -389.09 -382.06 -379.247 -398.933 -402.764 -389.09 -379.247 -362.842 -349.664 -269.991 -307.188 -307.188 -293.941 -254.569 0
0 0 0 -214.886 -312.652 -491.232 -614.201 -629.762 -733.656 -856.58 -905.099 -918.585 -905.394 -897.838 -897.838 -903.795 -869.414 -853.285 -828.716 -817.82 -808.056 -820.47 -802.726 -806.263 -798.534 -812.367 -795.652 -794.537 -794.537 -798.216 -776.648 -757.926 -719.512 -670.376 -637.481 -616.653 -616.653 -597.759 -579.234 -584.596 -585.711 -581.757 -534.212 -555.781 -514.451 -507.206 -500.644 -500.644 -494.082 -487.52 -487.52 -480.958 -477.677 -471.115 -455.892 -454.71 -444.867 -444.867 -438.305 -431.743 -421.9 -415.338 -405.495 -398.372 -395.652 -395.652 -385.809 -408.776 -405.495 -392.371 -385.809 -372.685 -385.809 0 -330.032 -316.3 0 -246.293 0
0 0 100.247 54.4561 -212.017 -397.37 -534.964 -674.068 -762.491 -872.867 -872.867 -923.525 -944.715 -955.777 -934.142 -913.422 -877.991 -885.451 -857.686 -844.35 -829.362 -850.409 -822.346 -829.787 -826.138 -847.3 -828.739 -837.555 -818.789 -814.162 -790.833 -756.049 -756.049 -714.707 -676.072 -680.01 -636.874 -626.279 -593.959 -641.915 -616.302 -634.812 -615.819 -582.456 -521.948 -511.962 -511.962 -503.925 -500.644 -494.082 -487.52 -480.958 -477.677 -468.278 -468.278 -461.272 -454.71 -448.148 -438.305 -425.3 -421.9 -415.338 -412.057 -408.776 -402.214 -398.202 -385.809 -416.121 -416.121 -408.776 -392.371 -389.09 -356.28 -332.138 -333.313 -333.313 -330.032 -297.222 -288.697
0 0 0 54.4561 -247.895 -397.37 -451.59 -577.281 -720.178 -816.46 -888.037 -923.525 -963.531 -955.777 -966.213 -952.917 -925.246 -906.829 -867.737 -864.094 -856.165 -842.291 -836.865 -845.059 -850.979 -867.627 -850.156 -857.531 -857.531 -841.522 -816.485 -785.251 -752.129 -727.303 -702.04 -758.396 -712.27 -719.597 -682.871 -689.174 -654.377 -659.679 -642.9 -664.71 -608.425 -547.169 -513.438 -506.051 -500.644 -494.082 -494.082 -487.52 -480.958 -474.127 -467.834 -457.991 -451.429 -448.148 -444.867 -435.024 -428.462 -421.9 -409.68 -408.776 -408.776 -402.214 -395.652 -428.462 -415.338 -421.9 -405.423 -369.404 -369.404 -362.842 -348.495 -343.156 -330.032 -38.2533 -288.697
0 0 0 0 -41.6671 -308.181 -493.239 -603.776 -732.517 -837.849 -853.778 -904.764 -955.684 -961.226 -959.646 -946.462 -946.832 -946.832 -924.846 -885.711 -858.114 -842.291 -839.369 -845.059 -879.143 -879.143 -885.197 -877.865 -872.846 -841.522 -815.893 -785.251 -790.581 -758.616 -780.839 -758.396 -751.306 -719.597 -734.154 -760.954 -721.143 -705.77 -673.17 -669.551 -625.578 -553.459 -553.459 -516.359 -507.206 -497.363 -490.801 -484.239 -477.677 -471.115 -471.115 -461.272 -454.728 -448.148 -443.464 -435.024 -425.181 -428.462 -418.619 -412.057 -405.495 -402.214 -395.652 -393.223 -393.223 -428.462 -426.065 -379.715 -370.157 -366.123 -356.28 -369.404 -352.999 -333.313 -318.135
0 0 0 0 -106.725 -339.47 -304.431 -493.65 -620.571 -746.921 -851.866 -924.006 -943.098 -951.653 -952.026 -949.6 -942.744 -952.237 -929.352 -893.647 -846.356 -846.356 -835.428 -850.012 -896.477 -893.824 -885.013 -879.966 -875.24 -874.97 -856.716 -818.109 -802.287 -788.409 -825.323 -825.323 -811.53 -790.248 -790.654 -760.954 -738.907 -705.77 -685.393 -685.393 -673.214 -639.507 -565.546 -516.359 -500.971 -497.363 -497.363 -487.52 -481.567 -477.677 -467.834 -461.272 -454.71 -454.71 -448.148 -441.586 -434.153 -425.181 -418.619 -415.338 -415.338 -408.776 -398.933 -398.933 -395.652 -389.09 -441.803 -384.919 -384.919 -375.966 -372.685 -365.004 -352.999 -333.313 -323.47
0 0 0 0 0 -191.965 -166.703 -433.075 -622.571 -747.346 -779.064 -883.051 -938.207 -937.875 -934.429 -926.908 -934.185 -934.185 -922.388 -912.754 -859.729 -840.541 -837.15 -868.197 -892.759 -909.551 -889.685 -879.245 -869.171 -870.384 -848.64 -823.364 -830.2 -818.38 -835.36 -831.401 -822.299 -807.97 -799.924 -799.924 -782.198 -751.986 -725.348 -694.472 -667.532 -634.707 -635.923 -577.455 -518.675 -500.644 -494.082 -487.52 -479.181 -479.181 -474.396 -464.553 -464.553 -453.917 -448.148 -441.586 -435.024 -435.024 -425.181 -418.619 -415.338 -408.776 -405.495 -398.933 -402.214 -395.652 -395.652 -389.09 -389.09 -375.966 -379.247 -379.247 -366.123 -352.645 -339.875
0 0 0 0 0 131.393 131.393 -120.988 -392.453 -620.276 -779.064 -898.95 -938.207 -948.417 -939.326 -922.347 -912.871 -906.911 -922.388 -901.081 -859.729 -860.708 -845.539 -858.989 -892.759 -910.272 -893.068 -875.078 -885.461 -868.326 -866.216 -850.313 -838.781 -829.593 -835.543 -835.543 -832.153 -827.199 -829.664 -808.063 -784.485 -755.679 -723.125 -723.125 -681.896 -655.823 -629.313 -585.301 -525.095 -497.726 -499.41 -494.082 -487.52 -480.958 -474.396 -467.834 -464.553 -464.553 -454.71 -448.148 -444.867 -435.024 -425.181 -418.619 -425.181 -418.619 -408.776 -408.776 -408.776 -399.879 -421.254 -394.988 -398.933 -393.504 -392.371 -379.247 -369.404 -356.28 -339.875
0 0 0 0 0 390.383 231.507 -207.563 -433.177 -632.328 -632.328 -798.109 -901.167 -931.262 -935.391 -925.279 -901.769 -893.655 -887.125 -887.19 -875.665 -868.108 -860.492 -869.092 -869.092 -902.717 -907.678 -906.772 -885.461 -891.946 -866.216 -856.164 -856.164 -849.369 -837.241 -837.84 -832.153 -839.755 -829.664 -833.447 -814.113 -785.451 -754.548 -713.901 -681.896 -649.702 -645.285 -624.41 -595.753 -532.09 -497.363 -492.019 -487.52 -487.52 -477.677 -474.396 -467.834 -461.272 -454.71 -448.148 -441.586 -441.586 -435.024 -428.462 -425.181 -420.834 -415.338 -412.057 -415.338 -408.776 -408.776 -402.214 -405.495 -402.214 -392.371 -392.371 -382.528 0 -346.437
0 0 0 0 0 0 0 413.749 13.6162 -450.547 -652.549 -800.773 -912.705 -880.157 -894.074 -877.935 -916.601 -877.16 -868.564 -869.135 -865.588 -862.993 -858.075 -856.374 -873.327 -894.525 -906.013 -928.492 -928.492 -936.882 -913.961 -890.103 -859.82 -855.375 -845.136 -853.908 -851.221 -858.273 -847.79 -831.653 -809.758 -777.699 -777.699 -719.717 -691.161 -659.404 -645.285 -627.99 -595.753 -530.779 -530.779 -500.162 -494.082 -487.52 -477.677 -474.396 -467.834 -475.654 -461.272 -461.223 -444.867 -441.704 -435.024 -431.743 -431.743 -437.852 -418.619 -423.455 -421.9 -421.9 -450.216 -450.216 -415.338 -409.254 -405.495 -395.652 0 0 -349.718
0 0 0 0 0 0 0 413.749 203.939 -450.547 40.9558 -626.208 -747.262 -804.351 -834.057 -859.371 -893.3 -924.028 -897.898 -915.4 -878.338 -852.362 -846.535 -846.785 -846.785 -868.947 -891.233 -912.44 -933.31 -934.883 -918.795 -907.643 -903.734 -892.444 -865.648 -865.49 -865.52 -865.44 -851.278 -852.227 -828.403 -800.179 -766.292 -702.324 -673.844 -659.016 -659.016 -652.319 -631.102 -612.44 -542.758 -496.72 -490.801 -492.92 -484.239 -477.677 -474.396 -465.659 -464.553 -460.486 -460.486 -451.429 -444.867 -441.586 -435.024 -425.181 -427.563 -426.724 -426.724 -426.085 -420.509 -418.619 -415.338 -412.057 -405.495 -408.776 -402.214 0 -366.123
0 0 0 0 0 0 0 0 0 359.638 235.529 -564.404 -694.78 -694.78 -733.306 -799.594 -882.097 -924.028 -952.957 -915.4 -867.446 -867.446 -828.7 -834.14 -850.652 -868.947 -894.814 -912.44 -900.001 -919.427 -918.865 -907.643 -905.22 -901.069 -873.821 -864.562 -863.101 -862.318 -864.38 -832.005 -821.837 -791.952 -791.952 -717.17 -685.548 -679.933 -669.293 -661.63 -642.082 -617.692 -617.692 -549.128 -504.625 -487.456 -484.239 -482.725 -488.244 -470.246 -466.087 -462.115 -457.991 -457.685 -447.073 -444.867 -444.867 -440.74 -435.024 -435.024 -428.462 -452.441 -421.9 -428.462 -421.9 -425.181 -415.338 -408.776 -398.933 -382.528 -372.685
0 0 0 0 0 0 0 0 0 0 0 360.258 19.1497 -437.185 -720.431 -830.378 -901.451 -901.451 -926.402 -936.127 -888.627 -838.03 -837.174 -841.685 -877.07 -862.503 -867.821 -891.21 -891.767 -907.816 -912.956 -912.956 -911.886 -906.57 -882.417 -864.562 -849.719 -862.318 -846.136 -846.136 -828.677 -820.281 -778.782 -717.17 -688.138 -679.933 -707.857 -686.169 -671.815 -647.537 -616.327 -549.128 -505.155 -505.155 -481.624 -470.766 -469.625 -451.576 -456.951 -445.64 -445.64 -442.504 -454.567 -444.437 -444.867 -441.586 -441.586 -438.305 -438.305 -444.867 -431.743 -431.743 -428.462 -428.462 -421.9 -421.363 -408.776 -402.214 -392.466
0 0 0 0 0 0 0 0 0 0 0 0 251.253 251.253 -275.411 -681.579 -752.917 -865.943 -870.023 -921.211 -911.525 -887.043 -861.517 -880.523 -901.446 -879.044 -873.505 -884.126 -885.727 -895.361 -911.535 -916.161 -902.93 -895.072 -860.32 -860.32 -844.053 -843.995 -853.052 -841.286 -835.967 -823.603 -823.891 -779.705 -742.403 -716.581 -737.208 -703.513 -672.215 -672.215 -623.22 -589.806 -528.628 -499.127 -476.204 -470.766 -451.649 -451.649 -433.268 -431.797 -426.669 -442.504 -448.952 -444.437 -462.211 -454.026 -448.148 -444.867 -441.586 -444.867 -435.024 -435.024 -435.024 -431.743 -431.743 -421.9 -412.057 -408.776 -408.776
0 0 0 0 0 0 0 0 0 0 0 0 0 327.882 -275.411 -613.226 -752.917 -733.813 -820.666 -852.826 -875.569 -874.833 -817.464 -868.495 -850.35 -897.367 -895.228 -874.356 -886.855 -901.246 -897.143 -897.143 -889.919 -875.346 -850.083 -849.905 -847.168 -849.116 -859.449 -859.449 -854.14 -849.279 -820.159 -797.739 -768.141 -755.31 -763.17 -745.255 -703.369 -664.107 -600.726 -562.962 -519.423 -519.423 -504.879 -473.403 -456.027 -440.146 -423.926 -420.503 -429.426 -417.79 -421.316 -445.783 -446.563 -454.71 -454.71 -448.148 -464.553 -451.429 -444.867 -438.305 -438.305 -438.305 -431.743 -431.743 -428.462 -418.619 -415.338
0 0 0 0 0 0 0 0 0 0 0 0 0 0 381.172 136.583 -584.766 -743.768 -787.792 -845.917 -845.917 -824.474 -796.532 -774.61 -850.35 -886.898 -895.228 -868.385 -868.385 -884.768 -892.697 -875.537 -889.919 -851.05 -850.083 -844.519 -844.398 -862.218 -869.288 -869.904 -854.14 -839.525 -841.968 -814.695 -790.091 -772.594 -763.388 -739.96 -696.206 -696.206 -622.836 -578.273 -546.559 -523.273 -501.269 -483.088 -463.037 -463.037 -449.193 -435.558 -436.255 -417.185 -417.61 -433.569 -421.412 -444.452 -456.011 -467.67 -451.429 -448.148 -448.148 -448.148 -448.148 -444.867 -444.867 -435.024 -435.024 -425.181 -428.462
0 0 0 0 0 0 0 0 0 0 0 0 0 0 419.061 102.957 -518.696 -516.762 -697.379 -760.381 -820.139 -752.95 -731.878 -743.391 -743.391 -796.177 -845.276 -866.633 -875.467 -876.268 -875.857 -854.976 -867.367 -868.384 -867.543 -847.661 -846.849 -894.862 -894.862 -885.258 -862.726 -863.144 -841.968 -810.11 -790.091 -772.953 -772.953 -756.308 -730.022 -686.967 -622.836 -571.82 -546.559 -552.466 -524.69 -505.011 -482.85 -469.611 -449.193 -452.483 -452.483 -444.019 -433.84 -416.931 -417.611 -446.15 -445.042 -445.042 -453.55 -457.991 -457.991 -454.71 -454.71 -448.148 -448.148 -448.148 -448.148 -438.305 -431.743
0 0 0 0 0 0 0 0 0 0 0 0 0 0 0 0 31.3 -544.744 -691.206 -733.563 -733.563 -682.563 -701.809 -718.664 -739.257 -797.237 -844.319 -885.018 -885.018 -870.911 -870.072 -836.36 -837.901 -840.809 -852.466 -850.531 -849.355 -858.72 -890.034 -854.798 -859.004 -865.211 -865.211 -843.336 -790.047 -765.884 -760.277 -753.08 -730.165 -725.436 -689.87 -646.15 -591.045 -556.473 -529.367 -513.092 -493.511 -512.707 -492.512 -485.199 -460.77 -449.37 -433.84 -420.835 -420.835 -412.747 -428.612 -431 -453.55 -455.428 -457.991 -463.989 -454.71 -457.991 -451.429 -451.429 -448.148 -438.305 -438.305
0 0 0 0 0 0 0 0 0 0 0 0 0 0 0 0 -69.3652 -69.3652 -472.506 -691.311 -674.976 -682.563 -691.891 -718.664 -720.958 -739.033 -797.156 -858.307 -877.741 -920.088 -889.773 -862.355 -824.308 -816.372 -824.905 -870.917 -863.486 -853.331 -853.331 -849.81 -852.323 -847.141 -853.726 -817.657 -769.104 -756.67 -756.67 -748.034 -744.653 -720.894 -698.751 -661.559 -604.92 -619.645 -568.66 -558.159 -530.047 -533.15 -508.895 -494.239 -494.239 -479.656 -460.82 -445.489 -426.098 -413.881 -411.803 -403.865 -415.224 -408.143 -442.658 -450.59 -459.312 -461.272 -457.991 -460.718 -454.71 -448.148 -438.305
0 0 0 0 0 0 0 0 0 0 0 0 0 0 0 0 366.226 -83.4842 -473.392 -654.912 -608.145 -633.563 -652.423 -683.416 -723.609 -745.357 -795.901 -795.901 -825.457 -871.973 -898.24 -862.355 -819.283 -816.372 -840.504 -840.504 -865.819 -859.879 -855.068 -849.81 -846.283 -847.141 -832.318 -828.353 -793.077 -759.637 -750.628 -748.034 -734.188 -721.368 -710.619 -695.297 -667.621 -631.118 -589.487 -575.915 -575.915 -564.584 -542.322 -532.04 -504.189 -490.896 -467.733 -453.037 -453.037 -434.804 -414.878 -402.911 -398.049 -387.767 -417.46 -391.22 -418.647 -424.949 -452.217 -458.81 -454.71 -444.867 -444.867
0 0 0 0 0 0 0 0 0 0 0 0 0 0 0 0 0 272.283 -152.904 -463.701 -620.643 -678.739 -654.91 -700.346 -765.499 -730.126 -713.613 -785.137 -832.087 -868.192 -861.469 -861.469 -823.259 -816.572 -840.008 -857.029 -867.888 -865.064 -879.019 -864.79 -845.992 -839.245 -824.38 -815.106 -781.436 -756.704 -752.621 -745.753 -731.535 -721.368 -704.015 -695.297 -669.81 -669.81 -645.969 -605.705 -595.618 -564.584 -559.939 -532.04 -545.275 -514.816 -500.543 -473.39 -457.522 -434.804 -424.715 -424.715 -417.263 -407.234 -382.989 -375.145 -389.007 -378.523 -423.571 -384.406 -425.535 -432.193 -440.806
0 0 0 0 0 0 0 0 0 0 0 0 0 0 0 0 0 166.915 -137.132 -451.86 -393.202 -523.573 -622.913 -713.23 -862.28 -750.872 -746.568 -746.568 -843.112 -873.292 -921.123 -880.209 -867.774 -844.438 -868.909 -868.909 -871.7 -875.27 -886.341 -866.569 -843.483 -833.717 -830.561 -815.381 -794.648 -775.343 -745.919 -736.95 -720.378 -720.378 -711.869 -706.653 -704.082 -678.483 -659.416 -626.004 -646.385 -614.086 -605.393 -574.254 -554.216 -525.616 -510.612 -484.221 -487.557 -461.296 -453.623 -432.796 -423.737 -407.234 -396.248 -396.248 -371.932 -369.342 -354.736 -384.406 -389.937 -432.193 -404.666
0 0 0 0 0 0 0 0 0 0 0 0 0 0 0 0 0 0 -77.2808 -135.165 -393.202 -467.478 -622.913 -832.446 -832.446 -879.023 -786.791 -800.791 -843.112 -911.413 -921.123 -939.848 -929.591 -917.072 -871.802 -864.766 -894.581 -892.081 -918.06 -882.846 -861.268 -843.066 -825.226 -807.85 -785.833 -785.833 -752.658 -742.212 -726.161 -719.099 -718.171 -711.711 -719.112 -719.112 -713.677 -681.284 -671.527 -639.525 -620.798 -588.449 -596.502 -562.44 -539.369 -514.213 -495.138 -473.709 -462.696 -462.696 -450.375 -433.762 -418.893 -399.782 -382.137 -371.907 -370.606 -351.053 -340.852 -361.493 -377.359
0 0 0 0 0 0 0 0 0 0 0 0 0 0 0 0 0 0 110.148 57.3955 57.3955 -338.354 -519.748 -725.905 -878.4 -875.179 -814.131 -840.383 -825.921 -848.226 -902.533 -953.674 -974.973 -947.27 -947.27 -937.504 -914.168 -937.945 -918.06 -887.949 -861.268 -851.306 -851.306 -826.997 -804.066 -786.08 -752.658 -734.83 -726.161 -724.673 -714.682 -733.206 -736.204 -743.503 -713.677 -707.145 -722.878 -690.584 -664.13 -627.706 -601.472 -566.472 -545.308 -545.308 -522.949 -503.803 -495.781 -473.06 -459.783 -440.238 -416.936 -416.936 -399.967 -382.957 -371.674 -360.863 -350.62 -340.219 -333.255
0 0 0 0 0 0 0 0 0 0 0 0 0 0 0 0 0 0 0 0 -21.0771 -293.188 -506.294 -664.723 -664.723 -800.326 -837.701 -885.494 -843.525 -830.294 -873.373 -835.874 -932.335 -981.013 -984.107 -986.032 -962.891 -963.072 -963.072 -942.925 -898.29 -894.482 -864.115 -840.814 -809.783 -819.336 -798.532 -774.085 -734.263 -725.592 -729.693 -749.739 -756.867 -760.812 -747.973 -733.061 -722.878 -694.803 -664.13 -632.157 -632.157 -604.476 -572.19 -545.272 -522.949 -515.685 -495.781 -507.895 -486.926 -467.647 -442.153 -419.733 -399.967 -381.321 -381.321 -371.996 -359.981 -347.403 -325.896
0 0 0 0 0 0 0 0 0 0 0 0 0 0 0 0 0 0 0 0 0 -2.37482 -7.9185 -386.881 -558.96 -778.945 -895.674 -929.365 -915.022 -832.789 -777.38 -823.034 -918.458 -964.671 -964.671 -972.655 -995.637 -994.288 -982.057 -962.898 -924.431 -904.938 -904.938 -893.949 -852.806 -831.112 -810.869 -814.86 -739.069 -759.633 -727.914 -734.997 -761.272 -755.54 -750.065 -735.16 -735.16 -715.14 -692.89 -669.979 -637.243 -599.277 -573 -577.112 -555.476 -544.902 -526.835 -518.223 -495.161 -469.037 -447.252 -446.357 -423.523 -406.532 -386.558 -376.492 -361.341 -349.824 -349.824
0 0 0 0 0 0 0 0 0 0 0 0 0 0 0 0 0 0 0 0 0 0 -66.4082 -66.4082 -233.295 -537.516 -821.641 -929.365 -929.099 -832.789 -767.138 -767.138 -850.676 -925.243 -958.001 -972.655 -990.623 -994.288 -994.854 -991.82 -969.5 -940.113 -929.263 -915.774 -869.346 -878.524 -848.781 -887.319 -871.071 -766.91 -727.989 -735.02 -735.02 -744.71 -743.349 -737.782 -729.417 -715.468 -695.19 -677.31 -677.31 -632.872 -606.078 -581.484 -564.539 -551.497 -535.917 -543.68 -522.114 -486.878 -464.904 -444.853 -423.488 -408.926 -408.926 -391.928 -377.306 -364.376 -350.331
0 0 0 0 0 0 0 0 0 0 0 0 0 0 0 0 0 0 0 0 0 0 0 134.991 -308.874 -619.431 -852.556 -852.556 -905.415 -915.214 -863.909 -812.19 -880.389 -935.195 -915.254 -950.098 -979.942 -985.463 -986.254 -992.823 -973.843 -962.074 -976.505 -954.669 -913.251 -878.524 -856.838 -887.319 -849.483 -849.483 -787.352 -744.117 -744.598 -744.71 -743.183 -737.782 -744.351 -733.143 -715.84 -694.283 -667.381 -632.872 -603.025 -603.025 -591.687 -579.811 -558.969 -549.853 -520.97 -489.671 -464.887 -467.497 -444.515 -427.186 -410.152 -392.103 -376.872 -360.372 -360.372
0 0 0 0 0 0 0 0 0 0 0 0 0 0 0 0 0 0 0 0 0 0 0 0 0 -149.441 -724.114 -848.396 -869.934 -883.079 -847.234 -847.234 -853.488 -881.478 -906.649 -943.535 -961.049 -965.972 -953.964 -980.168 -983.057 -973.506 -947.126 -938.63 -895.151 -895.151 -888.147 -865.506 -864.164 -833.697 -812.684 -769.871 -777.147 -749.931 -750.913 -748.899 -753.077 -732.824 -703.224 -690.684 -687.336 -660.059 -632.73 -612.287 -595.616 -579.811 -564.321 -564.321 -540.737 -518.669 -491.59 -467.497 -448.459 -427.186 -430.483 -411.222 -392.536 -376.976 -363.181
0 0 0 0 0 0 0 0 0 0 0 0 0 0 0 0 0 0 0 0 0 0 0 0 0 0 -724.114 -704.313 -797.34 -872.767 -862.339 -850.714 -851.023 -878.238 -875.733 -908.24 -940.578 -946.788 -959.35 -980.836 -968.358 -968.358 -951.422 -928.657 -913.136 -904.592 -899.702 -869.282 -855.466 -855.466 -837.267 -821.038 -773.813 -754.711 -764.645 -772.978 -795.85 -767.027 -724.952 -703.999 -687.765 -660.009 -641.308 -641.308 -615.705 -598.33 -582.802 -563.18 -539.971 -519.653 -518.433 -494.342 -472.768 -451.194 -429.17 -409.033 -391.899 -375.934 -376.275
0 0 0 0 0 0 0 0 0 0 0 0 0 0 0 0 0 0 0 0 0 0 0 0 0 0 0 -726.762 -807.827 -849.709 -862.339 -850.998 -848.763 -825.158 -875.733 -909.61 -940.578 -945.762 -945.762 -970.584 -971.405 -948.552 -951.422 -927.328 -913.136 -923.435 -918.847 -896.137 -862.489 -855.354 -837.267 -814.741 -811.876 -771.987 -774.28 -769.608 -782.743 -759.715 -726.052 -707.844 -715.79 -689.229 -668.834 -645.637 -618.5 -602.605 -588.385 -588.385 -566.261 -539.195 -515.717 -495.796 -468.712 -448.226 -446.537 -426.339 -406.75 -391.965 -374.4
0 0 0 0 0 0 0 0 0 0 0 0 0 0 0 0 0 0 0 0 0 0 0 0 0 0 -203.588 -470.094 -779.44 -826.837 -839.182 -843.547 -824.614 -824.206 -824.206 -865.859 -903.41 -936.901 -955.142 -958.433 -949.768 -930.904 -934.644 -924.422 -923.03 -923.785 -911.961 -886.864 -866.356 -867.742 -856.482 -844.137 -811.876 -785.424 -774.28 -769.076 -769.076 -774.464 -753.283 -734.942 -715.79 -692.285 -668.834 -674.935 -650.926 -622.292 -605.372 -589.266 -566.261 -537.611 -537.611 -513.169 -489.138 -468.671 -444.746 -426.128 -405.314 -390.738 -392.189
0 0 0 0 0 0 0 0 0 0 0 0 0 0 0 0 0 0 0 0 0 0 0 0 0 0 -105.361 -484.643 -781.339 -815.341 -815.341 -810.532 -787.746 -761.292 -810.516 -845.868 -898.575 -967.691 -967.691 -961.053 -937.155 -915.799 -921.466 -918.904 -921.517 -925.078 -922.827 -909.515 -883.535 -866.984 -854.077 -857.796 -857.796 -841.836 -818.669 -810.996 -787.37 -782.318 -759.045 -767.094 -742.604 -724.899 -701.417 -678.575 -650.59 -621.803 -603.515 -600.769 -585.214 -557.631 -535.161 -507.72 -489.138 -465.544 -465.544 -439.854 -424.494 -407.497 -392.189
0 0 0 0 0 0 0 0 0 0 0 0 0 0 0 0 0 0 0 0 0 0 0 0 0 0 -169.263 -169.263 -518.737 -747.633 -813.196 -810.532 -732.441 -761.292 -723.042 -773.54 -842.35 -913.896 -992.108 -961.009 -924.557 -928.799 -898.969 -896.178 -919.799 -929.522 -932.12 -918.36 -888.072 -884.047 -865.227 -864.986 -862.602 -850.4 -831.792 -829.989 -829.989 -820.566 -793.326 -779.355 -752.903 -736.17 -706.379 -709.91 -676.528 -648.678 -624.567 -602.609 -580.075 -557.015 -557.015 -527.573 -504.665 -479.376 -460.551 -438.591 -422.441 -404.334 -404.334
