gis_data/PP1766_DIS_Layer3_Top_ASCII.txt
ncols         308
nrows         431
xllcorner     -321143.35392317
yllcorner     1277883.4776336
cellsize      1609.334
NODATA_value  -9999
[rows 280 to 314 of 431, columns 160 to 239 of 308]
545.96 403.672 292.982 218.55 187.943 203.309 187.943 174.819 171.538 149.655 128.885 112.48 115.761 96.075 82.951 66.546 46.86 33.736 17.331 17.331 10.769 7.48801 10.769 12.1553 10.769 14.05 14.05 20.612 27.174 33.736 40.298 46.86 50.141 59.984 56.703 63.265 69.827 76.389 79.7718 89.513 96.075 96.075 96.075 99.356 105.918 112.48 115.761 122.323 119.042 123.129 145.29 138.728 142.009 151.852 158.414 158.414 164.976 171.538 181.381 191.224 201.067 204.348 217.472 217.472 224.034 237.158 214.191 230.596 241.773 260.125 247.356 0 509.389 368.398 0 0 0 0 0 0
571.557 527.301 400.894 299.497 227.315 217.47 197.529 187.943 187.943 174.819 153.949 135.447 115.761 99.356 82.951 79.67 63.265 43.579 30.455 14.05 10.769 7.48801 10.769 7.48801 10.769 10.769 14.05 20.612 27.174 33.736 33.736 40.298 46.86 53.422 56.703 63.265 69.827 69.827 76.389 79.67 86.232 89.513 92.794 99.356 99.356 102.637 105.918 116.008 119.042 125.604 128.885 135.447 135.447 142.009 148.571 155.133 164.976 171.538 181.381 181.381 191.224 201.067 210.91 217.94 220.753 201.067 197.236 210.91 220.753 237.158 250.336 330.009 292.812 292.812 306.059 345.431 0 0 0 0
0 489.285 397.927 297.842 234.683 250.282 227.315 217.472 194.505 181.381 158.414 138.728 138.728 112.48 97.2392 76.1481 59.984 40.298 27.174 23.893 10.769 10.769 7.48801 7.48801 10.769 7.48801 7.48801 16.935 20.612 27.174 33.736 40.298 46.86 50.141 50.141 56.703 62.7621 69.827 76.389 79.67 86.232 82.951 89.513 92.794 99.356 99.356 105.918 112.48 112.48 119.042 122.323 128.885 144.108 145.29 155.133 155.133 161.695 168.257 178.1 184.662 194.505 201.628 204.348 204.348 214.191 191.224 194.505 207.629 214.191 227.315 214.191 0 269.968 283.7 0 353.707 0 0 0 0
700.247 654.456 517.943 379.459 286.373 260.125 240.439 220.753 220.753 200.702 178.1 151.852 132.166 105.918 89.513 86.232 69.827 50.141 37.017 20.612 14.05 10.769 7.48801 7.48801 7.48801 10.769 17.331 17.331 20.612 27.174 27.174 33.736 40.298 43.579 50.141 56.703 63.265 63.265 69.827 73.108 79.1324 82.951 86.232 89.513 89.513 96.075 99.356 105.918 112.48 119.042 122.323 131.722 131.722 138.728 145.29 151.852 161.695 174.7 178.1 184.662 187.943 191.224 197.786 201.798 214.191 183.879 183.879 191.224 207.629 210.91 243.72 267.862 266.687 266.687 269.968 302.778 311.303 338.869 0 0
0 654.456 495.758 379.459 342.15 283.423 266.687 240.439 220.828 200.702 168.257 151.852 145.207 125.604 99.356 76.389 63.265 43.579 30.455 30.455 20.612 12.4029 10.769 10.769 7.48801 17.331 17.331 14.05 20.612 23.893 30.455 33.736 40.298 40.298 46.86 50.141 56.703 59.984 66.546 69.827 76.389 76.389 79.67 82.951 89.513 93.9487 99.356 105.918 105.918 112.48 119.042 125.873 132.166 142.009 148.571 151.852 155.133 164.976 171.538 178.1 190.32 191.224 191.224 197.786 204.348 171.538 184.662 178.1 194.577 230.596 230.596 237.158 251.505 256.844 269.968 561.747 311.303 302.778 326.409 0
0 0 558.333 429.554 313.314 292.932 276.53 247.806 256.844 220.753 194.505 162.275 135.447 119.042 92.794 92.794 69.827 56.703 37.017 30.455 17.331 12.4029 10.769 10.769 10.769 10.769 10.769 14.05 17.331 23.893 23.893 30.455 33.736 40.298 46.86 50.141 56.703 53.422 59.984 65.4016 69.827 76.389 76.389 82.951 82.951 89.513 92.794 102.637 109.199 115.761 122.323 128.885 128.885 138.728 145.272 151.852 156.536 164.976 174.819 171.538 181.381 187.943 194.505 197.786 204.348 206.777 206.777 171.538 173.935 220.285 229.843 233.877 243.72 230.596 247.001 266.687 281.865 299.497 332.307 0
0 0 493.275 374.96 370.312 332.307 338.869 296.216 286.461 233.877 198.648 158.409 155.133 125.604 99.356 86.232 63.265 50.141 33.736 33.736 20.612 17.331 14.05 14.05 14.05 14.05 14.05 14.05 17.331 20.612 23.893 30.455 37.017 37.017 40.298 43.579 50.141 53.422 59.984 65.4016 69.827 69.827 73.108 76.389 86.232 89.513 99.356 102.637 102.637 112.48 118.433 122.323 132.166 138.728 145.29 145.29 151.852 158.414 165.847 174.819 181.381 184.662 184.662 191.224 201.067 201.067 204.348 210.91 158.197 215.081 215.081 224.034 227.315 234.996 247.001 266.687 276.53 276.723 296.651 331.444
0 0 0 444.698 501.971 409.917 380.62 340.66 371.01 306.059 263.406 207.629 151.852 119.042 89.513 89.513 63.265 56.703 40.298 30.455 20.612 17.331 20.612 17.331 17.331 14.05 17.331 17.331 20.612 20.612 20.612 27.174 30.455 35.5802 40.298 43.579 50.141 50.141 53.422 56.703 63.265 66.546 74.3328 79.67 82.951 86.232 94.1861 99.356 105.918 112.48 120.819 120.819 125.604 135.447 135.447 146.083 151.852 158.414 164.976 164.976 174.819 181.381 184.662 191.224 194.505 201.067 197.786 204.348 204.348 210.91 210.91 224.034 220.753 220.753 233.877 247.355 260.125 276.723 306.059 322.533
0 0 0 731.393 731.393 578.142 472.117 424.175 371.01 322.282 263.406 253.563 201.067 145.29 106.62 76.389 63.265 50.141 40.298 40.298 30.455 23.893 20.612 17.331 20.612 17.331 20.612 20.612 20.612 20.612 21.9658 27.174 30.455 30.455 37.017 41.1037 43.579 50.141 56.703 59.984 66.546 66.546 71.3749 76.389 86.232 87.4996 96.075 102.637 102.637 105.918 112.48 119.042 125.604 132.166 135.447 135.447 145.29 151.852 155.133 164.976 174.819 181.381 174.819 181.381 191.224 191.224 191.224 200.121 178.746 205.012 201.067 206.496 207.629 220.753 230.596 243.72 260.125 260.125 292.935 315.902
0 0 0 990.383 831.507 599.162 483.233 443.861 443.861 374.134 312.621 246.978 191.224 132.166 99.0533 89.513 73.108 63.265 49.9104 40.298 30.455 30.455 30.455 27.174 20.612 20.612 20.612 17.331 20.612 23.893 23.893 23.893 30.455 33.736 37.017 40.298 43.579 46.86 50.141 56.703 63.265 66.546 71.3749 79.67 79.67 86.232 89.513 96.075 102.637 107.981 112.48 112.48 122.323 125.604 132.166 138.728 145.29 151.852 158.414 158.414 164.976 171.538 174.819 179.166 184.662 187.943 184.662 191.224 191.224 197.786 194.505 197.786 207.629 207.629 217.472 0 253.563 269.968 281.074 326.426
0 0 0 0 0 1013.75 613.616 580.996 447.142 368.398 299.758 299.57 221.892 164.976 119.396 96.5042 81.5089 69.827 53.422 63.265 50.141 50.141 40.298 33.736 27.174 23.893 23.893 23.893 23.893 23.893 27.174 30.1683 30.455 33.736 33.736 40.298 40.298 50.141 53.422 59.984 59.984 63.265 67.1056 73.108 79.67 86.232 89.513 96.075 96.075 102.637 105.918 112.48 122.323 125.604 132.166 124.346 138.728 138.777 155.133 158.296 164.976 168.257 168.257 162.148 181.381 176.545 178.1 178.1 149.784 149.784 184.662 190.746 194.505 204.348 0 0 250.282 250.282 251.992 260.419
0 0 0 0 0 1013.75 803.939 580.996 640.956 479.952 408.517 301.948 223.637 187.943 128.789 151.852 128.885 118.219 86.232 79.67 59.984 63.265 63.265 58.631 43.579 37.017 27.174 27.174 27.174 27.174 23.0177 27.174 30.455 30.455 30.455 40.298 44.4285 40.298 46.86 53.422 59.6109 63.265 69.827 73.5011 73.5011 79.67 86.9698 89.513 96.075 105.918 109.199 107.08 115.761 122.323 125.604 134.341 135.447 139.514 139.514 148.571 155.133 158.414 164.976 174.819 172.437 173.276 173.276 173.915 179.491 181.381 184.662 187.943 194.505 191.224 197.786 0 233.877 240.439 251.992 256.844
0 0 0 0 0 0 0 959.638 835.529 555.665 411.202 411.202 351.993 271.378 220.794 151.852 158.211 118.219 105.918 105.918 92.794 76.389 74.4639 58.631 50.141 37.017 43.579 30.455 30.455 27.174 27.174 27.174 30.455 32.1507 30.455 30.455 40.298 43.579 46.86 53.422 53.422 58.9482 63.265 69.827 73.2439 79.67 86.232 89.513 89.513 102.637 102.637 112.48 115.761 115.799 111.756 125.809 132.333 132.773 142.009 142.047 152.927 155.133 155.133 159.26 164.976 164.976 171.538 147.559 178.1 171.538 178.1 174.819 184.662 191.224 201.067 217.472 227.315 217.472 230.596 230.596
0 0 0 0 0 0 0 0 0 960.258 619.15 471.08 376.606 292.935 269.968 269.968 221.847 187.943 161.695 122.323 105.918 89.513 102.637 82.951 76.389 56.703 46.86 37.017 30.455 30.455 33.736 30.455 33.736 32.1507 33.736 30.455 40.298 40.298 43.579 47.8247 53.422 58.9482 66.546 69.827 69.6838 73.108 79.67 86.232 92.794 102.637 102.637 102.637 114.735 112.73 119.375 123.557 130.195 134.356 134.356 140.718 142.396 155.186 155.133 158.414 158.414 161.695 161.695 155.133 168.257 168.257 171.538 171.538 178.1 178.637 191.224 197.786 207.534 209.599 218.57 233.877
0 0 0 0 0 0 0 0 0 0 851.253 851.253 578.892 444.3 373.949 269.968 256.844 210.91 224.034 178.1 145.29 122.323 112.48 92.794 79.67 63.265 66.546 50.141 40.298 37.017 37.017 33.736 33.736 33.736 37.017 37.017 33.736 40.298 45.1144 50.141 50.141 56.703 59.984 66.546 69.827 76.389 80.6402 80.6402 86.232 96.075 100.584 109.199 110.314 112.73 116.922 116.922 122.086 128.997 135.303 140.718 142.969 155.186 135.677 145.974 151.852 155.133 158.414 155.133 164.976 164.976 164.976 168.257 168.257 178.1 187.943 191.224 191.224 194.505 204.348 217.472
0 0 0 0 0 0 0 0 0 0 0 927.882 578.892 505.353 373.949 378.241 294.104 276.53 230.596 181.381 155.133 135.447 142.009 119.623 105.918 84.8421 69.827 50.141 43.579 43.579 43.579 40.298 40.298 37.017 37.017 37.017 37.017 37.017 43.579 50.141 53.3341 53.1208 59.984 66.546 69.827 69.827 76.389 83.3884 89.513 92.794 96.075 96.075 98.2659 102.752 106.646 114.699 123.424 127.342 130.449 130.819 135.963 137.182 146.875 145.29 145.29 151.852 135.447 148.571 155.133 161.695 161.695 161.695 168.257 168.257 171.538 181.381 184.662 194.505 204.348 217.472
0 0 0 0 0 0 0 0 0 0 0 0 981.172 736.583 550.717 365.117 332.307 279.811 279.811 214.191 178.1 164.976 142.009 128.885 105.918 89.513 89.513 69.827 53.422 50.141 43.579 45.8624 40.298 46.86 40.298 42.4721 40.298 43.8894 43.579 50.141 47.9058 56.703 59.984 66.546 66.546 69.827 76.389 76.389 82.1902 86.232 89.513 92.794 96.075 99.356 105.918 105.918 115.644 125.742 125.393 130.289 132.781 137.877 137.725 140.063 140.488 132.183 148.571 151.852 151.852 151.852 151.852 155.133 155.133 164.976 164.976 174.819 171.538 181.381 187.943 197.786
0 0 0 0 0 0 0 0 0 0 0 0 1019.06 702.957 578.52 535.381 396.756 315.681 259.778 214.191 187.943 174.819 174.819 155.133 128.885 105.918 86.232 69.827 56.703 60.7363 53.422 50.141 46.86 46.86 46.86 46.86 46.86 46.86 46.86 46.86 47.9058 56.703 59.984 62.1717 62.1717 66.546 76.389 79.67 82.1902 81.0999 89.513 82.951 89.513 92.794 102.637 105.918 115.644 113.998 113.998 119.871 128.241 132.724 135.596 128.367 142.42 142.42 142.744 142.009 142.009 145.29 145.29 151.852 151.852 151.852 151.852 161.695 168.257 178.1 184.662 191.224
0 0 0 0 0 0 0 0 0 0 0 0 0 0 631.3 489.555 365.117 283.092 283.092 253.195 224.034 201.067 174.819 158.316 128.885 105.918 105.918 82.951 69.827 66.546 56.703 56.703 50.141 56.703 50.141 50.141 43.6597 46.86 46.86 46.86 46.86 50.141 57.9499 56.703 60.7327 66.546 73.108 69.827 76.389 79.67 79.67 86.232 89.513 96.075 102.637 102.637 102.637 105.918 112.48 117.196 128.241 129.047 129.047 136.568 135.321 142.321 142.744 139.939 142.009 135.58 145.29 142.009 148.571 148.571 151.852 161.695 161.695 164.976 174.819 178.1
0 0 0 0 0 0 0 0 0 0 0 0 0 0 715.588 715.588 451.157 322.464 273.249 253.195 230.596 201.067 197.786 178.1 148.571 128.885 99.356 79.67 73.108 76.389 69.827 66.546 62.4402 59.984 56.703 53.422 53.422 53.422 46.86 46.86 46.86 53.422 56.703 59.984 59.984 66.546 66.546 69.827 76.389 76.4517 79.67 79.67 89.513 93.1503 96.075 98.7275 102.637 105.918 105.918 115.761 115.761 125.604 135.136 134.296 140.293 140.137 140.251 144.526 140.467 138.903 139.22 138.728 142.009 138.881 145.29 151.852 161.695 166.676 174.819 181.381
0 0 0 0 0 0 0 0 0 0 0 0 0 0 966.226 673.02 405.957 309.34 316.412 291.479 263.341 230.596 195.463 168.257 135.447 135.447 105.918 92.583 82.951 76.389 73.108 66.546 69.4173 69.4173 66.546 59.5808 59.984 53.422 50.141 46.86 50.141 50.141 56.703 56.703 63.265 66.546 66.546 69.827 73.108 76.389 79.67 82.951 86.232 96.075 96.075 102.637 102.637 105.918 112.48 115.761 119.042 122.323 122.323 131.04 131.103 136.51 142.053 147.104 143.92 145.836 144.673 143.662 138.825 139.409 145.29 155.133 155.133 164.976 171.538 181.381
0 0 0 0 0 0 0 0 0 0 0 0 0 0 0 872.283 553.4 387.75 322.464 291.49 266.687 229.707 225.228 187.943 155.133 128.198 102.637 92.794 89.513 89.513 86.232 79.67 79.67 73.108 73.108 63.265 70.9834 63.265 56.703 50.141 53.422 50.141 53.5856 56.703 59.984 61.6296 66.819 69.827 76.389 76.389 86.232 86.232 86.232 92.794 96.075 102.637 102.637 105.918 105.918 115.761 115.761 122.323 122.323 131.04 135.686 135.686 139.244 144.668 145.797 150.678 150.173 156.16 146.575 161.881 153.298 156.226 158.63 164.976 171.538 191.224
0 0 0 0 0 0 0 0 0 0 0 0 0 0 0 766.915 554.924 374.96 390.044 349.67 306.059 260.46 217.472 184.662 145.29 145.29 115.761 102.637 102.637 96.075 96.075 86.232 86.3138 86.3138 82.951 79.67 73.108 66.546 63.265 56.703 63.265 56.703 56.703 50.2039 59.984 66.546 69.827 69.827 73.108 76.389 80.551 86.232 89.513 92.2886 96.075 96.075 99.3585 105.918 112.48 115.761 112.48 115.761 115.761 122.323 120.25 132.068 136.047 144.668 149.48 149.48 151.836 155.846 167.488 161.881 165.317 156.226 168.443 163.197 171.584 174.819
0 0 0 0 0 0 0 0 0 0 0 0 0 0 0 0 522.719 530.593 390.044 345.431 306.059 254.993 254.993 210.91 178.084 135.501 115.761 109.137 102.637 109.199 102.637 105.754 96.075 92.794 89.513 86.232 89.513 79.67 76.389 69.827 66.546 63.265 59.984 59.984 59.984 63.265 66.546 68.4595 76.389 82.951 82.951 82.951 81.0334 92.794 94.739 96.075 102.637 105.918 108.89 112.48 112.48 112.48 115.579 115.761 117.156 117.156 124.596 130.856 136.738 146.225 159.737 164.13 168.061 170.563 180.832 175.226 178.097 169.972 181.381 181.381
0 0 0 0 0 0 0 0 0 0 0 0 0 0 0 0 710.148 657.396 657.396 411.43 361.836 319.183 253.563 201.067 168.257 168.257 135.447 122.323 115.761 115.761 112.48 109.199 109.199 109.199 96.075 96.075 89.513 86.232 76.389 69.827 69.827 69.827 63.265 59.984 59.984 63.265 66.546 66.7061 79.67 79.67 76.389 84.8596 81.0334 89.513 89.513 94.1197 99.356 105.918 105.918 112.48 109.199 109.199 112.48 112.48 109.199 113.567 119.894 126.804 140.588 140.588 149.846 158.827 169.167 176.214 186.257 185.552 191.895 186.741 183.437 184.852
0 0 0 0 0 0 0 0 0 0 0 0 0 0 0 0 0 0 578.923 473.857 394.646 309.34 309.34 265.871 209.036 167.567 135.447 128.885 123.786 135.447 125.604 125.604 115.761 112.48 102.637 102.637 102.637 96.075 89.513 79.7484 73.108 70.593 66.546 67.4263 59.984 62.6084 63.265 69.827 73.108 79.67 82.951 79.67 80.0038 86.232 89.513 96.075 99.356 105.918 105.918 102.637 102.637 107.613 112.48 109.199 109.199 105.918 109.199 114.603 127.278 138.174 149.846 162.703 162.703 172.288 179.936 191.146 198.019 196.331 191.518 191.224
0 0 0 0 0 0 0 0 0 0 0 0 0 0 0 0 0 0 0 597.625 724.785 409.263 315.908 263.406 210.91 195.84 158.414 145.29 138.728 144.923 134.682 132.166 132.166 128.885 115.761 115.218 105.918 99.356 89.513 86.232 86.232 82.951 76.389 69.827 59.984 59.984 66.546 66.546 73.108 76.389 76.389 79.67 79.67 86.232 86.232 93.5859 99.356 99.1127 102.637 105.918 105.918 102.637 105.918 105.918 105.918 102.637 105.071 113.994 123.339 124.959 136.294 146.817 160.085 168.399 180.896 189.936 189.936 196.844 198.222 196.661
0 0 0 0 0 0 0 0 0 0 0 0 0 0 0 0 0 0 0 0 533.592 533.592 535.05 315.902 246.006 195.84 158.414 145.29 148.571 148.571 149.214 142.009 138.728 128.885 120.347 115.218 115.761 109.199 102.637 95.3596 92.794 82.951 76.389 73.108 66.546 59.984 63.265 66.546 73.108 76.389 76.389 79.67 86.232 89.513 92.794 92.794 96.075 96.075 96.075 99.356 102.637 102.637 105.308 105.918 102.637 102.637 102.637 112.48 115.761 123.731 136.698 147.261 147.261 159.041 169.633 181.019 191.323 198.706 200.077 202.216
0 0 0 0 0 0 0 0 0 0 0 0 0 0 0 0 0 0 0 0 0 734.991 468.234 313.631 252.698 252.698 181.381 171.538 171.538 159.653 159.877 151.852 155.133 145.29 132.166 125.604 122.323 112.48 109.199 99.356 99.356 92.794 82.951 73.108 66.546 59.984 59.984 59.984 66.546 69.827 76.389 79.67 86.232 89.513 86.232 89.513 86.232 92.794 96.075 99.356 99.356 99.356 99.356 96.075 99.356 96.075 105.918 112.48 119.042 119.042 125.604 136.49 148.288 160.594 171.49 184.661 184.661 195.972 198.199 205.261
0 0 0 0 0 0 0 0 0 0 0 0 0 0 0 0 0 0 0 0 0 0 0 450.559 309.34 234.393 200.053 181.381 184.06 184.06 178.1 164.976 161.695 148.571 138.728 128.885 135.447 125.604 115.761 109.199 99.356 89.513 79.67 79.67 70.473 63.265 56.703 63.265 66.546 69.827 69.827 76.389 79.67 86.232 86.232 86.232 92.7455 92.794 86.7071 96.075 96.075 95.3136 96.075 96.075 96.075 96.075 102.637 105.918 115.761 119.042 125.604 136.49 134.841 149.393 162.018 173.079 184.898 195.972 200.225 200.225
0 0 0 0 0 0 0 0 0 0 0 0 0 0 0 0 0 0 0 0 0 0 0 0 309.34 338.869 269.968 207.629 204.348 191.224 184.662 171.538 174.819 161.695 155.133 145.29 135.447 125.604 118.638 118.638 107.839 99.356 86.232 79.67 69.827 63.265 58.7677 58.7677 59.984 63.265 69.827 76.389 79.67 79.67 79.67 82.951 86.232 92.794 89.513 92.794 89.513 89.513 89.513 92.794 92.794 96.075 102.637 108.94 109.199 115.761 122.194 125.604 137.138 150.488 163.977 175.24 175.07 184.37 194.295 203.086
0 0 0 0 0 0 0 0 0 0 0 0 0 0 0 0 0 0 0 0 0 0 0 0 0 330.764 263.406 217.472 204.348 215.726 203.45 194.505 174.819 164.976 155.133 148.571 148.571 135.447 128.885 118.502 107.839 96.075 86.232 82.951 79.67 73.108 65.893 56.703 59.984 66.546 66.546 69.827 73.108 76.389 76.389 79.67 86.232 86.232 79.67 86.232 86.232 86.232 89.513 92.099 89.513 89.513 96.075 105.918 112.48 115.761 125.604 132.166 132.166 140.195 153.27 163.943 177.657 185.362 196.728 196.728
0 0 0 0 0 0 0 0 0 0 0 0 0 0 0 0 0 0 0 0 0 0 0 0 396.412 378.718 289.34 241.741 230.596 224.034 207.629 197.935 197.935 184.662 172.287 161.695 148.571 135.447 128.885 125.604 115.761 102.637 92.794 82.951 79.67 66.546 63.265 56.703 56.703 63.265 66.546 73.108 73.108 79.67 79.67 76.389 82.951 79.67 79.67 82.951 86.232 82.951 82.9954 86.232 86.232 92.794 96.075 105.918 105.918 112.48 119.042 125.604 132.166 140.3 155.629 166.023 163.961 174.957 186.792 194.424
0 0 0 0 0 0 0 0 0 0 0 0 0 0 0 0 0 0 0 0 0 0 0 0 494.639 358.555 288.756 256.844 256.844 247.001 230.596 217.472 201.067 191.047 174.819 161.695 161.695 148.571 135.447 122.323 112.48 102.637 92.794 91.5566 80.8934 69.827 66.546 54.2775 59.984 63.265 63.265 66.546 69.827 69.827 76.389 76.389 77.6633 76.389 76.4733 76.389 77.7169 76.389 82.1945 89.513 89.513 92.794 96.075 102.637 105.918 112.48 119.042 125.604 125.604 135.447 141.117 153.021 163.961 174.749 186.792 184.362
0 0 0 0 0 0 0 0 0 0 0 0 0 0 0 0 0 0 0 0 0 0 0 0 430.737 430.737 329.026 263.406 260.125 247.001 230.928 217.472 224.034 204.348 197.786 178.155 161.695 148.571 132.166 132.166 122.323 105.918 99.356 84.4102 76.389 63.265 59.984 55.6111 56.703 59.984 66.546 66.546 69.827 66.546 66.546 69.827 76.389 73.108 73.108 69.827 76.389 76.389 79.67 82.951 86.232 89.513 96.075 102.637 102.637 105.918 112.48 119.042 125.604 132.166 142.324 156.398 156.398 167.696 176.989 180.887
