gis_data/PP1766_DIS_Layer10_Bot_ASCII.txt
ncols         308
nrows         431
xllcorner     -321143.35392317
yllcorner     1277883.4776336
cellsize      1609.334
NODATA_value  -9999
[rows 245 to 279 of 431, columns 158 to 236 of 308]
-1650.45 -1646.78 -1639.17 -1637.03 -1627.19 -1631.62 -1622.54 -1615.87 -1607.56 -1600.97 -1588.65 -1574.44 -1574.44 -1548.5 -1500.71 -1473.34 -1449.12 -1441.34 -1418.24 -1437.16 -1429.84 -1429.91 -1409.35 -1379.36 -1349.46 -1326.45 -1326.45 -1297.02 -1363.29 -1479.72 -1514.69 -1510.27 -1491.59 -1468.62 -1468.62 -1445.87 0 0 0 0 0 0 0 0 0 0 0 0 0 0 0 0 0 0 0 0 0 0 0 0 0 0 0 0 0 0 0 0 0 0 0 -9999 -9999 -9999 -9999 -9999 -9999 -9999 -9999
-1653.01 -1655.33 -1649.76 -1645.41 -1640.05 -1633.23 -1623.32 -1619.13 -1619.13 -1609.57 -1599.76 -1588.44 -1576.78 -1548.2 -1506.06 -1479.98 -1479.98 -1463.72 -1447.77 -1440.91 -1445.03 -1428.44 -1410.2 -1400.32 -1369.41 -1336.82 -1321.42 -1304.97 -1360.09 -1475.86 -1475.86 -1520 -1500.57 -1491.59 -1468.62 -1429.25 0 0 0 0 0 0 0 0 0 0 0 0 0 0 0 0 0 0 0 0 0 0 0 0 0 0 0 0 0 0 0 0 0 0 0 -9999 -9999 -9999 -9999 -9999 -9999 -9999 -9999
-1657.85 -1655.33 -1651.31 -1650.86 -1644.68 -1647.67 -1636.77 -1628.09 -1619.01 -1607.76 -1598.67 -1584.03 -1584.03 -1570.38 -1543.39 -1506.09 -1483.07 -1460.71 -1451.04 -1447.26 -1434.2 -1422.72 -1415.38 -1390.44 -1360.29 -1332.42 -1332.42 -1316.79 -1301.46 -1345.03 -1473.72 -1506.46 -1494.87 -1484.89 -1484.89 -1465.34 -1418.22 0 0 0 0 0 0 0 0 0 0 0 0 0 0 0 0 0 0 0 0 0 0 0 0 0 0 0 0 0 0 0 0 0 0 0 -9999 -9999 -9999 -9999 -9999 -9999 -9999
-1660.8 -1660.8 -1656.4 -1654.61 -1651.58 -1647.67 -1639.44 -1628.09 -1628.77 -1616.9 -1607.32 -1595.49 -1583.1 -1570.38 -1534.84 -1534.84 -1503.76 -1478.46 -1456.34 -1447.26 -1429.79 -1422.72 -1408.64 -1406.27 -1384.21 -1352.04 -1330.35 -1315.76 -1294.11 -1338.22 -1338.22 -1452.21 -1501.54 -1484.46 -1465.34 -1455.49 -1416.09 -1439.09 0 0 0 0 0 0 0 0 0 0 0 0 0 0 0 0 0 0 0 0 0 0 0 0 0 0 0 0 0 0 0 0 0 0 -9999 -9999 -9999 -9999 -9999 -9999 -9999
-1669.71 -1665.45 -1659.41 -1659.02 -1658.89 -1651.84 -1643.89 -1637.54 -1630.43 -1619.98 -1606.22 -1594.53 -1590.06 -1578.49 -1557.44 -1528.9 -1505.66 -1474.19 -1446.68 -1446.68 -1435.69 -1425.42 -1416.56 -1406.27 -1379.07 -1352.04 -1348.65 -1328.76 -1312.43 -1291.43 -1341.04 -1452.21 -1486.9 -1486.9 -1483.62 -1465.34 -1476.16 -1439.09 -1424.36 0 0 0 0 0 0 0 0 0 0 0 0 0 0 0 0 0 0 0 0 0 0 0 0 0 0 0 0 0 0 0 0 0 0 -9999 -9999 -9999 -9999 -9999 -9999
-1677.12 -1677.12 -1671.56 -1663.22 -1657.17 -1655.53 -1648.58 -1643.39 -1647.17 -1635.93 -1625.04 -1607.23 -1587.87 -1578.73 -1578.65 -1578.65 -1550.11 -1501.43 -1463.89 -1444.37 -1430.23 -1423.55 -1411.33 -1411.33 -1394.15 -1373.09 -1347.1 -1328.25 -1315.77 -1303.24 -1292.32 -1338.46 -1438.08 -1486.34 -1482.14 -1491.59 -1445.65 -1445.65 -1439.09 -1420.08 0 0 0 0 0 0 0 0 0 0 0 0 0 0 0 0 0 0 0 0 0 0 0 0 0 0 0 0 0 0 0 0 0 0 -9999 -9999 -9999 -9999 -9999
-1698.82 -1680.98 -1671.56 -1661.08 -1661.08 -1658.1 -1656.43 -1650.48 -1647.17 -1643.37 -1626.95 -1606.38 -1606.35 -1594.34 -1582.97 -1580.89 -1519.85 -1490.97 -1460.47 -1460.47 -1441.62 -1427.48 -1414.26 -1405.28 -1388.43 -1369.94 -1368.12 -1350.58 -1334.5 -1317.72 -1309.3 -1349.74 -1468.25 -1468.25 -1488.31 -1469.78 -1462.06 -1448.93 -1448.93 -1421.75 -1347.77 -1347.77 0 0 0 0 0 0 0 0 0 0 0 0 0 0 0 0 0 0 0 0 0 0 0 0 0 0 0 0 0 0 0 0 -9999 -9999 -9999 -9999 -9999
-1694.34 -1694.68 -1682.35 -1671.81 -1660.47 -1656.41 -1653.41 -1653.89 -1653.89 -1654.37 -1643 -1626.67 -1606.35 -1595.9 -1582.97 -1557.06 -1543.01 -1509.29 -1485.57 -1461.4 -1441.62 -1427.82 -1427.82 -1413.14 -1399.33 -1387.66 -1368.12 -1349.68 -1334.5 -1320.86 -1320.86 -1300.57 -1417.84 -1477.23 -1488.31 -1475.18 -1465.34 -1465.34 -1482.78 -1462.06 -1431.45 -1378.13 0 0 0 0 0 0 0 0 0 0 0 0 0 0 0 0 0 0 0 0 0 0 0 0 0 0 0 0 0 0 0 0 0 -9999 -9999 -9999 -9999
-1706.63 -1701.32 -1686.92 -1672.52 -1672.52 -1662.05 -1657.39 -1656.54 -1649.82 -1649.03 -1642.5 -1629.42 -1629.42 -1605.12 -1579.44 -1551.03 -1531.81 -1517.21 -1483.15 -1508.02 -1470.2 -1453.37 -1430.73 -1408.58 -1394.32 -1386.71 -1386.71 -1376.86 -1357.57 -1348.87 -1334.52 -1355.66 -1417.84 -1479.72 -1498.15 -1493.96 -1478.46 -1471.9 -1482.78 -1445.55 -1431.45 -1421.78 0 0 0 0 0 0 0 0 0 0 0 0 0 0 0 0 0 0 0 0 0 0 0 0 0 0 0 0 0 0 0 0 0 -9999 -9999 -9999 -9999
-1715.18 -1722.68 -1706 -1694.43 -1674.75 -1664.2 -1658.41 -1657.53 -1657.53 -1658.59 -1650.87 -1642.03 -1628.56 -1587.67 -1570.35 -1568.85 -1550.64 -1546.88 -1540.43 -1508.23 -1478.7 -1457.63 -1457.63 -1443.64 -1420.14 -1401.48 -1388.43 -1379.62 -1362.84 -1330.83 -1330.83 -1405.01 -1442.13 -1510.66 -1501.43 -1494.87 -1481.74 -1496.12 -1483.12 -1462.06 -1445.65 -1426.92 -1408.23 0 0 0 0 0 0 0 0 0 0 0 0 0 0 0 0 0 0 0 0 0 0 0 0 0 0 0 0 0 0 0 0 0 -9999 -9999 -9999
-1733.89 -1722.68 -1711.11 -1694.43 -1696.81 -1678.12 -1671.73 -1662.3 -1663.54 -1658.59 -1651.81 -1651.81 -1638.83 -1618.28 -1590.97 -1568.85 -1556.08 -1546.88 -1537.64 -1524.94 -1505.73 -1492.72 -1470.81 -1447.24 -1421.56 -1407.42 -1407.42 -1400.34 -1368.31 -1372.56 -1387 -1506.32 -1517.32 -1527.68 -1517.83 -1507.99 -1498.15 -1480.36 -1481.72 -1458.78 -1458.78 -1450.67 -1442.82 -1430.18 0 0 0 0 0 0 0 0 0 0 0 0 0 0 0 0 0 0 0 0 0 0 0 0 0 0 0 0 0 0 0 0 -9999 -9999 -9999
-1740.84 -1740.84 -1727.39 -1712.88 -1699.14 -1684.51 -1677.57 -1667.87 -1671.79 -1665.75 -1659.97 -1653.22 -1637.26 -1617.7 -1602.66 -1602.66 -1591.88 -1566.48 -1547.14 -1524.94 -1510.58 -1492.72 -1500.28 -1478.33 -1450.91 -1426.89 -1415.46 -1400.34 -1376.75 -1372.56 -1448.73 -1485.15 -1538.34 -1527.68 -1521.11 -1507.99 -1501.43 -1501.43 -1488.31 -1476.66 -1457.35 -1452.21 -1435.67 -1417.18 -1417.18 -1419.4 -1412.93 0 0 0 0 0 0 0 0 0 0 0 0 0 0 0 0 0 0 0 0 0 0 0 0 0 0 0 0 0 0 -9999 -9999
-1755.28 -1742.82 -1731.91 -1712.86 -1715.2 -1701.64 -1692.05 -1681.31 -1673.37 -1666.83 -1657.8 -1657.8 -1651.59 -1637.18 -1626.48 -1613.87 -1600.73 -1570.84 -1553.81 -1553.81 -1532.38 -1514.78 -1502.1 -1484.35 -1462.97 -1432.03 -1446.19 -1408.32 -1406.48 -1412.01 -1519.27 -1538.99 -1544.08 -1544.08 -1534.04 -1524.4 -1517.83 -1497.29 -1494.87 -1476.66 -1485.02 -1468.62 -1441.16 -1431.14 -1435.81 -1419.4 -1405.7 0 0 0 0 0 0 0 0 0 0 0 0 0 0 0 0 0 0 0 0 0 0 0 0 0 0 0 0 0 0 0 -9999
-1769.73 -1756.38 -1746.4 -1728.48 -1715.2 -1702.7 -1693.05 -1684.64 -1690.72 -1678.38 -1669.37 -1659.94 -1652.72 -1639.61 -1631.99 -1631.99 -1624.84 -1606.46 -1587.62 -1560.23 -1526.65 -1510.32 -1514.33 -1502.8 -1491.04 -1468.28 -1432.66 -1415.48 -1438.81 -1438.81 -1516.4 -1557.68 -1553.93 -1544.08 -1538.85 -1527.68 -1524.4 -1524.4 -1505.04 -1484.89 -1475.18 -1464.59 -1439.58 -1420.8 -1455.42 -1455.53 -1424.77 0 0 0 0 0 0 0 0 0 0 0 0 0 0 0 0 0 0 0 0 0 0 0 0 0 0 0 0 0 0 0 -9999
-1771.64 -1758.22 -1745.48 -1728.14 -1728.14 -1715.8 -1705.55 -1698.44 -1690.72 -1680.19 -1669.37 -1671.53 -1660.73 -1656.12 -1641.23 -1637.65 -1624.84 -1610.96 -1587.62 -1589.21 -1559.6 -1536.07 -1514.33 -1502.45 -1491.04 -1453.56 -1457.02 -1440.46 -1432.31 -1454.38 -1511.96 -1554.71 -1553.93 -1553.93 -1550.64 -1540.8 -1534.24 -1505.3 -1494.87 -1492.19 -1479.84 -1471.39 0 -1449.69 -1450.3 -1465.23 -1439.09 0 0 0 -1355.77 0 0 0 0 0 0 0 0 0 0 0 0 0 0 0 0 0 0 0 0 0 0 0 0 0 0 0 0
-1783.42 -1770.69 -1757.79 -1749.61 -1731.13 -1715.59 -1704.62 -1700.48 -1700.48 -1693.24 -1686.7 -1678.71 -1664.67 -1662.2 -1650.65 -1656.33 -1643.65 -1633.13 -1613.69 -1593.95 -1567 -1545.34 -1545.34 -1518.62 -1500.06 -1472.94 -1457.02 -1440.71 -1432.31 -1432.14 -1453.25 -1491.93 -1548.12 -1560.49 -1550.64 -1541.95 -1534.24 -1527.68 -1514.55 -1502.55 -1479.84 -1486.35 0 -1465.72 -1465.72 -1442.81 -1447.2 -1416.24 -1417.39 -1380.03 -1370.93 -1370.93 -1350.5 0 0 -1300.41 0 0 0 0 0 0 0 0 0 0 0 0 0 0 0 0 0 0 0 0 0 0 0
-1781.88 -1775.39 -1764.24 -1752.14 -1752.14 -1737.1 -1721 -1711.21 -1702.57 -1694.25 -1681.45 -1686.45 -1677.91 -1674.56 -1668.79 -1665.92 -1652.45 -1639.5 -1639.5 -1621.13 -1598.79 -1577.1 -1548.35 -1520.76 -1501.79 -1472.54 -1472.54 -1467.32 -1449.22 -1430.5 -1440.81 -1470.15 -1540.9 -1533.43 -1560.49 -1544.38 -1534.24 -1517.83 -1504.71 -1491.59 -1491.59 -1500.88 -1478.48 -1458.78 -1462.06 -1451.52 -1447.2 -1448.93 -1422.27 -1405.45 -1389.88 -1373.62 -1350.5 -1274.05 0 -1358.82 -1297.36 0 0 0 0 0 0 0 0 0 0 0 0 0 0 0 0 0 0 0 0 0 0
-1790.5 -1784.55 -1785.19 -1771.5 -1756.23 -1737.1 -1723.51 -1723.51 -1714.31 -1703.98 -1696.92 -1686.45 -1681.3 -1683.15 -1674.69 -1686.29 -1673.79 -1664.71 -1644.42 -1625.66 -1600.14 -1580.57 -1580.57 -1555.21 -1525.55 -1507.24 -1483.77 -1469.95 -1454.56 -1458.42 -1447.9 -1436.62 -1471.95 -1529.89 -1557.23 -1544.08 -1544.08 -1530.96 -1521.11 -1523.48 -1506.01 -1498.71 -1481.12 -1483.02 -1483.02 -1478.46 -1452.12 -1438.09 -1419.37 -1421.83 -1389.88 -1399.73 -1387.75 -1285.58 -1159.11 -1387.16 -1359.33 0 0 0 0 0 0 0 0 0 0 0 0 0 0 0 0 0 0 0 0 0 0
-1789.38 -1790.27 -1784.96 -1774.97 -1774.84 -1758.54 -1745.46 -1729.73 -1715.87 -1708.52 -1701.39 -1701.39 -1697.23 -1689.93 -1691.33 -1686.29 -1684.7 -1664.71 -1669.91 -1649.29 -1628.26 -1603.27 -1581.9 -1555.21 -1532.4 -1507.24 -1513.33 -1490.81 -1471.29 -1458.42 -1453.84 -1436.62 -1466.6 -1473.85 -1527.95 -1547.78 -1540.8 -1527.68 -1521.11 -1515.3 -1515.3 -1504.71 -1485.02 -1494.87 -1482.43 -1468.9 -1448.93 -1468.62 -1439.43 -1442.37 -1419.4 -1409.56 -1385.77 -1333.78 -1101.61 -1374.18 -1475.18 -1359.64 0 0 0 0 0 0 0 0 0 0 0 0 0 0 0 0 0 0 0 0 0
-1776.37 -1782.96 -1786.23 -1784.08 -1773.66 -1760.43 -1744.85 -1744.85 -1735.96 -1720.35 -1712.6 -1704.46 -1713.1 -1699.46 -1703.39 -1703.39 -1702.69 -1689.02 -1672.5 -1650.61 -1630.18 -1607.26 -1613.38 -1590.08 -1574.52 -1540.91 -1519.24 -1490.28 -1481.42 -1481.42 -1479.06 -1462.5 -1454.9 -1473.85 -1526.97 -1547.78 -1544.34 -1537.52 -1533.66 -1524.4 -1520.83 -1504.71 -1508.12 -1494.87 -1485.02 -1494.87 -1478.39 -1468.62 -1440.7 -1442.37 -1442.84 -1442.84 -1394.81 -1382.35 -1397.26 -1501.93 -1397.2 -1375.4 -1375.4 0 0 0 0 0 0 0 0 0 0 0 0 0 0 0 0 0 0 0 0
-1762.45 -1781.07 -1791 -1781.59 -1790.47 -1773.95 -1762.3 -1749.62 -1736.08 -1725.12 -1728.79 -1728.79 -1744.14 -1729.53 -1728.9 -1714.82 -1702.66 -1689.87 -1690.72 -1673.78 -1658.06 -1635.08 -1627.68 -1601 -1583.39 -1583.39 -1560.55 -1525.11 -1511.5 -1496.32 -1498.86 -1477.94 -1464.5 -1464.5 -1486.12 -1523.79 -1539.38 -1540.8 -1537.52 -1527.68 -1530.96 -1521.11 -1515.52 -1498.15 -1498.15 -1488.91 -1460.66 -1460.66 -1448.93 -1432.71 -1419.4 -1409.41 -1402.46 -1387.88 -1402.17 -1414.91 -1481.74 -1397.78 0 0 0 0 0 0 0 0 0 0 0 0 0 0 0 0 0 0 0 0 0
-1730.61 -1752.65 -1784.87 -1800.03 -1790.47 -1778.31 -1762.3 -1771.68 -1751.68 -1745.75 -1733.98 -1746.64 -1744.14 -1741.53 -1728.9 -1731.16 -1714.32 -1704.95 -1690.72 -1678.7 -1678.54 -1656.05 -1682.15 -1647.14 -1635.62 -1599.46 -1571.76 -1535.35 -1525.96 -1525.96 -1527.23 -1503.2 -1496.87 -1477.69 -1490.3 -1520.7 -1523.5 -1544.39 -1544.08 -1534.24 -1527.68 -1521.11 -1517.83 -1513.59 -1504.71 -1494.87 -1481.74 -1465.34 -1448.93 -1439.09 -1422.69 -1422.69 -1429.41 -1406.28 -1507.99 -1511.27 -1397.57 -1418.88 -1380.03 0 0 0 0 0 0 0 0 0 0 0 0 0 0 0 0 0 0 0 0
-1715.46 -1761.98 -1796.8 -1805.34 -1805.34 -1796.94 -1786.73 -1783.57 -1762.18 -1754.24 -1743.87 -1752.87 -1757.16 -1760.93 -1747.66 -1733.87 -1723.82 -1721.12 -1721.12 -1715.57 -1695.42 -1698.35 -1682.15 -1669.3 -1635.62 -1651.07 -1609.06 -1581.08 -1547.01 -1548.62 -1527.23 -1517.65 -1496.87 -1514.39 -1494.82 -1504.08 -1523.5 -1548.14 -1544.08 -1534.24 -1534.24 -1527.68 -1521.11 -1517.83 -1503.63 -1494.45 -1475.18 -1475.18 -1476.6 -1453.18 -1447.72 -1432.41 -1421.67 -1453.91 -1514.55 -1504.71 -1406.13 -1390.57 0 0 0 0 0 0 0 0 -1238.13 -1222.08 0 0 0 0 0 0 0 0 0 0 0
-1610.57 -1689.49 -1770.1 -1811.77 -1809.81 -1808.93 -1792.86 -1813.26 -1793.59 -1796.38 -1773.91 -1770.74 -1766.76 -1773.84 -1773.84 -1767.05 -1744.55 -1729.8 -1728.45 -1711.55 -1703.67 -1700.38 -1700.38 -1693.84 -1678.57 -1657.46 -1617.07 -1587.47 -1565.93 -1581.89 -1568.79 -1560.56 -1538.19 -1531.03 -1514.49 -1514.16 -1514.16 -1542.03 -1545.63 -1540.8 -1537.52 -1527.68 -1521.11 -1524.4 -1514.55 -1504.85 -1495.91 -1478.46 -1476.6 -1466.29 -1447.72 -1445.65 -1432.53 -1527.68 -1514.55 -1408.6 -1406.13 -1401.23 -1401.23 0 0 0 0 0 0 0 -1274.41 -1222.91 0 0 0 0 0 0 0 0 0 0 0
-1599.18 -1689.49 -1778.22 -1811.77 -1836.6 -1832.16 -1843.11 -1832.73 -1807.88 -1812.22 -1783.69 -1793.59 -1784.15 -1789.64 -1786.15 -1778.21 -1753.26 -1728.25 -1728.25 -1715.49 -1706.69 -1707.99 -1701.24 -1699.65 -1687.14 -1692.81 -1664.13 -1640.5 -1604.23 -1596.82 -1580.33 -1573.09 -1551.6 -1567.71 -1547.87 -1529.78 -1534.41 -1552.98 -1550.64 -1541.24 -1541.24 -1530.95 -1524.4 -1514.55 -1507.99 -1498.15 -1494.87 -1494.87 -1478.46 -1462.06 -1452.21 -1442.37 -1435.81 -1448.93 -1448.93 -1419.4 -1416.12 -1416.12 -1415.13 0 -1378.26 -1370.19 -1370.19 0 0 -1298.01 -1274.41 0 0 0 0 0 0 0 0 0 0 0 0
-1455.07 -1566.38 -1654.19 -1770.73 -1849.95 -1862.78 -1855.46 -1855.46 -1832.98 -1824.11 -1820.13 -1793.59 -1796.73 -1789.64 -1797.61 -1788.7 -1781.56 -1758.03 -1729.37 -1715.49 -1710.16 -1707.99 -1706.18 -1702.75 -1701.56 -1692.81 -1670.92 -1640.5 -1622.02 -1635.5 -1615.61 -1610.09 -1592.02 -1582.8 -1540.58 -1546.17 -1546.17 -1559.16 -1553.93 -1544.08 -1540.8 -1527.68 -1519.7 -1521.11 -1511.74 -1501.43 -1498.15 -1485.02 -1471.9 -1488.21 -1452.21 -1460.17 -1537.52 -1439.09 -1445.65 -1429.25 -1425.97 -1416.12 -1416.12 -1409.56 -1393.16 -1373.47 -1363.63 -1334.1 -1320.47 -1327.54 -1303.15 0 0 0 0 0 0 0 0 0 0 0 0
-1405.73 -1529.4 -1648.75 -1648.75 -1768.75 -1839.34 -1839.63 -1842.24 -1827.73 -1834.27 -1817.83 -1817.83 -1807.29 -1805.25 -1800.79 -1792.42 -1774.31 -1754.31 -1751.53 -1730.81 -1719.19 -1712.58 -1712.64 -1707.57 -1708.79 -1708.79 -1708.72 -1687.42 -1672.19 -1635.5 -1629.6 -1610.09 -1620.25 -1602.59 -1566.28 -1554.05 -1562.12 -1559.16 -1550.64 -1544.08 -1540.8 -1534.24 -1524.4 -1521.11 -1511.27 -1501.43 -1494.87 -1494.87 -1553.93 -1475.18 -1549.46 -1539.2 -1448.93 -1439.09 -1439.09 -1445.65 -1435.81 -1429.2 -1419.4 -1406.72 -1393.16 -1393.16 -1376.75 -1365.38 -1343.94 -1345.6 -1298.94 0 0 0 0 0 0 0 0 0 0 0 0
-1257.56 -1381.11 -1511.81 -1646.95 -1761.04 -1822.78 -1814.2 -1814.2 -1798.77 -1817.33 -1825.64 -1821.57 -1816.22 -1806.42 -1812.04 -1803.9 -1789.43 -1772.85 -1758.35 -1734.44 -1726.02 -1715.67 -1723.06 -1716.59 -1719 -1718.39 -1717.97 -1701.68 -1687.03 -1687.03 -1661.94 -1639.76 -1629.02 -1587.62 -1572.5 -1566.03 -1566.67 -1563.5 -1550.64 -1544.08 -1537.52 -1527.68 -1524.4 -1524.4 -1558.66 -1531.72 -1501.43 -1488.31 -1478.46 -1475.18 -1465.34 -1465.34 -1458.78 -1452.21 -1448.93 -1445.65 -1439.62 -1429.2 -1432.53 -1422.69 -1409.56 -1393.16 -1376.75 -1365.38 -1352.14 -1352.14 -1357.06 -1327.54 0 0 0 0 0 0 0 0 0 0 0
-1257.56 -1369.75 -1511.81 -1541.4 -1655.35 -1729.69 -1791.95 -1785.93 -1798.77 -1821.27 -1825.64 -1830.44 -1824.89 -1824.15 -1812.04 -1804.12 -1785.67 -1766.94 -1766.85 -1754.96 -1745.64 -1730.33 -1726.9 -1721.18 -1724.88 -1724.88 -1732.2 -1723.29 -1715.84 -1690.12 -1667.92 -1651.02 -1635.6 -1614.74 -1592.75 -1574.2 -1591.65 -1558.81 -1550.64 -1545.25 -1590.02 -1588.46 -1530.96 -1522.37 -1517.83 -1507.99 -1501.43 -1501.43 -1494.87 -1483.78 -1478.46 -1468.62 -1468.62 -1462.06 -1466.33 -1458.78 -1448.93 -1439.09 -1435.81 -1422.69 -1409.56 -1409.56 -1396.44 -1385.4 -1373.47 -1375.93 -1353.28 -1317.69 0 0 0 0 0 0 0 0 0 0 0
-1173.2 -1295.37 -1411.12 -1568.7 -1657.1 -1713.2 -1760.14 -1773.09 -1789.93 -1832.72 -1838.18 -1837.23 -1829.61 -1829.07 -1829.07 -1813.15 -1801.21 -1777.8 -1766.85 -1758.87 -1745.64 -1753.29 -1735.4 -1733.52 -1728.9 -1737.4 -1732.2 -1728.95 -1715.84 -1710.73 -1685.6 -1671.15 -1635.6 -1618.48 -1592.75 -1599.86 -1573.61 -1563.77 -1553.93 -1563.77 -1547.36 -1537 -1530.96 -1530.96 -1527.68 -1517.83 -1505.43 -1496.83 -1496.75 -1488.31 -1488.43 -1480.08 -1481.74 -1475.18 -1470.36 -1462.06 -1452.21 -1445.65 -1441.33 -1432.53 -1419.4 -1406.28 -1412.84 -1399.4 -1386.59 -1386.59 -1371.01 -1354.11 0 0 0 0 0 0 0 0 0 0 0
-1205.38 -1323.94 -1454.24 -1496.58 -1597.77 -1686.42 -1726.97 -1786.15 -1808.53 -1845.59 -1845.59 -1845.58 -1843.87 -1849.94 -1829.55 -1816.32 -1805.38 -1786.83 -1786.83 -1779.03 -1765.05 -1757.01 -1742.97 -1748.7 -1741.3 -1764.26 -1753.87 -1744.36 -1730.53 -1700.74 -1684.02 -1659.61 -1659.61 -1645.05 -1618.85 -1581.94 -1573.61 -1563.77 -1553.93 -1550.64 -1550.64 -1547.36 -1537.52 -1530.96 -1527.68 -1514.55 -1505.43 -1514.55 -1507.99 -1504.71 -1488.43 -1485.02 -1481.74 -1481.74 -1481.74 -1471.9 -1462.06 -1452.21 -1445.65 -1430.63 -1432.53 -1432.53 -1419.4 -1416.12 -1399.72 -1383.31 -1389.74 -1373.47 0 0 0 0 0 0 0 0 0 0 0
-1123.47 -1196.32 -1360.96 -1512.11 -1618.23 -1679.14 -1736.3 -1745.51 -1785.59 -1811.46 -1833.12 -1853.29 -1850.71 -1859.38 -1859.38 -1842.93 -1817.88 -1818.2 -1798 -1786.96 -1774.83 -1785 -1772.74 -1783.87 -1773.8 -1778.63 -1761.14 -1742.22 -1722.51 -1708.88 -1693.72 -1683.66 -1661.08 -1634.28 -1598.85 -1576.89 -1576.89 -1570.33 -1560.49 -1560.49 -1553.93 -1544.08 -1540.8 -1540.8 -1534.24 -1529.56 -1521.11 -1519 -1513.5 -1504.71 -1504.71 -1498.15 -1489.94 -1488.31 -1478.46 -1475.18 -1465.34 -1458.78 -1458.78 -1453.28 -1439.09 -1435.81 -1419.4 -1412.84 -1399.72 -1409.56 -1399.72 -1396.44 -1378.76 0 0 -1202.09 -1202.09 -1331.08 -1312.3 0 0 0 0
-1178.3 -1224.31 -1373.92 -1373.92 -1525.07 -1624.81 -1691.34 -1745.51 -1788.85 -1811.46 -1816.47 -1835.82 -1867.7 -1865.51 -1867.52 -1842.93 -1817.46 -1818.2 -1818.51 -1802.74 -1794.86 -1785 -1792.78 -1793.05 -1791.74 -1794.08 -1777.38 -1755.29 -1732.54 -1711.34 -1694.73 -1674.69 -1674.69 -1663.41 -1629.15 -1596.56 -1574.3 -1570.7 -1566.67 -1567.05 -1560.49 -1553.93 -1547.36 -1540.8 -1539.62 -1537.52 -1527.68 -1527.68 -1524.4 -1514.55 -1499.6 -1498.15 -1494.87 -1494.87 -1494.87 -1485.02 -1478.46 -1474.61 -1462.39 -1455.49 -1452.21 -1452.21 -1435.81 -1432.53 -1419.4 -1409.69 -1399.72 -1396.44 -1396.44 -1372.63 -1234.98 -1353.78 -1340.66 -1317.69 -1284.01 0 0 0 0
0 -1107.04 -1223.38 -1396.84 -1555.85 -1653.64 -1729.92 -1729.92 -1807.09 -1802.07 -1847.44 -1856.66 -1865.69 -1866.73 -1871.41 -1859.93 -1836.75 -1823.77 -1820.31 -1809.27 -1808.91 -1808.91 -1812.83 -1801.88 -1805.55 -1794.08 -1787.97 -1755.29 -1760.85 -1728.48 -1711.94 -1697.2 -1678.31 -1663.41 -1634.34 -1596.56 -1606.12 -1576.7 -1576.17 -1567.05 -1560.49 -1553.93 -1547.09 -1547.36 -1544.08 -1544.08 -1537.52 -1534.24 -1527.68 -1524.4 -1524.4 -1514.55 -1511.27 -1504.71 -1494.87 -1491.59 -1481.74 -1478.46 -1471.9 -1468.62 -1458.78 -1448.93 -1428.34 -1425.97 -1422.69 -1422.69 -1409.56 -1401.59 -1393.16 -1386.59 -1370.19 -1370.19 -1370.19 -1297.92 0 0 -1232.69 0 0
0 -1068.87 -1295.45 -1295.45 -1428.56 -1562.91 -1685.19 -1780.77 -1878.69 -1876.47 -1929.76 -1896.98 -1890.6 -1883.13 -1876.62 -1850.92 -1836.09 -1824.68 -1835.68 -1830.32 -1834.2 -1821.94 -1821.67 -1813.52 -1819.11 -1819.11 -1825.6 -1802.03 -1769.04 -1735.4 -1719.18 -1699.08 -1706.04 -1682.96 -1663.74 -1641.35 -1617.06 -1593.89 -1583.06 -1583.06 -1574.59 -1560.54 -1550.64 -1547.36 -1547.36 -1544.08 -1537.52 -1537.52 -1530.96 -1524.4 -1521.11 -1514.55 -1511.27 -1504.71 -1504.71 -1498.15 -1488.31 -1478.46 -1471.9 -1468.62 -1458.78 -1458.78 -1448.93 -1439.09 -1432.53 -1419.4 -1412.84 -1412.84 -1412.84 -1419.4 -1403 -1389.88 -1336.97 0 0 -1294.73 -1294.73 0 0
