gis_data/PP1766_DIS_Layer5_Top_ASCII.txt
ncols         308
nrows         431
xllcorner     -321143.35392317
yllcorner     1277883.4776336
cellsize      1609.334
NODATA_value  -9999
[rows 280 to 314 of 431, columns 158 to 236 of 308]
0 0 394.96 241.149 107.682 -19.0031 -137.018 -157.587 -264.28 -374.008 -410.584 -380.894 -360.42 -366.831 -367.396 -349.374 -357.05 -333.816 -323.448 -310.696 -308.325 -308.325 -307.432 -303.788 -308.434 -309.064 -313.149 -297.313 -306.45 -281.402 -262.58 -221.358 -211.884 -181.922 -161.906 -136.53 -131.447 -123.388 -116.43 -97.5258 -90.5776 -62.9384 -55.503 -55.503 -54.925 -51.644 -45.082 -38.52 -35.239 -28.677 -31.958 -27.8708 -5.70999 -12.272 -8.991 0.85199 7.414 7.414 13.976 20.538 30.381 40.224 50.067 53.348 66.472 66.472 73.034 86.158 63.191 79.596 90.7731 109.125 96.356 0 358.389 217.398 0 0 0
0 0 399.592 340.152 221.022 54.3612 -67.9617 -204.498 -309.434 -398.798 -398.798 -422.143 -397.848 -387.441 -367.396 -368.514 -357.05 -376.847 -354.271 -331.652 -320.513 -318.528 -307.432 -311.399 -308.434 -324.963 -320.466 -319.564 -306.45 -297.62 -282.505 -245.679 -261.512 -217.591 -179.481 -153.727 -131.204 -125.368 -121.183 -121.183 -136.711 -109.027 -85.2121 -62.8334 -58.206 -51.644 -51.644 -48.363 -45.082 -34.9923 -31.958 -25.396 -22.115 -15.553 -15.553 -8.991 -2.42899 4.133 13.976 20.538 30.381 30.381 40.224 50.067 59.91 66.94 69.753 50.067 46.2364 59.91 69.753 86.158 99.3362 179.009 141.812 141.812 155.059 194.431 0
0 0 0 278.132 179.686 6.76518 -114.837 -122.851 -230.943 -348.957 -411.034 -430.203 -414.868 -421.567 -421.567 -427.087 -393.466 -375.874 -350.608 -340.421 -330.974 -343.094 -327.393 -332.459 -328.242 -345.26 -331.811 -333.861 -333.861 -335.294 -316.574 -298.524 -261.512 -212.376 -179.481 -158.653 -158.653 -139.759 -121.234 -126.596 -136.711 -132.757 -85.2121 -106.781 -65.4507 -58.206 -51.644 -51.644 -45.082 -38.52 -38.52 -31.958 -28.677 -22.115 -6.89236 -5.70999 4.133 4.133 10.695 17.257 27.1 33.662 43.505 50.6278 53.348 53.348 63.191 40.224 43.505 56.629 63.191 76.315 63.191 0 118.968 132.7 0 202.707 0
0 0 549.247 503.456 285.223 110.108 -27.7552 -149.292 -245.234 -375.152 -375.152 -437.556 -457.189 -467.111 -451.614 -437.715 -402.942 -410.621 -381.644 -368.825 -352.514 -362.865 -344.219 -356.163 -356.188 -376.811 -360.964 -362.631 -349.315 -349.114 -328.814 -295.668 -295.668 -256.114 -218.072 -222.01 -178.874 -168.279 -135.959 -183.915 -158.302 -185.812 -166.819 -133.456 -72.9481 -62.9618 -62.9618 -54.925 -51.644 -45.082 -38.52 -31.958 -28.677 -19.2781 -19.2781 -12.272 -5.70999 0.85199 10.695 23.6998 27.1 33.662 36.943 40.224 46.786 50.798 63.191 32.8786 32.8786 40.224 56.629 59.91 92.72 116.862 115.687 115.687 118.968 151.778 160.303
0 0 0 503.456 256.993 110.108 61.2906 -60.0478 -187.958 -300.485 -401.336 -437.556 -475.147 -467.111 -476.574 -468.049 -446.292 -429.575 -392.94 -381.708 -369.737 -363.25 -358.15 -370.54 -377.272 -395.998 -378.441 -380.181 -380.181 -373.247 -350.878 -322.088 -291.479 -268.674 -244.04 -300.396 -254.27 -261.597 -224.871 -231.174 -196.377 -210.679 -193.9 -215.71 -159.425 -98.1689 -64.4378 -57.0513 -51.644 -45.082 -45.082 -38.52 -31.958 -25.1275 -18.834 -8.991 -2.42899 0.85199 4.133 13.976 20.538 27.1 39.3203 40.224 40.224 46.786 53.348 20.538 33.662 27.1 43.5773 79.596 79.596 86.158 100.505 105.844 118.968 410.747 160.303
0 0 0 0 407.333 202.588 22.094 -81.7079 -220.735 -342.213 -355.332 -417.03 -473.1 -476.969 -471.05 -462.086 -458.719 -458.719 -440.474 -404.905 -376.8 -363.25 -364.528 -370.54 -402.745 -402.745 -412.677 -404.546 -400.655 -373.247 -350.034 -322.088 -328.227 -298.349 -322.473 -300.396 -293.306 -261.597 -276.154 -302.954 -263.143 -247.77 -215.17 -220.551 -176.578 -104.459 -104.459 -67.3595 -58.206 -48.363 -41.801 -35.239 -28.677 -22.115 -22.115 -12.272 -5.7278 0.85199 5.5365 13.976 23.819 20.538 30.381 36.943 43.505 46.786 53.348 55.7766 55.7766 20.538 22.9353 69.2853 78.8427 82.877 92.72 79.596 96.001 115.687 130.865
0 0 0 0 342.275 173.875 206.622 23.0639 -109.943 -240.763 -361.331 -439.334 -469.253 -473.675 -470.623 -461.836 -455.846 -461.642 -441.104 -406.484 -370.445 -370.445 -359.042 -373.187 -412.477 -416.068 -412.084 -409.149 -406.537 -405.557 -390.461 -353.494 -341.195 -328.914 -367.247 -367.247 -353.53 -332.186 -332.654 -302.954 -280.907 -247.77 -227.393 -227.393 -224.214 -190.507 -116.546 -67.3595 -51.9706 -48.363 -48.363 -38.52 -32.5667 -28.677 -18.834 -12.272 -5.70999 -5.70999 0.85199 7.414 14.8475 23.819 30.381 33.662 33.662 40.224 50.067 50.067 53.348 59.91 7.19676 64.0813 64.0813 73.034 76.315 83.9962 96.001 115.687 125.53
0 0 0 0 0 312.732 333.041 69.7664 -130.515 -255.395 -298.489 -406.664 -464.396 -462.945 -457.169 -449.862 -448.834 -448.834 -441.871 -433.359 -382.859 -364.01 -360.797 -386.898 -405.638 -421.442 -413.06 -409.283 -403.043 -403.621 -384.385 -360.473 -368.245 -358.389 -377.089 -373.401 -364.299 -349.97 -341.924 -341.924 -324.198 -293.986 -267.348 -236.472 -218.532 -185.707 -186.923 -128.455 -69.6749 -51.644 -45.082 -38.52 -30.1806 -30.1806 -25.396 -15.553 -15.553 -4.91667 0.85199 7.414 13.976 13.976 23.819 30.381 33.662 40.224 43.505 50.067 46.786 53.348 53.348 59.91 59.91 73.034 69.753 69.753 82.877 96.3545 109.125
0 0 0 0 0 580.393 580.393 370.142 98.8717 -137.288 -298.489 -424.605 -464.396 -473.52 -464.314 -435.978 -435.946 -429.539 -441.871 -423.579 -382.859 -383.012 -368.777 -383.083 -405.638 -421.985 -415.189 -407.238 -413.664 -402.661 -397.89 -385.554 -377.161 -370.268 -377.354 -377.354 -373.879 -368.905 -369.661 -349.562 -326.106 -297.679 -265.125 -265.125 -223.896 -206.823 -180.313 -136.301 -76.0949 -48.7261 -50.4103 -45.082 -38.52 -31.958 -25.396 -18.834 -15.553 -15.553 -5.70999 0.85199 4.133 13.976 23.819 30.381 23.819 30.381 40.224 40.224 40.224 49.1212 27.7463 54.0116 50.067 55.4959 56.629 69.753 79.596 92.72 109.125
0 0 0 0 0 839.383 680.507 278.459 52.1791 -155.096 -155.096 -322.867 -425.586 -452.205 -450.492 -428.205 -420.628 -409.79 -412.651 -408.75 -397.189 -389.92 -384.154 -392.64 -392.64 -414.613 -420.695 -426.217 -413.664 -416.184 -397.89 -389.731 -389.731 -387.572 -377.933 -379.14 -373.879 -378.313 -369.661 -370.857 -354.023 -326.944 -296.548 -255.901 -223.896 -191.702 -187.285 -175.41 -146.753 -83.0896 -48.363 -43.019 -38.52 -38.52 -28.677 -25.396 -18.834 -12.272 -5.70999 0.85199 7.414 7.414 13.976 20.538 23.819 28.1659 33.662 36.943 33.662 40.224 40.224 46.786 43.505 46.786 56.629 56.629 66.472 0 102.563
0 0 0 0 0 0 0 862.749 462.616 26.7742 -177.244 -324.432 -434.588 -401.591 -411.327 -392.118 -418.756 -394.176 -393.414 -392.123 -387.281 -384.916 -380.304 -378.683 -394.804 -412.265 -423.226 -442.474 -442.474 -447.603 -428.291 -411.36 -392.546 -391.744 -384.68 -391.234 -389.382 -391.919 -382.694 -368.089 -349.595 -319.536 -319.536 -261.717 -233.161 -201.404 -187.285 -178.99 -146.753 -81.7786 -81.7786 -51.1618 -45.082 -38.52 -28.677 -25.396 -18.834 -26.6538 -12.272 -12.2232 4.133 7.29646 13.976 17.257 17.257 11.1478 30.381 25.5452 27.1 27.1 -1.21648 -1.21648 33.662 39.7459 43.505 53.348 0 0 99.282
0 0 0 0 0 0 0 862.749 652.939 26.7742 489.956 -151.817 -272.518 -330.634 -357.884 -380.976 -402.959 -435.861 -407.876 -427.512 -399.2 -374.483 -368.432 -368.879 -368.879 -390.973 -412.96 -437.118 -451.064 -449.551 -433.147 -431.372 -424.531 -416.017 -399.248 -400.967 -400.191 -397.287 -384.116 -386.19 -367.148 -342.178 -308.292 -244.324 -215.844 -201.016 -201.016 -194.319 -182.102 -163.44 -93.7575 -47.7198 -41.801 -43.9202 -35.239 -28.677 -25.396 -16.6586 -15.553 -11.4856 -11.4856 -2.42899 4.133 7.414 13.976 23.819 21.4372 22.2755 22.2755 22.9152 28.4906 30.381 33.662 36.943 43.505 40.224 46.786 0 82.877
0 0 0 0 0 0 0 0 0 808.638 684.529 -92.1996 -224.73 -224.73 -268.232 -330.498 -408.677 -435.861 -462.103 -427.512 -389.368 -389.368 -350.705 -356.111 -372.714 -390.973 -417.03 -437.118 -429.46 -445.719 -442.541 -431.372 -426.45 -423.439 -406.587 -398.159 -398.025 -397.766 -396.837 -373.941 -363.837 -333.952 -333.952 -259.17 -227.487 -221.934 -211.293 -203.63 -193.082 -168.692 -168.692 -100.128 -55.6253 -38.4558 -35.239 -33.7246 -39.2441 -21.2464 -17.0875 -13.1151 -8.991 -8.68499 1.92688 4.133 4.133 8.2604 13.976 13.976 20.538 -3.4414 27.1 20.538 27.1 23.819 33.662 40.224 50.067 66.472 76.315
0 0 0 0 0 0 0 0 0 0 0 809.258 468.15 11.8154 -262.431 -369.673 -434.511 -434.511 -455.885 -457.474 -409.498 -359.161 -358.987 -363.693 -399.07 -384.565 -389.716 -413.625 -422.063 -438.016 -440.516 -440.516 -433.357 -427.028 -410.051 -398.159 -386.275 -397.766 -385.371 -385.371 -370.677 -361.452 -320.008 -259.17 -230.138 -221.934 -249.857 -228.169 -213.816 -198.537 -167.327 -100.128 -56.1553 -56.1553 -32.624 -21.7657 -20.6255 -2.57563 -7.95139 3.36001 3.36001 6.49641 -5.56742 4.56258 4.133 7.414 7.414 10.695 10.695 4.133 17.257 17.257 20.538 20.538 27.1 27.6375 40.224 46.786 56.5341
0 0 0 0 0 0 0 0 0 0 0 0 700.253 700.253 173.589 -223.579 -294.917 -404.41 -407.294 -451.699 -443.045 -408.075 -382.857 -402.594 -423.604 -401.112 -394.391 -406.563 -407.33 -421.729 -437.342 -439.354 -425.214 -419.714 -396.01 -396.01 -382.308 -382.865 -392.6 -382.983 -374.329 -362.044 -362.532 -321.205 -284.403 -258.581 -279.208 -245.513 -214.215 -214.215 -174.22 -140.806 -79.6284 -50.127 -27.2039 -21.7657 -2.64907 -2.64907 15.7315 17.2033 22.3309 6.49641 0.0477676 4.56258 -13.2107 -5.02604 0.85199 4.133 7.414 4.133 13.976 13.976 13.976 17.257 17.257 27.1 36.943 40.224 40.224
0 0 0 0 0 0 0 0 0 0 0 0 0 776.882 173.589 -155.226 -294.917 -275.813 -360.931 -392.123 -408.726 -397.104 -340.423 -390.491 -372.461 -419.274 -416.911 -395.039 -408.482 -426.425 -427.312 -427.312 -415.329 -405.581 -387.023 -387.95 -383.729 -386.591 -396.537 -396.537 -389.146 -381.435 -362.159 -339.739 -310.141 -297.31 -305.17 -287.255 -245.369 -206.107 -142.726 -113.962 -70.4229 -70.4229 -46.879 -24.4032 -7.02675 8.85374 25.0739 28.4967 28.5741 31.2098 27.6838 3.21679 2.43666 -5.70999 -5.70999 0.85199 -15.553 -2.42899 4.133 10.695 10.695 10.695 17.257 17.257 20.538 30.381 33.662
0 0 0 0 0 0 0 0 0 0 0 0 0 0 830.172 585.583 -126.766 -285.768 -329.638 -384.11 -384.11 -357.543 -325.814 -304.725 -372.461 -411.076 -416.911 -389.751 -389.751 -407.766 -421.624 -407.338 -415.329 -384.205 -387.023 -376.186 -380.441 -394.947 -402.76 -403.164 -389.146 -374.962 -374.771 -354.645 -332.035 -314.594 -305.388 -281.96 -238.206 -238.206 -164.836 -120.273 -88.5591 -65.2732 -43.2687 -25.088 -5.03666 -5.03666 8.80737 22.4421 21.7449 31.815 31.3904 15.4309 27.5883 4.54762 -7.01059 -18.6697 -2.42899 0.85199 0.85199 0.85199 0.85199 4.133 4.133 13.976 13.976 23.819 20.538
0 0 0 0 0 0 0 0 0 0 0 0 0 0 868.061 551.957 -60.6961 -58.7617 -239.379 -297.44 -352.536 -287.316 -269.598 -281.963 -281.963 -338.177 -385.087 -396.828 -396.526 -401.809 -407.715 -387.117 -391.405 -386.051 -386.568 -376.346 -378.864 -423.157 -423.157 -410.223 -392.848 -386.601 -374.771 -348.607 -332.035 -314.953 -314.953 -298.308 -272.022 -228.967 -164.836 -113.82 -88.5591 -94.4661 -66.6904 -47.0109 -24.8502 -11.6108 8.80737 5.51653 5.51653 13.9805 24.1597 32.0685 31.3885 2.84975 3.95794 3.95794 -4.54984 -8.991 -8.991 -5.70999 -5.70999 0.85199 0.85199 0.85199 0.85199 10.695 17.257
0 0 0 0 0 0 0 0 0 0 0 0 0 0 0 0 480.3 -86.7443 -233.133 -266.204 -266.204 -216.786 -239.732 -260.664 -281.257 -339.237 -383.86 -410.09 -410.09 -393.478 -399.165 -369.161 -366.815 -368.109 -376.603 -372.96 -374.701 -379.174 -411.992 -376.816 -382.451 -383.686 -383.686 -363.449 -330.083 -307.884 -302.277 -295.08 -272.091 -267.436 -231.87 -188.15 -133.045 -98.4733 -71.3671 -55.092 -35.5106 -54.7066 -34.5115 -27.1992 -2.77047 8.63038 24.1597 28.1648 28.1648 36.2532 20.3883 17.9998 -4.54984 -6.42846 -8.991 -14.9889 -5.70999 -8.991 -2.42899 -2.42899 0.85199 10.695 10.695
0 0 0 0 0 0 0 0 0 0 0 0 0 0 0 0 379.635 379.635 -23.5059 -231.188 -210.347 -216.786 -233.053 -260.664 -262.958 -281.033 -337.307 -391.256 -408.862 -441.993 -421.924 -394.465 -357.232 -350.53 -357.441 -383.435 -379.797 -372.348 -372.348 -371.003 -374.2 -369.373 -370.977 -338.874 -309.75 -298.67 -298.67 -290.034 -286.653 -262.894 -240.751 -203.559 -146.92 -161.645 -110.66 -100.159 -72.0471 -75.1496 -50.8949 -36.2387 -36.2387 -21.6556 -2.82001 12.5113 31.9016 35.1185 37.1966 45.1355 33.7764 40.8571 6.34232 -1.59015 -10.3116 -12.272 -8.991 -11.7183 -5.70999 0.85199 10.695
0 0 0 0 0 0 0 0 0 0 0 0 0 0 0 0 815.226 365.516 -24.392 -195.522 -149.44 -171.03 -194.423 -225.416 -265.594 -287.357 -335.717 -335.717 -366.146 -404.434 -426.278 -394.465 -349.21 -350.53 -365.658 -365.658 -383.285 -377.304 -375.812 -371.003 -369.018 -369.373 -354.983 -349.701 -318.725 -301.278 -292.628 -290.034 -276.188 -263.368 -252.619 -237.297 -209.621 -173.118 -131.487 -117.915 -117.915 -106.584 -84.3218 -74.0401 -46.1891 -32.8959 -9.73308 4.96283 4.96283 23.1958 34.1221 46.0893 50.9513 61.2332 31.5402 57.7802 30.3529 24.0506 -3.21732 -9.81005 -5.70999 4.133 4.133
0 0 0 0 0 0 0 0 0 0 0 0 0 0 0 0 0 721.283 296.096 -14.7007 -161.925 -211.667 -196.91 -242.346 -301.625 -271.147 -255.613 -326.656 -374.087 -403.667 -397.855 -397.855 -360.429 -344.693 -371.979 -380.29 -388.925 -385.327 -401.263 -387.059 -369.98 -362.873 -347.685 -337.328 -313.232 -298.704 -294.621 -287.754 -273.535 -263.368 -246.015 -237.297 -211.81 -211.81 -187.969 -147.705 -137.618 -106.584 -101.939 -74.0401 -87.2753 -56.8161 -42.5435 -15.3902 0.477921 23.1958 34.5268 34.5268 43.4504 53.889 66.0111 73.8546 59.993 70.4772 25.4292 64.5937 23.4647 16.8072 8.19438
0 0 0 0 0 0 0 0 0 0 0 0 0 0 0 0 0 615.915 311.868 -2.85995 55.7979 -61.8539 -156.962 -251.832 -379.763 -285.257 -287.891 -287.891 -385.012 -415.08 -463.108 -422.209 -403.15 -375.323 -392.061 -392.061 -393.678 -396.918 -409.628 -390.382 -368.252 -357.61 -354.713 -340.045 -322.467 -310.057 -287.919 -278.95 -262.378 -262.378 -253.869 -248.653 -246.082 -220.483 -201.416 -168.004 -188.385 -156.086 -147.393 -116.254 -96.2162 -67.6161 -52.6118 -26.2213 -29.5565 -2.81773 7.91741 28.5084 38.6573 53.889 64.1944 64.1944 77.0682 79.6582 94.2641 64.5937 59.0627 16.8072 44.3344
0 0 0 0 0 0 0 0 0 0 0 0 0 0 0 0 0 0 371.719 313.835 55.7979 -4.57728 -156.962 -357.531 -357.531 -411.541 -320.635 -342.791 -385.012 -453.413 -463.108 -480.673 -467.697 -443.831 -393.265 -386.603 -416.623 -414.73 -440.554 -405.86 -384.988 -367.602 -349.421 -333.767 -316.212 -316.212 -293.871 -284.212 -268.161 -261.099 -260.171 -253.711 -260.994 -260.994 -255.677 -223.284 -213.527 -181.525 -162.798 -130.449 -138.502 -104.44 -81.369 -56.2131 -34.9856 -12.4881 1.92792 1.92792 15.5282 30.094 43.4105 60.6983 76.5856 86.0934 87.394 97.9467 108.148 87.5066 71.6413
0 0 0 0 0 0 0 0 0 0 0 0 0 0 0 0 0 0 559.148 506.396 506.396 110.646 -56.5511 -256.093 -409.904 -417.179 -356.131 -382.383 -367.92 -390.226 -444.533 -491.639 -505.663 -480.972 -480.972 -468.254 -436.603 -460.145 -440.554 -410.025 -384.988 -374.554 -374.554 -350.414 -329.856 -315.823 -293.871 -276.83 -268.161 -266.673 -256.682 -275.206 -276.186 -279.682 -255.677 -249.145 -264.878 -232.584 -206.13 -169.706 -143.472 -108.472 -87.3077 -87.3077 -61.2486 -39.7989 -26.6468 -5.20321 7.76218 24.4448 44.9582 44.9582 59.4195 75.2648 86.3256 97.1371 107.38 108.781 115.745
0 0 0 0 0 0 0 0 0 0 0 0 0 0 0 0 0 0 0 0 427.923 155.812 -45.0753 -196.414 -196.414 -335.667 -378.804 -427.494 -385.525 -372.268 -415.373 -377.874 -472.7 -523.013 -522.821 -513.916 -484.731 -484.64 -484.64 -464.245 -420.393 -416.169 -386.242 -363.422 -334.506 -342.895 -323.994 -305.075 -276.263 -267.592 -271.693 -286.262 -288.94 -292.315 -282.889 -274.863 -264.878 -236.803 -206.13 -174.157 -174.157 -146.476 -114.19 -86.6655 -61.2486 -46.8492 -26.6468 -34.7757 -16.3188 0.179884 22.3216 41.1459 59.4195 76.6789 76.6789 86.0044 98.0194 110.597 123.104
0 0 0 0 0 0 0 0 0 0 0 0 0 0 0 0 0 0 0 0 0 446.625 441.082 62.1189 -93.4796 -320.945 -436.792 -471.365 -456.918 -374.68 -319.38 -365.034 -460.458 -501.394 -501.394 -503.15 -517.533 -515.419 -502.96 -483.398 -445.521 -427.187 -427.187 -414.417 -374.669 -352.774 -333.263 -334.369 -278.012 -292.581 -269.915 -276.997 -293.291 -288.332 -286.342 -274.863 -274.863 -252.877 -233.285 -211.421 -179.243 -141.277 -115 -119.112 -93.8355 -73.4486 -52.9598 -42.2951 -23.2629 -2.7645 15.8327 14.6184 35.7305 51.4678 71.442 81.508 96.659 108.176 108.176
0 0 0 0 0 0 0 0 0 0 0 0 0 0 0 0 0 0 0 0 0 0 382.592 382.592 215.705 -79.3356 -363.641 -471.365 -471.099 -374.68 -307.43 -307.43 -392.676 -465.232 -489.025 -503.15 -512.384 -515.419 -517.315 -512.19 -490.108 -462.03 -447.931 -430.835 -388.476 -395.366 -366.828 -399.701 -383.828 -298.102 -269.989 -277.02 -277.02 -280.052 -276.869 -270.088 -264.262 -249.444 -232.949 -217.258 -217.258 -174.872 -148.078 -119.127 -98.0524 -74.0453 -57.9949 -64.4393 -45.9531 -20.2952 -1.32299 14.1425 34.5116 49.0743 49.0743 66.072 80.6943 93.6238 107.669
0 0 0 0 0 0 0 0 0 0 0 0 0 0 0 0 0 0 0 0 0 0 0 583.991 140.126 -161.431 -394.556 -394.556 -447.415 -456.028 -398.938 -351.709 -412.76 -467.226 -456.099 -482.19 -502.375 -509.468 -510.498 -512.622 -494.61 -481.643 -490.88 -466.803 -429.497 -395.366 -370.748 -399.701 -363.706 -363.706 -310.029 -283.332 -282.733 -280.052 -275.326 -270.088 -272.414 -263.667 -247.079 -229.862 -205.223 -174.872 -143.236 -143.236 -122.971 -101.752 -80.1199 -73.4671 -48.9395 -25.547 -3.6894 -8.19384 13.5099 30.8145 47.8478 65.897 81.1283 97.6279 97.6279
0 0 0 0 0 0 0 0 0 0 0 0 0 0 0 0 0 0 0 0 0 0 0 0 0 299.559 -266.114 -390.396 -407.617 -419.105 -389.234 -389.234 -393.817 -420.467 -448.649 -476.595 -490.772 -498.32 -488.152 -504.113 -502.721 -493.575 -473.618 -457.254 -417.373 -417.373 -399.898 -377.691 -376.447 -347.214 -325.882 -299.508 -304.764 -285.581 -283.016 -277.328 -276.199 -260.433 -232.161 -223.807 -217.071 -194.361 -165.724 -145.752 -120.731 -101.752 -86.788 -86.788 -69.8176 -51.5016 -29.5502 -8.19384 9.54067 30.8145 27.517 46.7776 65.4642 81.0243 94.8193
0 0 0 0 0 0 0 0 0 0 0 0 0 0 0 0 0 0 0 0 0 0 0 0 0 0 -266.114 -246.313 -338.79 -405.94 -399.02 -392.714 -393.023 -420.185 -417.481 -450.181 -473.106 -480.373 -490.184 -501.187 -488.961 -488.961 -475.68 -459.065 -437.952 -422.993 -410.741 -381.138 -367.489 -367.489 -348.727 -333.565 -305.056 -289.74 -294.118 -294.671 -308.894 -285.195 -247.331 -230.068 -213.713 -189.347 -168.989 -168.989 -140.311 -121.49 -107.913 -89.6042 -72.6291 -54.7702 -55.6812 -34.0632 -14.7678 6.80604 28.8298 48.9665 66.1015 82.0663 81.7255
0 0 0 0 0 0 0 0 0 0 0 0 0 0 0 0 0 0 0 0 0 0 0 0 0 0 0 -268.762 -348.791 -390.735 -399.02 -392.998 -390.763 -367.158 -417.481 -450.59 -473.106 -480.385 -480.385 -493.74 -491.256 -470.497 -475.68 -451.97 -437.952 -441.542 -430.81 -408.555 -374.554 -367.418 -348.727 -331.95 -335.454 -307.407 -306.405 -298.561 -299.683 -276.873 -245.409 -230.626 -235.639 -211.823 -190.628 -169.481 -142.796 -127.291 -117.074 -117.074 -99.6645 -74.3706 -54.6736 -36.5748 -10.7117 9.7737 11.4631 31.6612 51.2502 66.035 83.6096
0 0 0 0 0 0 0 0 0 0 0 0 0 0 0 0 0 0 0 0 0 0 0 0 0 0 245.412 -21.0942 -321.44 -368.837 -381.182 -385.547 -366.614 -366.206 -366.206 -407.859 -442.99 -471.547 -487.01 -480.587 -471.133 -453.945 -457.023 -447.078 -444.825 -441.518 -425.383 -401.327 -379.511 -382.159 -369.485 -359.561 -335.454 -317.705 -306.405 -295.815 -295.815 -291.214 -269.799 -252.019 -235.639 -212.06 -190.628 -195.118 -173.538 -148.886 -133.091 -121.423 -99.6645 -74.9721 -74.9721 -53.3119 -30.6815 -10.6673 13.2542 31.8716 52.6865 67.2621 65.9404
0 0 0 0 0 0 0 0 0 0 0 0 0 0 0 0 0 0 0 0 0 0 0 0 0 0 343.639 -35.6428 -323.319 -357.341 -357.341 -352.532 -329.746 -292.82 -346.671 -387.796 -435.578 -500.082 -500.082 -492.573 -465.632 -442.082 -444.27 -440.284 -442.288 -444.466 -440.419 -424.962 -399.504 -384.182 -370.28 -372.323 -372.323 -358.442 -339.033 -330.039 -306.8 -296.552 -274.005 -280.625 -257.862 -240.576 -219.068 -199.359 -174.884 -152.069 -134.979 -135.76 -120.607 -95.849 -74.2037 -48.5168 -30.6815 -7.4957 -7.4957 18.1825 33.5063 50.6276 65.9404
0 0 0 0 0 0 0 0 0 0 0 0 0 0 0 0 0 0 0 0 0 0 0 0 0 0 279.737 279.737 -69.7371 -298.633 -355.196 -352.532 -272.339 -292.82 -263.931 -313.139 -379.987 -445.823 -523.995 -493.987 -456.766 -461.354 -431.037 -427.689 -440.764 -449.12 -446.251 -433.311 -405.524 -404.488 -385.036 -379.334 -374.301 -365.49 -348.902 -345.365 -345.365 -332.809 -305.635 -291.873 -266.827 -250.386 -223.286 -228.054 -200.06 -180.761 -158.378 -139.982 -117.878 -96.4067 -96.4067 -67.8403 -45.5997 -20.6456 -2.24768 19.7488 35.7393 53.9451 53.9451
