gis_data/PP1766_DIS_Layer9_Top_ASCII.txt
ncols         308
nrows         431
xllcorner     -321143.35392317
yllcorner     1277883.4776336
cellsize      1609.334
NODATA_value  -9999
[rows 315 to 349 of 431, columns 158 to 236 of 308]
0 0 0 0 0 0 0 0 0 0 0 0 0 0 0 0 0 0 0 0 0 0 0 0 0 0 -388.401 -583.781 -826.505 -1019.55 -959.774 -1043.83 -1016.36 -1013.97 -1033.59 -1068.75 -1156.92 -1254.55 -1289.44 -1310.4 -1265.77 -1228.8 -1199.18 -1196.18 -1205.36 -1205.36 -1224.43 -1242.74 -1212.62 -1184.05 -1166.52 -1164.99 -1163.09 -1163.22 -1158.47 -1147.03 -1143.04 -1120.57 -1106.75 -1121.09 -1095.3 -1073.34 -1040.54 -1007.32 -973.113 -956.473 -929.04 -934.518 -904.033 -883.724 -856.845 -820.685 -798.557 -776.962 -776.962 -752.489 -736.472 -718.157 -704.296
0 0 0 0 0 0 0 0 0 0 0 0 0 0 0 0 0 0 -128.605 -128.605 -188.621 -147.725 -226.873 0 0 0 -395.805 -395.805 -607.035 -780.287 -851.848 -979.377 -969.106 -1001.89 -978.742 -1046.15 -1115.7 -1153.57 -1295.38 -1318.21 -1305.21 -1305.21 -1240.39 -1197.16 -1185.2 -1197.16 -1206.55 -1235.72 -1225.13 -1197.11 -1184.66 -1166.49 -1166.53 -1163.46 -1163.57 -1157.56 -1162.18 -1157.37 -1142.55 -1121.09 -1105.51 -1073.34 -1042.86 -1042.86 -1009.32 -977.581 -962.646 -934.518 -907.791 -883.724 -880.852 -850.913 -819.791 -798.272 -772.321 -752.489 -733.772 -733.772 -717.837
0 0 0 0 0 0 0 0 0 0 0 0 0 0 0 0 0 0 -125.375 -206.783 -188.621 -231.691 -226.873 -288.327 -248.29 0 0 -443.453 -579.641 -673.468 -602.421 -701.359 -701.209 -844.953 -964.483 -1083.79 -1162.27 -1162.27 -1242.52 -1294.94 -1275.93 -1290.43 -1204.59 -1189.22 -1185.76 -1185.76 -1206.84 -1199.04 -1231.82 -1208.81 -1196.3 -1177.58 -1187.45 -1171.54 -1174.1 -1171.35 -1171.3 -1164.65 -1150.04 -1150.04 -1122.41 -1104.93 -1083.69 -1055.37 -1027.73 -999.984 -1011.26 -979.603 -942.935 -907.632 -878.663 -847.905 -812.447 -792.635 -787.801 -769.809 -749.922 -731.517 -720.88
0 0 0 0 0 0 0 0 0 0 0 0 0 0 0 0 0 0 0 0 -268.97 -321.269 -294.345 -344.585 -349.531 0 0 -410.172 -447.071 -560.447 -602.421 -600.701 -701.209 -751.907 -751.907 -984.1 -1144.75 -1188.47 -1242.52 -1245.07 -1275.93 -1193.11 -1217.38 -1197.34 -1186.85 -1192.15 -1202.11 -1208.23 -1233.9 -1239.97 -1245.79 -1217.17 -1186.35 -1177.1 -1176.16 -1175.46 -1181.28 -1177.57 -1170.55 -1154.86 -1135.73 -1108.86 -1101.2 -1101.2 -1077.55 -1041.03 -1018.34 -983.494 -947.958 -910.282 -921.456 -880.311 -839.73 -809.951 -791.323 -769.961 -754.294 -754.294 -740.12
0 0 0 0 0 0 0 0 0 0 0 0 0 0 0 0 0 0 0 -290.602 -308.645 -357.709 -351.147 -400.362 -406.924 -449.577 -403.643 -511.916 -536.635 -565.616 -565.616 -578.424 -600.503 -629.636 -737.411 -1034.22 -1168.27 -1194.33 -1281.99 -1246.59 -1196.12 -1216.08 -1221.96 -1196.49 -1188.57 -1197.15 -1193.3 -1205.82 -1233.9 -1243.74 -1245.79 -1212.65 -1212.65 -1183.8 -1176.73 -1184.69 -1181.28 -1177.62 -1170.55 -1181.46 -1163.27 -1158.64 -1126.78 -1109.95 -1077.55 -1050.69 -1071.36 -1032.05 -999.463 -959.838 -923.65 -879.708 -846.529 -813.945 -819.207 -794.025 -773.621 -754.227 -739.024
-9999 0 0 0 0 0 0 0 0 0 0 0 0 0 0 0 0 0 0 0 -308.308 -377.395 -387.91 -420.048 -433.172 -459.787 -459.787 -479.106 -486.815 -449.136 -551.356 -574.255 -597.222 -631.867 -631.867 -792.415 -1051.76 -1217.31 -1287.48 -1238.45 -1212 -1272.1 -1261.18 -1212.03 -1199.26 -1207.08 -1208.26 -1235.04 -1235.04 -1268.29 -1252.82 -1220.64 -1184.18 -1189.16 -1191.04 -1195.82 -1194.47 -1204.75 -1194.5 -1206.17 -1183.04 -1176.22 -1145.74 -1163.33 -1127.78 -1110.65 -1071.36 -1037.91 -999.463 -961.952 -961.952 -925.771 -885.33 -849.697 -819.207 -795.867 -773.621 -772.428 -754.429
-9999 -9999 0 0 0 0 0 0 0 0 0 0 0 0 0 0 0 0 0 0 -344.638 -377.395 -403.643 -403.643 -426.61 -443.015 -459.42 -479.106 -426.61 -449.136 -433.096 -547.032 -574.255 -616.908 -639.875 -822.704 -1110.27 -1117.45 -1222.36 -1222.79 -1224.35 -1268.06 -1246.91 -1210.58 -1199.44 -1194.07 -1207.84 -1263.92 -1244.54 -1264.76 -1252.92 -1213.37 -1213.37 -1199.14 -1188.48 -1195.07 -1208.3 -1226.01 -1221.39 -1247.93 -1230.35 -1225.68 -1196.16 -1187.48 -1149.12 -1121.2 -1121.2 -1088.34 -1043.95 -1005.02 -968.128 -924.447 -884.432 -845.793 -845.793 -813.651 -791.837 -769.081 -748.983
-9999 -9999 0 0 0 0 0 0 0 0 0 0 0 0 0 0 0 0 0 0 0 -357.709 -387.238 -406.924 -420.048 -444.49 -439.734 -459.42 -472.544 -476.727 -502.073 -535.352 -570.532 -616.908 -593.941 -667.149 -877.588 -1117.45 -1225.71 -1222.79 -1250.7 -1250.7 -1266.78 -1240.95 -1218.15 -1194.07 -1245.53 -1263.92 -1302.31 -1258.39 -1283.11 -1260.56 -1246.09 -1249.6 -1203.77 -1219.43 -1210.18 -1221.46 -1242.83 -1266.84 -1244.67 -1252.58 -1225.47 -1259.9 -1220.44 -1161.76 -1120.18 -1083.81 -1044.74 -1003.9 -1003.9 -950.933 -914.068 -867.192 -839.228 -807.359 -789.692 -783.515 -765.04
-9999 -9999 -9999 0 0 0 0 0 0 0 0 0 0 0 0 0 0 0 0 0 0 -251.267 -299.168 -299.168 -381.865 -411.913 -423.329 -459.42 -452.858 -472.626 -439.734 -456.034 -439.734 -541.393 -567.693 -652.131 -931.654 -931.654 -1162.84 -1214.76 -1229.79 -1255.49 -1274.84 -1245.92 -1236.88 -1220.1 -1248.56 -1296.68 -1346.93 -1312.88 -1328.49 -1286.44 -1343.78 -1326.1 -1286.64 -1219.43 -1215.76 -1221.46 -1249.7 -1249.7 -1271.21 -1271.08 -1294.55 -1259.9 -1206.23 -1161.76 -1131.8 -1106.86 -1075.87 -1043.67 -992.896 -950.933 -900.671 -900.671 -858.814 -826.232 -803.654 -773.46 -758.319
-9999 -9999 -9999 0 0 0 0 0 0 0 0 0 0 0 0 0 0 0 0 0 0 0 0 0 0 -343.149 -254.438 -418.591 -423.329 -433.172 -294.213 -322.342 -319.076 -479.106 -422.837 -555.801 -750.511 -990.202 -1178.34 -1212.1 -1256.33 -1256.33 -1261.29 -1254.05 -1233.46 -1232.66 -1299.85 -1333.08 -1376.93 -1380.91 -1375.5 -1355.77 -1392.09 -1376.36 -1298.91 -1298.91 -1276.64 -1230.27 -1240.92 -1253.94 -1277.55 -1296.17 -1289.44 -1289.44 -1256.89 -1173.18 -1130.23 -1094.24 -1046.45 -1042.35 -1016.67 -978.757 -914.869 -887.853 -851.647 -826.232 -794.624 -794.624 -768.335
-9999 -9999 -9999 -9999 0 0 0 0 0 0 0 0 0 0 0 0 0 0 0 0 0 0 0 0 0 0 -254.438 -358.71 -423.329 -400.362 -400.362 -141.118 -261.019 -329.94 -422.837 -542.959 -750.511 -845.51 -1059.9 -1165.68 -1204 -1247.41 -1238.03 -1235.71 -1240.45 -1251.69 -1337.9 -1355.96 -1402.9 -1403.7 -1404.21 -1394.21 -1432.85 -1427.21 -1400.74 -1351.17 -1327.69 -1265.45 -1260.52 -1260.52 -1290.97 -1292.22 -1311.61 -1297.69 -1260.89 -1183.8 -1196.73 -1139.46 -1088.19 -1044.41 -997.615 -952.582 -909.256 -909.256 -871.648 -842.272 -807.996 -786.176 -765.729
-9999 -9999 -9999 -9999 -9999 0 0 0 0 0 0 0 0 0 0 0 0 0 0 0 0 0 0 0 0 0 0 0 -272.195 -357.976 -337.494 -135.776 0 0 0 0 -561.754 -913.265 -1044.37 -1128.09 -1204 -1198.99 -1234.9 -1236.43 -1240.45 -1291.79 -1337.9 -1382.85 -1382.85 -1415.46 -1417.6 -1436.43 -1432.85 -1409.53 -1400.74 -1368.78 -1364.47 -1347.79 -1285.74 -1308.8 -1290.97 -1296.93 -1282.69 -1292.76 -1274.1 -1254.19 -1169.97 -1133.51 -1081.02 -1033.55 -1023.97 -988.357 -955.497 -913.248 -880.506 -835.648 -805.413 -805.413 -780.06
-9999 -9999 -9999 -9999 -9999 0 0 0 0 0 0 0 0 0 0 0 0 0 0 0 0 0 0 0 0 0 0 0 -332.572 -315.056 -315.056 -291.077 -143.763 0 0 0 -420.722 -555.318 -825.713 -1003.57 -1114 -1179.79 -1234.43 -1257.13 -1257.13 -1298.89 -1296.37 -1313.14 -1376.69 -1420.55 -1442.9 -1456.8 -1456.8 -1416.36 -1381.89 -1388.71 -1375.38 -1414.59 -1346.19 -1436.18 -1371.1 -1307.03 -1282.69 -1285.98 -1274.1 -1205.74 -1205.74 -1141.66 -1113.51 -1066.62 -1023.97 -994.967 -955.497 -969.612 -929.23 -887.805 -840.175 -806.789 -780.06
-9999 -9999 -9999 -9999 -9999 -9999 0 0 0 0 0 0 0 0 0 0 0 0 0 0 0 0 0 0 0 0 0 0 0 -201.072 -285.527 -274.55 -100.223 -118.55 0 0 0 0 -738.706 -941.777 -1102 -1068.43 -1200.11 -1311.18 -1327.51 -1329.82 -1304.04 -1329.75 -1329.75 -1398.71 -1441.91 -1497.42 -1475.61 -1447.19 -1407.26 -1471.4 -1456.35 -1507.94 -1487.26 -1496 -1412.85 -1330.91 -1330.91 -1312.52 -1296.07 -1262.64 -1188.78 -1120.54 -1108.43 -1042.2 -1042.2 -1013.43 -1005.65 -988.201 -942.261 -888.121 -841.501 -836.033 -801.707
-9999 -9999 -9999 -9999 -9999 -9999 0 0 0 0 0 0 0 0 0 0 0 0 0 0 0 0 0 0 0 0 0 0 -70.7851 -201.072 -223.188 -264.023 -272.403 -118.55 -75.4199 0 0 0 0 -676.857 -853.529 -1068.43 -1170.99 -1311.18 -1303.54 -1344.22 -1350.39 -1332.85 -1370.07 -1403.56 -1432.23 -1391.54 -1445.69 -1466.34 -1485.79 -1509.16 -1510.08 -1535.81 -1533.12 -1533.68 -1518.31 -1444.14 -1358.49 -1334.07 -1307.32 -1285.51 -1285.51 -1125.68 -1085.8 -1090.78 -1027.01 -1063.22 -1031.63 -1031.68 -983.668 -926.582 -879.095 -832.339 -797.45
-9999 -9999 -9999 -9999 -9999 -9999 -9999 0 0 0 0 0 0 0 0 0 0 0 0 0 0 0 0 0 0 0 0 0 0 -127.861 -179.604 -246.155 -278.965 -278.965 -251.496 -78.1711 0 0 0 0 0 -802.297 -965.838 -1155.92 -1242.23 -1334.98 -1356.65 -1350.14 -1375.52 -1397.68 -1385.77 -1391.54 -1410.75 -1466.34 -1501.66 -1501.66 -1512.06 -1524.06 -1529.85 -1533.68 -1487.48 -1444.14 -1420.16 -1371.38 -1347.11 -1325.07 -1245.15 -1125.68 -1088.33 -1140.98 -1135.43 -1150.73 -1097.22 -1008.34 -971.419 -921.429 -877.57 -877.976 -835.527
-9999 -9999 -9999 -9999 -9999 -9999 -9999 0 0 0 0 0 0 0 0 0 0 0 0 0 0 0 0 0 0 0 0 0 0 63.1483 0 -155.9 -217.966 -279.72 -298.063 -224.159 -91.8419 -91.8419 0 0 0 0 -953.999 -1115.67 -1122.87 -1240.29 -1316 -1361.48 -1373.68 -1388.79 -1349.36 -1349.36 -1352.92 -1396.21 -1451.13 -1493.87 -1500.63 -1514.15 -1494.19 -1494.19 -1445.91 -1435.84 -1406.01 -1369.28 -1350.24 -1326.42 -1311.56 -1197.61 -1109.21 -1140.98 -1195.64 -1150.73 -1051.14 -1051.14 -1000.06 -965.412 -920.849 -877.976 -833.941
-9999 -9999 -9999 -9999 -9999 -9999 -9999 -9999 0 0 0 0 0 0 0 0 0 0 0 0 0 0 0 0 0 0 0 0 0 0 0 -68.5259 -217.966 -187.557 -255.998 -330.17 -367.375 -220.477 -200.482 0 0 0 0 -907.089 -1136.35 -1248.6 -1312.85 -1354.48 -1341.09 -1359.02 -1301.35 -1314.41 -1360.13 -1402.33 -1447.84 -1447.84 -1462.88 -1479.14 -1453.71 -1457.17 -1421.89 -1415.71 -1406.25 -1387.91 -1354.9 -1344.37 -1284.69 -1167.86 -1167.65 -1167.65 -1312.15 -1235.65 -1128.43 -1043.84 -1005.3 -962.711 -923.315 -923.315 -874.799
-9999 -9999 -9999 -9999 -9999 -9999 -9999 -9999 -9999 0 0 0 0 0 0 0 0 0 0 0 0 0 0 0 0 0 0 0 0 0 0 0 -9.32405 67.9781 -269.306 -364.4 -367.375 -398.909 -344.292 -247.301 0 0 0 -911.565 -911.565 -1142.39 -1246.88 -1290.98 -1341.09 -1294.64 -1301.35 -1283.84 -1315.73 -1393.05 -1417.14 -1445.35 -1456.81 -1455.89 -1437.26 -1434.73 -1432.78 -1413.94 -1396.44 -1374.24 -1350.68 -1332.21 -1329.88 -1272.5 -1254.07 -1269.03 -1321.48 -1234.95 -1122.99 -1122.99 -1067.37 -1011.91 -976.962 -924.93 -864.821
-9999 -9999 -9999 -9999 -9999 -9999 -9999 -9999 -9999 0 0 0 0 0 0 0 0 0 0 0 0 0 0 0 0 0 0 0 0 0 0 0 0 0 -58.1085 -267.871 -348.499 -443.618 -393.8 -293.893 -293.893 -100.568 0 0 -940.491 -1140.96 -1241.86 -1255.92 -1255.92 -1256.63 -1268.4 -1317.9 -1357.86 -1428.14 -1436.46 -1459.36 -1459.6 -1448.36 -1437.26 -1435.7 -1432.78 -1414.18 -1414.18 -1396.2 -1363.71 -1351.64 -1329.88 -1301.79 -1254.07 -1317.93 -1320.66 -1283.76 -1197.06 -1117.6 -1067.37 -1022.17 -981.512 -981.512 -922.251
-9999 -9999 -9999 -9999 -9999 -9999 -9999 -9999 -9999 -9999 0 0 0 0 0 0 0 0 0 0 0 0 0 0 0 0 0 0 0 0 0 0 0 0 0 -286.183 -381.315 -405.445 -469.263 -480.68 -327.455 0 0 0 0 -1014.78 -1126.66 -1204.79 -1233.92 -1279.34 -1302.53 -1355.14 -1379.68 -1450.63 -1462.61 -1472.5 -1457.76 -1434.53 -1434.53 -1421.26 -1428.93 -1411.77 -1415.3 -1350.92 -1355.35 -1346.15 -1346.15 -1343.23 -1334.74 -1326.15 -1322.48 -1260.94 -1177.91 -1189.01 -1121.21 -1086.07 -1036.52 -983.134 -922.251
-9999 -9999 -9999 -9999 -9999 -9999 -9999 -9999 -9999 -9999 0 0 0 0 0 0 0 0 0 0 0 0 0 0 0 0 0 0 0 0 0 0 0 0 0 0 0 -405.445 -502.073 -480.68 -493.929 -248.502 0 0 0 -1083.11 -1173.52 -1207.87 -1243.01 -1339 -1341.65 -1440.37 -1436.89 -1500.4 -1492.19 -1496.41 -1463.97 -1429.04 -1423.31 -1407.48 -1409.02 -1376.49 -1376.49 -1321.7 -1295.72 -1264.38 -1315.36 -1311.44 -1326.01 -1290 -1312.25 -1283.61 -1256.79 -1182.05 -1129.1 -1090.57 -1090.57 -1032.21 -976.994
-9999 -9999 -9999 -9999 -9999 -9999 -9999 -9999 -9999 -9999 -9999 0 0 0 0 0 0 0 0 0 0 0 0 0 0 0 0 0 0 0 0 0 0 0 0 0 0 0 -485.668 -534.883 -487.431 -234.105 0 0 0 0 -1126.61 -1207.87 -1303.99 -1339 -1440.79 -1440.79 -1519.01 -1501.65 -1521.78 -1496.41 -1449.62 -1429.04 -1417.08 -1409.73 -1403.58 -1393.93 -1355.75 -1299.56 -1257.24 -1213.84 -1213.84 -1195.56 -1256.61 -1238.07 -1278.64 -1253.77 -1232.08 -1198.1 -1168.21 -1115 -1079.81 -1007.62 -963.626
-9999 -9999 -9999 -9999 -9999 -9999 -9999 -9999 -9999 -9999 -9999 -9999 0 0 0 0 0 0 0 0 0 0 0 0 0 0 0 0 0 0 0 0 0 0 0 0 0 0 -485.668 -557.85 -567.693 -486.885 -330.708 0 0 0 -1155.06 -1155.06 -1270.36 -1357.22 -1454.51 -1503.41 -1520.99 -1528.75 -1513.29 -1513.29 -1491.48 -1447.09 -1425.64 -1404.18 -1447.29 -1407.35 -1367.83 -1335.1 -1267.87 -1224.32 -1159.43 -1195.56 -1181.67 -1181.67 -1172 -1232.96 -1209.18 -1198.1 -1147.2 -1115 -1089.59 -1051.28 -978.54
-9999 -9999 -9999 -9999 -9999 -9999 -9999 -9999 -9999 -9999 -9999 -9999 0 0 0 0 0 0 0 0 0 0 0 0 0 0 0 0 0 0 0 0 0 0 -147.725 0 0 0 0 -505.59 -588.189 -490.588 -393.058 0 0 0 -1043.78 -1177.86 -1298.12 -1393.43 -1475.02 -1475.02 -1481.71 -1501.81 -1508.34 -1520.69 -1513.14 -1468.81 -1481 -1463.87 -1426.6 -1410.33 -1300.43 -1297.77 -1216.75 -1216.75 -1095.88 -1077.83 -1028.19 -1101.37 -1102.88 -1170.85 -1154.83 -1154.83 -1121.62 -1117.88 -1068.6 -1023.63 -940.862
-9999 -9999 -9999 -9999 -9999 -9999 -9999 -9999 -9999 -9999 -9999 -9999 -9999 0 0 0 0 0 0 0 0 0 0 0 0 0 0 0 0 0 0 0 0 0 -93.7149 -219.907 0 0 0 -526.447 -526.447 -590.66 -526.377 -445.827 0 0 -1043.78 -1119.88 -1205.98 -1330.53 -1419.14 -1464.1 -1468.44 -1497.38 -1510.47 -1510.47 -1506.42 -1503.51 -1423.35 -1425.55 -1322.98 -1312.57 -1223.34 -1230.95 -1165.39 -1144.53 -1014.27 -1000.77 -988.206 -988.206 -945.462 -1004.06 -1031.75 -1094.19 -1072.77 -1079.2 -1040.4 -1033.7 -947.951
-9999 -9999 -9999 -9999 -9999 -9999 -9999 -9999 -9999 -9999 -9999 -9999 -9999 0 0 0 0 0 0 0 0 0 0 0 0 0 0 0 0 0 0 0 0 0 -235.766 -277.603 -277.603 0 0 0 -534.883 -603.89 -602.813 -516.388 -516.388 0 0 -1157.43 -1244.12 -1352.14 -1419.14 -1420.24 -1452.24 -1470.92 -1489.09 -1494.71 -1506.42 -1436.19 -1436.19 -1340.13 -1333.1 -1228.49 -1223.34 -1164.15 -1165.39 -1100.96 -1059.83 -995.277 -981.672 -966.648 -945.462 -950.383 -978.012 -978.012 -987.8 -1026.6 -1002.96 -988.264 -923.114
-9999 -9999 -9999 -9999 -9999 -9999 -9999 -9999 -9999 -9999 -9999 -9999 -9999 -9999 0 0 0 0 0 0 0 0 0 0 0 0 0 0 0 0 0 0 0 0 0 -272.486 -308.494 -341.304 0 0 0 0 -613.627 -612.298 -662.842 -695.652 -914.884 -1004.18 -1220.07 -1306.97 -1356.38 -1401.83 -1449.34 -1479.45 -1479.45 -1479.01 -1471.86 -1364.81 -1344.78 -1269.21 -1248.67 -1157.27 -1157.27 -1098.27 -1111.67 -1054.48 -1024.92 -982.536 -974.139 -971.659 -963.231 -937.763 -933.607 -937.923 -987.8 -990.277 -990.277 -954.535 -951.037
-9999 -9999 -9999 -9999 -9999 -9999 -9999 -9999 -9999 -9999 -9999 -9999 -9999 -9999 -9999 0 0 0 0 0 0 0 0 0 0 0 0 0 0 0 0 0 0 0 0 -272.486 -309.701 -370.833 -370.833 0 0 0 -603.784 -580.817 -519.034 0 0 -1119.75 -1239.9 -1298.07 -1349.69 -1338.59 -1395.06 -1462.84 -1484.85 -1480.4 -1415.16 -1304.3 -1304.3 -1232.67 -1207.38 -1117.72 -1096.44 -1057.57 -1066.19 -1012.72 -1006.68 -983.534 -976.698 -968.148 -957.8 -923.328 -914.054 -885.633 -904.362 -907.696 -939.982 -892.959 -899.71
-9999 -9999 -9999 -9999 -9999 -9999 -9999 -9999 -9999 -9999 -9999 -9999 -9999 -9999 -9999 0 0 0 0 0 0 0 0 0 0 0 0 0 0 0 0 0 0 0 0 -233.303 -344.039 -370.833 -390.519 0 0 0 0 -580.817 -406.127 0 0 0 -1146.52 -1223.37 -1278.44 -1338.59 -1400.85 -1462.84 -1464.7 -1495.23 -1453.47 -1356.75 -1268.32 -1202.77 -1160.91 -1077.9 -1077.9 -1024.85 -1011.31 -972.262 -981.017 -972.786 -978.319 -971.981 -963.318 -916.77 -888.164 -847.845 -880.692 -878 -878 -865.903 -868.802
-9999 -9999 -9999 -9999 -9999 -9999 -9999 -9999 -9999 -9999 -9999 -9999 -9999 -9999 -9999 -9999 0 0 0 0 0 0 0 0 0 0 0 0 0 0 0 0 0 0 0 -276.125 -275.684 -350.242 -406.924 -414.806 0 0 -548.007 -548.007 -437.056 0 0 0 -1146.64 -1192.43 -1254 -1254 -1326.85 -1408.69 -1456.25 -1484.9 -1426.4 -1332.5 -1331.26 -1258.56 -1171.67 -1124.85 -1051.35 -1024.85 -976.152 -976.152 -931.413 -955.191 -955.404 -971.981 -938.999 -916.77 -865.967 -825.904 -810.287 -852.493 -857.472 -865.903 -849.783
-9999 -9999 -9999 -9999 -9999 -9999 -9999 -9999 -9999 -9999 -9999 -9999 -9999 -9999 -9999 -9999 0 0 0 0 0 0 0 0 0 0 0 0 0 0 0 0 0 0 0 0 -297.412 -370.118 -429.891 -445.504 -452.858 -488.949 -534.883 -538.164 -423.629 0 0 0 0 -1123.43 -1169.51 -1243.29 -1342.65 -1407.63 -1403.94 -1440.37 -1432.13 -1410 -1308 -1244.87 -1142.01 -1142.01 -1065.88 -1021.27 -949.288 -936.665 -902.809 -924.796 -910.699 -910.699 -891.244 -894.325 -795.602 -773.25 -817.807 -843.103 -847.648 -847.727 -830.881
-9999 -9999 -9999 -9999 -9999 -9999 -9999 -9999 -9999 -9999 -9999 -9999 -9999 -9999 -9999 -9999 -9999 0 0 0 0 0 0 0 0 0 0 0 0 0 0 0 0 0 0 0 0 0 -387.238 -420.048 -452.858 0 -534.883 -556.586 -532.045 -500.627 -633.661 0 -989.697 -1100.84 -1208.88 -1208.88 -1298.41 -1354.16 -1395.18 -1424.09 -1401.03 -1365.67 -1301.07 -1259.21 -1157 -1110.61 -1030.1 -991.453 -916.891 -916.891 -894.934 -889.765 -869.39 -874.641 -840.971 -828.612 -799.893 -786.673 -854.673 -857.144 -842.445 -834.88 -815.442
-9999 -9999 -9999 -9999 -9999 -9999 -9999 -9999 -9999 -9999 -9999 -9999 -9999 -9999 -9999 -9999 -9999 0 0 0 0 0 0 0 0 0 0 0 0 0 0 0 0 0 0 0 0 -258.993 -351.147 0 0 0 -494.521 -567.288 -524.899 -582.363 -633.661 -647.747 -742.765 -974.162 -1111.21 -1235.55 -1298.41 -1354.13 -1354.13 -1377.68 -1399.39 -1339.72 -1301.07 -1192.86 -1157 -1094.97 -1067.89 -1008.29 -970.287 -910.754 -879.573 -873.252 -838.242 -838.242 -811.96 -803.712 -807.963 -837.024 -863.428 -855.057 -836.997 -825.936 -802.185
-9999 -9999 -9999 -9999 -9999 -9999 -9999 -9999 -9999 -9999 -9999 -9999 -9999 -9999 -9999 -9999 -9999 -9999 0 0 0 0 0 0 0 0 0 0 0 0 0 0 0 0 0 0 0 0 0 0 0 0 -549.789 -551.44 -564.35 -580.817 -600.503 -626.751 -737.954 -972.181 -972.181 -1068.57 -1215.87 -1248.47 -1324.61 -1313.95 -1342.6 -1243.93 -1243.93 -1136.93 -1118.65 -1041.02 -1029.31 -988.846 -954.001 -918.628 -888.156 -856.865 -848.883 -819.425 -811.96 -801.478 -801.478 -837.12 -864.363 -846.775 -836.997 -808.617 -802.185
