gis_data/PP1766_DIS_Layer8_Top_ASCII.txt
ncols         308
nrows         431
xllcorner     -321143.35392317
yllcorner     1277883.4776336
cellsize      1609.334
NODATA_value  -9999
[rows 105 to 139 of 431, columns 79 to 157 of 308]
-635.165 -645.008 -661.413 -661.413 -674.537 -681.099 -687.661 -697.504 -700.785 -700.785 -700.785 -700.785 -697.504 -697.504 -694.223 -697.504 -700.785 -704.066 -704.066 -687.661 0 -585.105 0 0 0 0 0 -133.556 -661.982 -684.38 -684.38 -681.099 -684.38 -677.818 -682.186 -677.818 -674.537 -674.537 -668.653 -667.975 -669.823 -654.625 -651.57 -640.989 0 0 0 0 0 0 0 0 0 0 0 0 0 0 0 0 0 0 0 0 0 0 0 -9999 -9999 -9999 -9999 -9999 -9999 -9999 -9999 -9999 -9999 -9999 -9999
-618.76 -644.206 -653.972 -667.975 -674.537 -681.099 -687.661 -687.661 -694.223 -700.785 -704.066 -700.785 -697.504 -697.504 -697.504 -694.223 -700.785 -700.785 -704.066 0 0 0 0 0 0 0 -146.479 -537.034 -668.395 -668.395 -687.661 -684.38 -684.38 -687.661 -686.486 -677.818 -681.099 -677.818 -674.537 -664.694 -661.413 -649.901 -592.304 -592.304 -590.74 0 0 0 0 0 0 0 0 0 0 0 0 0 0 0 0 0 0 0 0 0 0 0 -9999 -9999 -9999 -9999 -9999 -9999 -9999 -9999 -9999 -9999 -9999
-628.603 -643.064 -654.851 -648.289 -664.694 -677.818 -684.38 -690.942 -694.223 -700.785 -704.066 -704.066 -704.066 -700.785 -697.504 -700.785 -700.785 -700.785 -700.785 -704.066 0 0 0 0 0 0 0 -479.374 -601.487 -687.661 -687.661 -685.982 -685.982 -684.38 -694.223 -684.476 -681.099 -684.38 -671.256 -658.132 -658.132 -640.621 -630.061 -622.041 0 0 0 0 0 0 0 0 0 0 0 0 0 0 0 0 0 0 0 0 0 0 0 0 -9999 -9999 -9999 -9999 -9999 -9999 -9999 -9999 -9999 -9999 -9999
-618.76 -625.322 -635.52 -651.57 -667.975 -680.159 -684.38 -684.38 -687.661 -697.504 -700.785 -707.347 -704.066 -704.066 -704.066 -700.785 -700.785 -710.628 -700.785 -684.69 -639.566 -595.793 -257.579 -451.774 0 -573.656 -239.054 -654.275 -687.661 -694.223 -690.942 -690.942 -690.942 -686.095 -694.223 -684.38 -684.38 -684.38 -679.43 -658.34 -658.132 -643.72 -630.061 -631.792 -628.461 0 0 0 0 0 0 0 0 0 0 0 0 0 0 0 0 0 0 0 0 0 0 0 0 -9999 -9999 -9999 -9999 -9999 -9999 -9999 -9999 -9999 -9999
-608.917 -625.322 -638.446 -645.008 -658.132 -664.694 -677.818 -681.099 -690.942 -697.504 -697.504 -704.066 -710.628 -710.628 -707.347 -704.066 -700.785 -704.066 -704.066 -707.347 -703.799 -687.976 -432.163 -625.53 -376.253 -700.785 -530.989 -675.464 -694.223 -694.223 -694.223 -690.942 -690.942 -690.942 -690.942 -694.223 -684.38 -677.818 -667.975 -667.975 -664.694 -656.51 -628.603 -648.289 -635.165 0 0 0 0 0 0 0 0 0 0 0 0 0 0 0 0 0 0 0 0 0 0 0 0 0 -9999 -9999 -9999 -9999 -9999 -9999 -9999 -9999 -9999
-589.231 -612.198 -635.165 -645.008 -658.132 -664.694 -671.256 -671.256 -681.099 -690.942 -700.785 -704.066 -710.628 -710.628 -710.628 -710.628 -704.066 -704.066 -700.785 -707.347 -704.925 -704.925 -707.347 -670.684 -700.785 -704.066 -687.661 -700.785 -698.469 -700.785 -697.504 -694.223 -694.223 -690.942 -697.504 -687.453 -687.453 -679.902 -667.975 -667.975 -671.256 -664.694 -654.851 -647.92 -595.793 0 0 0 0 0 0 0 0 0 0 0 0 0 0 0 0 0 0 0 0 0 0 0 0 0 -9999 -9999 -9999 -9999 -9999 -9999 -9999 -9999 -9999
-592.512 -612.198 -631.884 -631.884 -638.446 -648.289 -651.57 -667.975 -674.537 -687.661 -687.661 -700.785 -710.628 -713.909 -710.628 -710.628 -700.785 -700.785 -704.066 -710.628 -710.628 -710.628 -710.628 -704.066 -710.628 -710.628 -707.347 -704.066 -700.785 -700.785 -697.504 -694.223 -694.223 -694.223 -690.942 -691.252 -696.591 -679.902 -677.818 -677.818 -671.256 -667.975 -664.891 -647.92 -612.004 0 0 0 0 0 0 0 0 0 0 0 0 0 0 0 0 0 0 0 0 0 0 0 0 0 0 -9999 -9999 -9999 -9999 -9999 -9999 -9999 -9999
-515.646 -569.545 -599.074 -622.041 -625.322 -636.511 -651.57 -651.57 -667.105 -674.537 -687.661 -704.066 -713.909 -713.909 -713.909 -710.628 -704.066 -707.347 -697.504 -710.628 -710.628 -710.628 -710.628 -710.628 -713.909 -710.628 -710.628 -704.066 -707.347 -704.066 -700.785 -700.785 -697.504 -694.223 -699.65 -682.371 -687.661 -684.38 -681.099 -674.537 -674.537 -670.389 -664.694 -664.694 -651.57 0 0 0 0 0 0 0 0 0 0 0 0 0 0 0 0 0 0 0 0 0 0 0 0 0 0 -9999 -9999 -9999 -9999 -9999 -9999 -9999 -9999
-515.646 -507.206 -599.074 -586.568 -615.479 -615.479 -631.884 -654.851 -667.105 -681.099 -681.099 -690.942 -707.347 -712.256 -710.628 -710.628 -704.066 -704.066 -710.628 -700.785 -710.628 -710.628 -713.909 -713.909 -713.909 -713.909 -713.909 -710.628 -707.347 -704.066 -700.785 -700.785 -700.785 -700.785 -699.271 -690.942 -687.661 -689.713 -684.38 -684.38 -684.38 -674.537 -674.537 -651.57 -638.446 -638.446 -638.446 0 0 0 0 0 0 0 0 0 0 0 0 0 0 0 0 0 0 0 0 0 0 0 0 0 -9999 -9999 -9999 -9999 -9999 -9999 -9999
-470.832 -499.906 -554.196 -566.119 -592.512 -618.76 -635.165 -635.165 -658.132 -674.537 -682.346 -694.223 -707.347 -710.628 -710.628 -713.909 -710.628 -710.628 -710.628 -704.066 -710.628 -713.909 -713.909 -713.909 -713.909 -713.909 -713.909 -710.628 -710.628 -710.628 -704.066 -704.066 -700.785 -702.708 -700.213 -700.785 -694.223 -690.942 -684.38 -684.38 -677.98 -677.818 -674.537 -674.537 -663.287 -638.446 -638.446 -594.021 0 0 0 0 0 0 0 0 0 0 0 0 0 0 0 0 0 0 0 0 0 0 0 0 0 -9999 -9999 -9999 -9999 -9999 -9999
0 -279.037 -432.767 -485.895 -549.168 -605.636 -628.603 -645.008 -658.132 -674.537 -674.537 -687.661 -700.785 -710.628 -713.909 -717.19 -710.628 -713.909 -713.909 -707.347 -707.347 -713.909 -713.909 -713.909 -713.909 -713.909 -713.909 -717.19 -713.909 -710.628 -705.013 -704.066 -704.066 -704.066 -697.504 -704.066 -694.223 -690.942 -684.38 -684.38 -687.895 -678.855 -677.064 -674.245 -663.287 -654.286 -654.286 -617.712 -608.917 0 0 0 0 0 0 0 0 0 0 0 0 0 0 0 0 0 0 0 0 0 0 0 0 -9999 -9999 -9999 -9999 -9999 -9999
-268.761 -182.469 -255.475 -393.773 -549.859 -592.512 -592.512 -586.282 -627.896 -651.57 -674.537 -687.661 -704.066 -713.909 -713.909 -720.471 -717.19 -713.909 -713.909 -710.628 -710.628 -707.347 -710.628 -713.909 -717.19 -717.19 -717.19 -713.909 -713.909 -713.909 -710.628 -707.347 -704.066 -700.785 -700.785 -704.066 -697.504 -694.223 -690.942 -687.234 -689.959 -677.818 -674.537 -664.694 -662.922 -641.727 -635.165 -628.603 0 0 0 0 0 0 0 0 0 0 0 0 0 0 0 0 0 0 0 0 0 0 0 0 0 0 -9999 -9999 -9999 -9999 -9999
-214.261 -182.469 -444.867 -444.867 -392.914 -540.445 -553.14 -586.282 -616.061 -651.57 -645.008 -671.256 -680.666 -704.066 -717.19 -720.471 -713.909 -713.909 -720.471 -713.909 -713.909 -710.628 -710.628 -714.697 -720.471 -720.471 -720.471 -720.471 -717.19 -713.909 -710.628 -704.329 -704.329 -704.066 -704.066 -704.066 -700.785 -694.223 -704.066 -694.223 -694.223 -677.818 -668.447 -664.694 -658.132 -645.008 -645.008 -610.525 -598.131 0 0 0 0 0 0 0 0 0 0 0 0 0 0 0 0 0 0 0 0 0 0 0 0 0 -9999 -9999 -9999 -9999 -9999
-297.599 -389.09 -36.0992 -190 -392.582 -503.377 -474.385 -523.611 -576.107 -615.476 -638.446 -664.694 -694.223 -713.909 -715.465 -717.19 -723.752 -720.471 -717.19 -713.909 -713.909 -713.909 -713.909 -713.909 -717.19 -720.471 -720.471 -720.471 -720.471 -717.19 -713.909 -710.628 -707.347 -704.066 -717.19 -717.19 -704.066 -699.706 -703.924 -688.933 -684.38 -677.893 -667.975 -667.975 -661.413 -654.851 -652.783 -589.231 -566.272 0 0 0 0 0 0 0 0 0 0 0 0 0 0 0 0 0 0 0 0 0 0 0 0 0 0 -9999 -9999 -9999 -9999
-20.6083 67.0038 13.1412 13.1412 -270.501 -290.524 -471.115 -529.483 -569.545 -608.917 -595.793 -628.603 -667.975 -700.785 -720.471 -720.471 -723.752 -723.752 -723.752 -720.471 -720.471 -717.19 -713.909 -710.628 -713.909 -713.909 -720.471 -712.602 -720.716 -716.701 -713.909 -710.628 -710.628 -710.628 -704.066 -705.378 -707.347 -710.628 -694.223 -694.223 -685.012 -684.804 -674.537 -667.975 -667.975 -654.851 -652.008 -651.57 -631.884 0 0 0 0 0 0 0 0 0 0 0 0 0 0 0 0 0 0 0 0 0 0 0 0 0 0 0 -9999 -9999 -9999
-257.003 209.461 20.767 -280.817 -270.501 -363.386 -349.658 -446.487 -523.611 -566.264 -579.388 -627.698 -667.975 -700.785 -707.347 -727.946 -723.752 -723.752 -723.752 -720.471 -720.471 -720.471 -717.19 -710.628 -713.909 -720.471 -720.471 -720.471 -723.752 -720.471 -713.909 -710.628 -713.909 -710.628 -700.785 -700.785 -722.041 -707.347 -704.066 -697.504 -684.38 -677.818 -681.823 -681.823 -664.816 -654.848 -648.289 -641.727 -612.198 0 0 0 0 0 0 0 0 0 0 0 0 0 0 0 0 0 0 0 0 0 0 0 0 0 0 0 -9999 -9999 -9999
-50.2843 -105.974 -185.535 193.441 -73.5313 -225.621 -349.658 -433.697 -523.611 -540.016 -540.016 -589.231 -628.283 -677.818 -707.347 -723.752 -723.752 -723.752 -723.752 -723.752 -722.555 -723.752 -717.19 -720.471 -720.471 -713.909 -723.752 -720.471 -723.752 -720.471 -717.19 -713.909 -713.909 -713.909 -710.628 -710.628 -710.628 -711.189 -697.141 -697.141 -694.223 -690.942 -677.818 -674.537 -661.163 -654.258 -658.132 -645.008 -598.742 -608.917 0 0 0 0 0 0 0 0 0 0 0 0 0 0 0 0 0 0 0 0 0 0 0 0 0 0 0 -9999 -9999
-180.054 175.264 262.704 249.625 -83.6575 -215.679 -215.679 -332.415 -425.181 -489.258 -546.578 -596.52 -638.71 -651.57 -694.223 -713.909 -723.752 -723.752 -723.752 -723.752 -723.752 -723.752 -723.752 -713.909 -714.537 -723.752 -723.752 -723.752 -723.752 -723.752 -720.471 -719.729 -713.909 -715.68 -710.628 -710.628 -711.003 -711.789 -700.785 -698.028 -694.223 -677.818 -677.818 -677.818 -664.694 -671.256 -658.132 -625.957 -634.683 -589.441 -563.7 0 0 0 0 0 0 0 0 0 0 0 0 0 0 0 0 0 0 0 0 0 0 0 0 0 0 -9999 -9999
8.00173 261.501 261.501 95.369 227.537 -61.0302 -176.083 -370.965 -438.305 -478.907 -478.907 -540.773 -592.527 -654.851 -687.661 -700.785 -717.19 -713.909 -723.752 -723.752 -723.752 -720.471 -720.471 -720.471 -720.471 -723.752 -723.752 -723.752 -723.752 -720.471 -723.752 -717.19 -717.19 -717.19 -713.909 -713.909 -710.628 -707.347 -704.066 -700.785 -697.504 -690.942 -684.38 -680.19 -674.537 -667.975 -667.975 -654.851 -644.893 -625.322 -563.7 0 0 0 0 0 0 0 0 0 0 0 0 0 0 0 0 0 0 0 0 0 0 0 0 0 0 0 -9999
306.025 187.647 434.623 95.369 125.052 -61.0302 -5.21301 -220.302 -353.011 -421.9 -487.52 -540.773 -608.917 -612.198 -654.851 -674.537 -694.223 -713.909 -723.752 -723.752 -723.752 -723.752 -717.19 -720.471 -723.752 -723.752 -723.752 -727.033 -727.033 -723.752 -723.752 -723.752 -720.471 -715.733 -713.909 -713.909 -730.314 -719.568 -704.066 -697.504 -694.223 -684.38 -684.38 -677.818 -671.256 -667.975 -665.991 -651.816 -637.732 -587.342 -587.342 -579.758 0 0 0 0 0 0 0 0 0 0 0 0 0 0 0 0 0 0 0 0 0 0 0 0 0 0 -9999
397.469 206.178 554.863 360.577 45.3633 -75.8704 -27.0152 -278.393 -344.676 -425.181 -431.743 -497.234 -556.724 -612.198 -648.289 -674.537 -694.223 -694.223 -720.471 -730.314 -723.752 -723.752 -713.909 -720.471 -723.752 -723.752 -723.752 -730.314 -727.033 -723.752 -723.752 -723.752 -723.752 -722.071 -717.19 -725.681 -722.119 -710.628 -701.727 -697.504 -698.247 -691.063 -684.38 -674.537 -667.975 -658.132 -658.132 -645.389 -625.281 -624.086 -608.917 0 0 0 0 0 0 0 0 0 0 0 0 0 0 0 0 0 0 0 0 0 0 0 0 0 0 0 0
-6.53105 147.242 388.345 0 202.385 100.691 212.802 -21.7999 -257.84 -365.536 -448.148 -500.644 -569.545 -569.545 -630.969 -654.851 -688.819 -704.066 -723.752 -727.033 -723.752 -723.752 -720.471 -720.471 -723.752 -723.752 -730.314 -730.314 -730.314 -727.033 -727.033 -723.752 -733.145 -723.752 -717.19 -717.19 -713.909 -713.909 -704.066 -697.504 -694.223 -691.063 -687.661 -684.38 -677.818 -674.537 -658.132 -645.389 -629.998 -629.998 -604.515 -599.074 -559.702 0 0 0 0 0 0 0 0 0 0 0 0 0 0 0 0 0 0 0 0 0 0 0 0 0 0
-277.352 222.819 -14.2992 0 0 363.602 -11.6246 -127.017 -318.422 -382.528 -394.356 -488.04 -534.018 -599.074 -658.132 -679.948 -710.628 -710.628 -723.752 -723.752 -727.682 -723.752 -723.752 -728.071 -721.723 -720.471 -730.314 -730.314 -730.314 -730.314 -727.033 -727.033 -723.752 -723.752 -720.471 -720.471 -717.19 -710.628 -704.066 -704.066 -700.785 -700.776 -687.672 -677.818 -667.975 -658.132 -653.144 -648.289 -631.884 -618.76 -594.846 -576.107 0 0 0 0 0 0 0 0 0 0 0 0 0 0 0 0 0 0 0 0 0 0 0 0 0 0 0
0 -299.439 -14.2992 0 0 236.23 236.23 -101.337 -18.8396 -359.12 -394.356 -437.971 -534.018 -517.374 -628.718 -684.38 -694.223 -720.471 -723.752 -730.314 -730.314 -727.033 -727.033 -723.752 -720.471 -723.752 -730.314 -730.314 -730.314 -730.314 -730.314 -730.314 -723.752 -720.471 -720.471 -720.471 -723.752 -717.19 -710.628 -700.785 -700.785 -694.223 -694.223 -684.38 -674.537 -664.694 -654.851 -645.008 -625.534 -625.534 -610.076 -598.949 -546.797 0 0 0 0 0 0 0 0 0 0 0 0 0 0 0 0 0 0 0 0 0 0 0 0 0 0
0 -339.875 -339.875 139.043 0 0 -106.395 -127.702 -253.616 -217.674 -396.283 -421.9 -421.769 -531.893 -658.664 -698.342 -710.628 -712.801 -723.752 -727.033 -727.033 -730.314 -727.033 -723.703 -723.703 -723.752 -725.052 -730.314 -730.314 -730.314 -730.314 -730.314 -727.033 -723.752 -720.471 -720.471 -723.752 -718.466 -718.466 -708.256 -707.347 -700.785 -687.661 -684.38 -667.975 -658.132 -654.851 -645.008 -634.059 -618.76 -610.383 -581.973 0 0 0 0 0 0 0 0 0 0 0 0 0 0 0 0 0 0 0 0 0 0 0 0 0 0 0
0 -239.803 -369.404 0 0 126.903 126.903 50.1816 -204.857 -259.492 -376.188 -474.396 -400.244 -450.059 -551.843 -684.38 -700.785 -713.909 -723.752 -727.033 -727.033 -727.033 -730.314 -727.033 -720.471 -723.752 -723.752 -730.314 -730.314 -730.314 -727.033 -730.314 -730.314 -723.819 -720.471 -723.752 -723.752 -720.471 -713.909 -710.628 -707.347 -697.504 -697.504 -684.38 -677.818 -664.694 -654.851 -645.008 -634.059 -628.603 -608.917 -598.763 0 0 0 0 0 0 0 0 0 0 0 0 0 0 0 0 0 0 0 0 0 0 0 0 0 0 0
0 -239.803 -323.721 -392.371 0 0 116.982 50.1816 -169.694 -257.253 -312.294 -442.121 -450.509 -527.982 -543.519 -671.32 -697.972 -700.785 -717.19 -725.44 -727.033 -727.033 -727.033 -730.314 -730.314 -727.033 -726.067 -723.752 -727.033 -730.314 -730.314 -730.314 -731.255 -720.915 -723.752 -723.752 -723.752 -717.19 -717.19 -710.628 -707.347 -704.066 -691.271 -684.38 -674.537 -674.537 -674.537 -648.848 -645.115 -628.603 -618.76 -538.971 -483.267 -404.67 -404.295 0 0 0 0 0 0 0 0 0 0 0 0 0 0 0 0 0 0 0 0 0 0 0 0
0 0 -359.561 -399.388 0 0 0 145.951 -87.0068 -257.253 -392.371 -442.121 -479.526 -479.526 -603.077 -622.041 -667.975 -700.785 -720.471 -725.44 -720.471 -723.752 -727.033 -726.859 -727.033 -727.033 -728.081 -728.081 -717.19 -730.314 -730.314 -730.314 -727.033 -727.033 -724.221 -732.542 -730.314 -723.752 -713.909 -707.735 -704.066 -699.227 -699.227 -687.661 -684.333 -667.975 -650.625 -638.446 -641.727 -633.661 -635.165 -596.251 -565.141 -416.342 0 0 0 0 0 0 0 0 0 0 0 0 0 0 0 0 0 0 0 0 0 0 0 0 0
0 0 0 -362.842 -233.565 0 0 -62.96 -270.974 -270.974 -382.282 -431.743 -422.681 -398.219 -460.522 -552.731 -655.331 -655.331 -704.066 -713.909 -707.347 -713.909 -722.754 -723.752 -720.471 -723.752 -723.752 -723.752 -721.259 -730.314 -730.314 -730.314 -727.033 -731.485 -730.314 -732.542 -727.033 -723.752 -730.816 -717.19 -707.347 -704.066 -694.223 -687.661 -662.959 -667.975 -667.975 -648.492 -631.884 -619.591 -615.479 -538.622 -395.451 -559.702 0 0 0 0 0 0 0 0 0 0 0 0 0 0 0 0 0 0 0 0 0 0 0 0 0
0 0 -249.887 -394.501 -186.306 0 0 0 -25.5138 -310.015 -434.535 -480.958 -528.663 -528.663 -595.793 -560.301 -596.478 -609.051 -698.32 -707.347 -704.066 -707.347 -711.004 -720.471 -713.909 -723.752 -723.752 -723.752 -727.033 -727.033 -728.534 -733.595 -723.752 -727.033 -733.595 -733.595 -730.314 -730.314 -723.752 -713.909 -710.628 -700.785 -700.785 -685.325 -684.38 -677.818 -648.885 -645.008 -638.446 -638.446 -635.402 -609.515 -585.458 -559.702 0 0 0 0 0 0 0 0 0 0 0 0 0 0 0 0 0 0 0 0 0 0 0 0 0
0 0 0 -336.806 -424.614 0 0 0 -25.5138 -169.913 -387.816 -461.272 -477.965 -527.265 -595.793 -558.578 -507.05 -587.401 -552.016 -694.223 -697.504 -707.347 -700.785 -707.347 -707.055 -707.639 -710.628 -720.471 -720.471 -722.581 -730.314 -730.314 -730.314 -732.048 -730.314 -730.314 -733.595 -730.314 -727.033 -720.471 -710.628 -704.066 -690.942 -684.38 -654.851 -654.851 -663.276 -645.008 -654.261 -646.154 -632.151 -628.603 -471.762 -471.762 0 0 0 0 0 0 0 0 0 0 0 0 0 0 0 0 0 0 0 0 0 0 0 0 0
0 0 0 -391.569 -451.429 -454.71 0 0 0 -352.792 -429.604 -501.359 -523.611 -549.859 -532.57 -509.978 -507.05 -520.344 -552.016 -686.017 -686.017 -694.223 -694.223 -704.066 -707.055 -700.785 -710.628 -710.628 -713.909 -725.331 -720.471 -730.314 -730.314 -740.157 -730.314 -730.314 -723.752 -733.595 -727.033 -720.471 -707.347 -709.348 -697.504 -690.942 -677.818 -660.753 -644.01 -660.037 -629.906 -629.906 -618.658 -593.011 -526.25 -518.944 0 0 0 0 0 0 0 0 0 0 0 0 0 0 0 0 0 0 0 0 0 0 0 0 0
0 0 0 0 -247.88 -467.659 0 0 -113.234 -119.434 -427.537 -514.41 -533.454 -559.702 -520.33 -505.259 -505.259 -496.753 -504.517 -585.688 -687.661 -684.38 -694.223 -700.785 -700.785 -700.785 -710.628 -720.471 -723.752 -723.752 -723.752 -723.752 -727.033 -723.752 -723.752 -727.033 -723.752 -733.595 -733.595 -720.471 -713.909 -704.066 -697.504 -684.38 -677.818 -677.783 -658.132 -631.884 -644.042 -618.011 -618.658 -573.925 -526.25 -541.125 0 0 0 0 0 0 0 0 0 0 0 0 0 0 0 0 0 0 0 0 0 0 0 0 0
0 0 0 0 -415.434 -415.338 -459.762 0 0 -326.261 -478.033 -547.207 -556.421 -569.545 -572.826 -576.107 -527.919 -579.241 -598.703 -602.915 -602.915 -677.775 -684.38 -684.38 -678.287 -700.785 -713.909 -713.909 -720.471 -723.752 -723.752 -721.872 -723.752 -730.314 -730.314 -723.752 -723.752 -733.595 -730.314 -723.752 -713.909 -700.276 -700.276 -682.969 -677.818 -659.077 -654.522 -635.165 -636.907 -609.871 -605.502 -579.388 -571.685 -510.627 0 0 0 0 0 0 0 0 0 0 0 0 0 0 0 0 0 0 0 0 0 0 0 0 0
0 0 0 0 0 -415.338 -418.992 0 -328.569 -328.569 -422.217 -533.544 -569.545 -569.545 -582.669 -576.107 -589.231 -554.068 -501.629 -507.098 -630.483 -677.775 -680.914 -671.256 -671.451 -687.661 -700.785 -707.347 -720.471 -720.471 -727.033 -723.752 -727.033 -733.595 -730.314 -730.314 -730.314 -733.595 -733.595 -733.595 -723.752 -707.347 -696.069 -682.302 -667.975 -656.39 -648.666 -650.944 -618.76 -618.76 -599.074 -605.636 -561.393 -582.669 -470.466 -485.671 0 0 0 0 0 0 0 0 0 0 0 0 0 0 0 0 0 0 0 0 0 0 0
