gis_data/PP1766_DIS_Layer5_Top_ASCII.txt
ncols         308
nrows         431
xllcorner     -321143.35392317
yllcorner     1277883.4776336
cellsize      1609.334
NODATA_value  -9999
[rows 105 to 139 of 431, columns 79 to 157 of 308]
-186.165 -196.008 -212.413 -212.413 -225.537 -232.099 -238.661 -248.504 -251.785 -251.785 -251.785 -251.785 -248.504 -248.504 -245.223 -248.504 -251.785 -255.066 -255.066 -238.661 0 -136.105 0 0 0 0 0 315.444 -212.982 -235.38 -235.38 -232.099 -235.38 -228.818 -233.186 -228.818 -225.537 -225.537 -219.653 -218.975 -220.823 -205.625 -202.57 -191.989 0 0 0 0 0 0 0 0 0 0 0 0 0 0 0 0 0 0 0 0 0 0 0 -9999 -9999 -9999 -9999 -9999 -9999 -9999 -9999 -9999 -9999 -9999 -9999
-169.76 -195.206 -204.972 -218.975 -225.537 -232.099 -238.661 -238.661 -245.223 -251.785 -255.066 -251.785 -248.504 -248.504 -248.504 -245.223 -251.785 -251.785 -255.066 0 0 0 0 0 0 0 302.521 -88.0343 -219.395 -219.395 -238.661 -235.38 -235.38 -238.661 -237.486 -228.818 -232.099 -228.818 -225.537 -215.694 -212.413 -200.901 -143.304 -143.304 -141.74 0 0 0 0 0 0 0 0 0 0 0 0 0 0 0 0 0 0 0 0 0 0 0 -9999 -9999 -9999 -9999 -9999 -9999 -9999 -9999 -9999 -9999 -9999
-179.603 -194.064 -205.851 -199.289 -215.694 -228.818 -235.38 -241.942 -245.223 -251.785 -255.066 -255.066 -255.066 -251.785 -248.504 -251.785 -251.785 -251.785 -251.785 -255.066 0 0 0 0 0 0 0 -30.374 -152.487 -238.661 -238.661 -236.982 -236.982 -235.38 -245.223 -235.476 -232.099 -235.38 -222.256 -209.132 -209.132 -191.621 -181.061 -173.041 0 0 0 0 0 0 0 0 0 0 0 0 0 0 0 0 0 0 0 0 0 0 0 0 -9999 -9999 -9999 -9999 -9999 -9999 -9999 -9999 -9999 -9999 -9999
-169.76 -176.322 -186.52 -202.57 -218.975 -231.16 -235.38 -235.38 -238.661 -248.504 -251.785 -258.347 -255.066 -255.066 -255.066 -251.785 -251.785 -261.628 -251.785 -235.69 -190.566 -146.793 191.421 -2.77429 0 -124.656 209.946 -205.275 -238.661 -245.223 -241.942 -241.942 -241.942 -237.095 -245.223 -235.38 -235.38 -235.38 -230.43 -209.34 -209.132 -194.72 -181.061 -182.792 -179.461 0 0 0 0 0 0 0 0 0 0 0 0 0 0 0 0 0 0 0 0 0 0 0 0 -9999 -9999 -9999 -9999 -9999 -9999 -9999 -9999 -9999 -9999
-159.917 -176.322 -189.446 -196.008 -209.132 -215.694 -228.818 -232.099 -241.942 -248.504 -248.504 -255.066 -261.628 -261.628 -258.347 -255.066 -251.785 -255.066 -255.066 -258.347 -254.799 -238.976 16.8365 -176.53 72.7465 -251.785 -81.9895 -226.464 -245.223 -245.223 -245.223 -241.942 -241.942 -241.942 -241.942 -245.223 -235.38 -228.818 -218.975 -218.975 -215.694 -207.51 -179.603 -199.289 -186.165 0 0 0 0 0 0 0 0 0 0 0 0 0 0 0 0 0 0 0 0 0 0 0 0 0 -9999 -9999 -9999 -9999 -9999 -9999 -9999 -9999 -9999
-140.231 -163.198 -186.165 -196.008 -209.132 -215.694 -222.256 -222.256 -232.099 -241.942 -251.785 -255.066 -261.628 -261.628 -261.628 -261.628 -255.066 -255.066 -251.785 -258.347 -255.925 -255.925 -258.347 -221.684 -251.785 -255.066 -238.661 -251.785 -249.469 -251.785 -248.504 -245.223 -245.223 -241.942 -248.504 -238.453 -238.453 -230.902 -218.975 -218.975 -222.256 -215.694 -205.851 -198.92 -146.793 0 0 0 0 0 0 0 0 0 0 0 0 0 0 0 0 0 0 0 0 0 0 0 0 0 -9999 -9999 -9999 -9999 -9999 -9999 -9999 -9999 -9999
-143.512 -163.198 -182.884 -182.884 -189.446 -199.289 -202.57 -218.975 -225.537 -238.661 -238.661 -251.785 -261.628 -264.909 -261.628 -261.628 -251.785 -251.785 -255.066 -261.628 -261.628 -261.628 -261.628 -255.066 -261.628 -261.628 -258.347 -255.066 -251.785 -251.785 -248.504 -245.223 -245.223 -245.223 -241.942 -242.252 -247.591 -230.902 -228.818 -228.818 -222.256 -218.975 -215.891 -198.92 -163.004 0 0 0 0 0 0 0 0 0 0 0 0 0 0 0 0 0 0 0 0 0 0 0 0 0 0 -9999 -9999 -9999 -9999 -9999 -9999 -9999 -9999
-66.6457 -120.545 -150.074 -173.041 -176.322 -187.511 -202.57 -202.57 -218.105 -225.537 -238.661 -255.066 -264.909 -264.909 -264.909 -261.628 -255.066 -258.347 -248.504 -261.628 -261.628 -261.628 -261.628 -261.628 -264.909 -261.628 -261.628 -255.066 -258.347 -255.066 -251.785 -251.785 -248.504 -245.223 -250.65 -233.371 -238.661 -235.38 -232.099 -225.537 -225.537 -221.389 -215.694 -215.694 -202.57 0 0 0 0 0 0 0 0 0 0 0 0 0 0 0 0 0 0 0 0 0 0 0 0 0 0 -9999 -9999 -9999 -9999 -9999 -9999 -9999 -9999
-66.6457 -58.206 -150.074 -137.568 -166.479 -166.479 -182.884 -205.851 -218.105 -232.099 -232.099 -241.942 -258.347 -263.256 -261.628 -261.628 -255.066 -255.066 -261.628 -251.785 -261.628 -261.628 -264.909 -264.909 -264.909 -264.909 -264.909 -261.628 -258.347 -255.066 -251.785 -251.785 -251.785 -251.785 -250.271 -241.942 -238.661 -240.713 -235.38 -235.38 -235.38 -225.537 -225.537 -202.57 -189.446 -189.446 -189.446 0 0 0 0 0 0 0 0 0 0 0 0 0 0 0 0 0 0 0 0 0 0 0 0 0 -9999 -9999 -9999 -9999 -9999 -9999 -9999
-21.8316 -50.9057 -105.196 -117.119 -143.512 -169.76 -186.165 -186.165 -209.132 -225.537 -233.346 -245.223 -258.347 -261.628 -261.628 -264.909 -261.628 -261.628 -261.628 -255.066 -261.628 -264.909 -264.909 -264.909 -264.909 -264.909 -264.909 -261.628 -261.628 -261.628 -255.066 -255.066 -251.785 -253.708 -251.213 -251.785 -245.223 -241.942 -235.38 -235.38 -228.98 -228.818 -225.537 -225.537 -214.287 -189.446 -189.446 -145.021 0 0 0 0 0 0 0 0 0 0 0 0 0 0 0 0 0 0 0 0 0 0 0 0 0 -9999 -9999 -9999 -9999 -9999 -9999
0 169.963 16.2329 -36.8947 -100.168 -156.636 -179.603 -196.008 -209.132 -225.537 -225.537 -238.661 -251.785 -261.628 -264.909 -268.19 -261.628 -264.909 -264.909 -258.347 -258.347 -264.909 -264.909 -264.909 -264.909 -264.909 -264.909 -268.19 -264.909 -261.628 -256.013 -255.066 -255.066 -255.066 -248.504 -255.066 -245.223 -241.942 -235.38 -235.38 -238.895 -229.855 -228.064 -225.245 -214.287 -205.286 -205.286 -168.712 -159.917 0 0 0 0 0 0 0 0 0 0 0 0 0 0 0 0 0 0 0 0 0 0 0 0 -9999 -9999 -9999 -9999 -9999 -9999
180.239 266.531 193.525 55.2275 -100.859 -143.512 -143.512 -137.282 -178.896 -202.57 -225.537 -238.661 -255.066 -264.909 -264.909 -271.471 -268.19 -264.909 -264.909 -261.628 -261.628 -258.347 -261.628 -264.909 -268.19 -268.19 -268.19 -264.909 -264.909 -264.909 -261.628 -258.347 -255.066 -251.785 -251.785 -255.066 -248.504 -245.223 -241.942 -238.234 -240.959 -228.818 -225.537 -215.694 -213.922 -192.727 -186.165 -179.603 0 0 0 0 0 0 0 0 0 0 0 0 0 0 0 0 0 0 0 0 0 0 0 0 0 0 -9999 -9999 -9999 -9999 -9999
234.739 266.531 4.133 4.133 56.0861 -91.4455 -104.14 -137.282 -167.061 -202.57 -196.008 -222.256 -231.666 -255.066 -268.19 -271.471 -264.909 -264.909 -271.471 -264.909 -264.909 -261.628 -261.628 -265.697 -271.471 -271.471 -271.471 -271.471 -268.19 -264.909 -261.628 -255.329 -255.329 -255.066 -255.066 -255.066 -251.785 -245.223 -255.066 -245.223 -245.223 -228.818 -219.447 -215.694 -209.132 -196.008 -196.008 -161.525 -149.131 0 0 0 0 0 0 0 0 0 0 0 0 0 0 0 0 0 0 0 0 0 0 0 0 0 -9999 -9999 -9999 -9999 -9999
151.401 59.91 412.901 259 56.4184 -54.3772 -25.385 -74.611 -127.107 -166.476 -189.446 -215.694 -245.223 -264.909 -266.465 -268.19 -274.752 -271.471 -268.19 -264.909 -264.909 -264.909 -264.909 -264.909 -268.19 -271.471 -271.471 -271.471 -271.471 -268.19 -264.909 -261.628 -258.347 -255.066 -268.19 -268.19 -255.066 -250.706 -254.924 -239.933 -235.38 -228.893 -218.975 -218.975 -212.413 -205.851 -203.783 -140.231 -117.272 0 0 0 0 0 0 0 0 0 0 0 0 0 0 0 0 0 0 0 0 0 0 0 0 0 0 -9999 -9999 -9999 -9999
428.392 516.004 462.141 462.141 178.499 158.476 -22.115 -80.4829 -120.545 -159.917 -146.793 -179.603 -218.975 -251.785 -271.471 -271.471 -274.752 -274.752 -274.752 -271.471 -271.471 -268.19 -264.909 -261.628 -264.909 -264.909 -271.471 -263.602 -271.716 -267.701 -264.909 -261.628 -261.628 -261.628 -255.066 -256.378 -258.347 -261.628 -245.223 -245.223 -236.012 -235.804 -225.537 -218.975 -218.975 -205.851 -203.008 -202.57 -182.884 0 0 0 0 0 0 0 0 0 0 0 0 0 0 0 0 0 0 0 0 0 0 0 0 0 0 0 -9999 -9999 -9999
191.997 658.461 469.767 168.183 178.499 85.6142 99.342 2.51264 -74.611 -117.264 -130.388 -178.698 -218.975 -251.785 -258.347 -278.946 -274.752 -274.752 -274.752 -271.471 -271.471 -271.471 -268.19 -261.628 -264.909 -271.471 -271.471 -271.471 -274.752 -271.471 -264.909 -261.628 -264.909 -261.628 -251.785 -251.785 -273.041 -258.347 -255.066 -248.504 -235.38 -228.818 -232.823 -232.823 -215.816 -205.848 -199.289 -192.727 -163.198 0 0 0 0 0 0 0 0 0 0 0 0 0 0 0 0 0 0 0 0 0 0 0 0 0 0 0 -9999 -9999 -9999
398.716 343.026 263.465 642.44 375.469 223.379 99.342 15.3026 -74.611 -91.016 -91.016 -140.231 -179.283 -228.818 -258.347 -274.752 -274.752 -274.752 -274.752 -274.752 -273.555 -274.752 -268.19 -271.471 -271.471 -264.909 -274.752 -271.471 -274.752 -271.471 -268.19 -264.909 -264.909 -264.909 -261.628 -261.628 -261.628 -262.189 -248.141 -248.141 -245.223 -241.942 -228.818 -225.537 -212.163 -205.258 -209.132 -196.008 -149.742 -159.917 0 0 0 0 0 0 0 0 0 0 0 0 0 0 0 0 0 0 0 0 0 0 0 0 0 0 0 -9999 -9999
268.946 624.264 711.704 698.625 365.342 233.321 233.321 116.585 23.819 -40.2579 -97.578 -147.52 -189.71 -202.57 -245.223 -264.909 -274.752 -274.752 -274.752 -274.752 -274.752 -274.752 -274.752 -264.909 -265.537 -274.752 -274.752 -274.752 -274.752 -274.752 -271.471 -270.729 -264.909 -266.68 -261.628 -261.628 -262.004 -262.789 -251.785 -249.028 -245.223 -228.818 -228.818 -228.818 -215.694 -222.256 -209.132 -176.957 -185.683 -140.441 -114.7 0 0 0 0 0 0 0 0 0 0 0 0 0 0 0 0 0 0 0 0 0 0 0 0 0 0 -9999 -9999
457.002 710.501 710.501 544.369 676.537 387.97 272.917 78.0351 10.695 -29.907 -29.907 -91.7727 -143.527 -205.851 -238.661 -251.785 -268.19 -264.909 -274.752 -274.752 -274.752 -271.471 -271.471 -271.471 -271.471 -274.752 -274.752 -274.752 -274.752 -271.471 -274.752 -268.19 -268.19 -268.19 -264.909 -264.909 -261.628 -258.347 -255.066 -251.785 -248.504 -241.942 -235.38 -231.19 -225.537 -218.975 -218.975 -205.851 -195.893 -176.322 -114.7 0 0 0 0 0 0 0 0 0 0 0 0 0 0 0 0 0 0 0 0 0 0 0 0 0 0 0 -9999
755.025 636.647 883.623 544.369 574.052 387.97 443.787 228.698 95.9895 27.1 -38.52 -91.7727 -159.917 -163.198 -205.851 -225.537 -245.223 -264.909 -274.752 -274.752 -274.752 -274.752 -268.19 -271.471 -274.752 -274.752 -274.752 -278.033 -278.033 -274.752 -274.752 -274.752 -271.471 -266.733 -264.909 -264.909 -281.314 -270.568 -255.066 -248.504 -245.223 -235.38 -235.38 -228.818 -222.256 -218.975 -216.991 -202.816 -188.732 -138.342 -138.342 -130.758 0 0 0 0 0 0 0 0 0 0 0 0 0 0 0 0 0 0 0 0 0 0 0 0 0 0 -9999
846.469 655.178 1003.86 809.577 494.363 373.13 421.985 170.607 104.324 23.819 17.257 -48.2344 -107.724 -163.198 -199.289 -225.537 -245.223 -245.223 -271.471 -281.314 -274.752 -274.752 -264.909 -271.471 -274.752 -274.752 -274.752 -281.314 -278.033 -274.752 -274.752 -274.752 -274.752 -273.071 -268.19 -276.681 -273.119 -261.628 -252.726 -248.504 -249.247 -242.063 -235.38 -225.537 -218.975 -209.132 -209.132 -196.389 -176.281 -175.086 -159.917 0 0 0 0 0 0 0 0 0 0 0 0 0 0 0 0 0 0 0 0 0 0 0 0 0 0 0 0
442.469 596.242 837.345 0 651.385 549.691 661.802 427.2 191.16 83.4642 0.85199 -51.644 -120.545 -120.545 -181.969 -205.851 -239.819 -255.066 -274.752 -278.033 -274.752 -274.752 -271.471 -271.471 -274.752 -274.752 -281.314 -281.314 -281.314 -278.033 -278.033 -274.752 -284.145 -274.752 -268.19 -268.19 -264.909 -264.909 -255.066 -248.504 -245.223 -242.063 -238.661 -235.38 -228.818 -225.537 -209.132 -196.389 -180.998 -180.998 -155.515 -150.074 -110.702 0 0 0 0 0 0 0 0 0 0 0 0 0 0 0 0 0 0 0 0 0 0 0 0 0 0
171.648 671.819 434.701 0 0 812.602 437.375 321.983 130.578 66.472 54.6438 -39.04 -85.0184 -150.074 -209.132 -230.948 -261.628 -261.628 -274.752 -274.752 -278.682 -274.752 -274.752 -279.071 -272.723 -271.471 -281.314 -281.314 -281.314 -281.314 -278.033 -278.033 -274.752 -274.752 -271.471 -271.471 -268.19 -261.628 -255.066 -255.066 -251.785 -251.776 -238.672 -228.818 -218.975 -209.132 -204.144 -199.289 -182.884 -169.76 -145.846 -127.107 0 0 0 0 0 0 0 0 0 0 0 0 0 0 0 0 0 0 0 0 0 0 0 0 0 0 0
0 149.561 434.701 0 0 685.23 685.23 347.663 430.16 89.8802 54.6438 11.0287 -85.0184 -68.3738 -179.718 -235.38 -245.223 -271.471 -274.752 -281.314 -281.314 -278.033 -278.033 -274.752 -271.471 -274.752 -281.314 -281.314 -281.314 -281.314 -281.314 -281.314 -274.752 -271.471 -271.471 -271.471 -274.752 -268.19 -261.628 -251.785 -251.785 -245.223 -245.223 -235.38 -225.537 -215.694 -205.851 -196.008 -176.534 -176.534 -161.076 -149.949 -97.7971 0 0 0 0 0 0 0 0 0 0 0 0 0 0 0 0 0 0 0 0 0 0 0 0 0 0
0 109.125 109.125 588.043 0 0 342.605 321.298 195.384 231.326 52.7167 27.1 27.2312 -82.8933 -209.664 -249.342 -261.628 -263.801 -274.752 -278.033 -278.033 -281.314 -278.033 -274.703 -274.703 -274.752 -276.052 -281.314 -281.314 -281.314 -281.314 -281.314 -278.033 -274.752 -271.471 -271.471 -274.752 -269.466 -269.466 -259.256 -258.347 -251.785 -238.661 -235.38 -218.975 -209.132 -205.851 -196.008 -185.059 -169.76 -161.383 -132.973 0 0 0 0 0 0 0 0 0 0 0 0 0 0 0 0 0 0 0 0 0 0 0 0 0 0 0
0 209.197 79.596 0 0 575.903 575.903 499.182 244.143 189.508 72.8116 -25.396 48.7559 -1.05924 -102.843 -235.38 -251.785 -264.909 -274.752 -278.033 -278.033 -278.033 -281.314 -278.033 -271.471 -274.752 -274.752 -281.314 -281.314 -281.314 -278.033 -281.314 -281.314 -274.819 -271.471 -274.752 -274.752 -271.471 -264.909 -261.628 -258.347 -248.504 -248.504 -235.38 -228.818 -215.694 -205.851 -196.008 -185.059 -179.603 -159.917 -149.763 0 0 0 0 0 0 0 0 0 0 0 0 0 0 0 0 0 0 0 0 0 0 0 0 0 0 0
0 209.197 125.279 56.629 0 0 565.982 499.182 279.306 191.747 136.706 6.87907 -1.50909 -78.9823 -94.519 -222.32 -248.972 -251.785 -268.19 -276.44 -278.033 -278.033 -278.033 -281.314 -281.314 -278.033 -277.067 -274.752 -278.033 -281.314 -281.314 -281.314 -282.255 -271.915 -274.752 -274.752 -274.752 -268.19 -268.19 -261.628 -258.347 -255.066 -242.271 -235.38 -225.537 -225.537 -225.537 -199.848 -196.115 -179.603 -169.76 -89.9711 -34.2668 44.3299 44.7052 0 0 0 0 0 0 0 0 0 0 0 0 0 0 0 0 0 0 0 0 0 0 0 0
0 0 89.439 49.6121 0 0 0 594.951 361.993 191.747 56.629 6.87907 -30.5257 -30.5257 -154.077 -173.041 -218.975 -251.785 -271.471 -276.44 -271.471 -274.752 -278.033 -277.859 -278.033 -278.033 -279.081 -279.081 -268.19 -281.314 -281.314 -281.314 -278.033 -278.033 -275.221 -283.542 -281.314 -274.752 -264.909 -258.735 -255.066 -250.227 -250.227 -238.661 -235.333 -218.975 -201.625 -189.446 -192.727 -184.661 -186.165 -147.251 -116.141 32.6583 0 0 0 0 0 0 0 0 0 0 0 0 0 0 0 0 0 0 0 0 0 0 0 0 0
0 0 0 86.158 215.435 0 0 386.04 178.026 178.026 66.7184 17.257 26.3186 50.7811 -11.5224 -103.731 -206.331 -206.331 -255.066 -264.909 -258.347 -264.909 -273.754 -274.752 -271.471 -274.752 -274.752 -274.752 -272.259 -281.314 -281.314 -281.314 -278.033 -282.486 -281.314 -283.542 -278.033 -274.752 -281.816 -268.19 -258.347 -255.066 -245.223 -238.661 -213.959 -218.975 -218.975 -199.492 -182.884 -170.591 -166.479 -89.6225 53.5494 -110.702 0 0 0 0 0 0 0 0 0 0 0 0 0 0 0 0 0 0 0 0 0 0 0 0 0
0 0 199.113 54.499 262.694 0 0 0 423.486 138.985 14.4655 -31.958 -79.6631 -79.6631 -146.793 -111.301 -147.478 -160.051 -249.32 -258.347 -255.066 -258.347 -262.004 -271.471 -264.909 -274.752 -274.752 -274.752 -278.033 -278.033 -279.534 -284.595 -274.752 -278.033 -284.595 -284.595 -281.314 -281.314 -274.752 -264.909 -261.628 -251.785 -251.785 -236.325 -235.38 -228.818 -199.885 -196.008 -189.446 -189.446 -186.402 -160.515 -136.458 -110.702 0 0 0 0 0 0 0 0 0 0 0 0 0 0 0 0 0 0 0 0 0 0 0 0 0
0 0 0 112.194 24.3856 0 0 0 423.486 279.087 61.184 -12.272 -28.9645 -78.2653 -146.793 -109.578 -58.0501 -138.401 -103.016 -245.223 -248.504 -258.347 -251.785 -258.347 -258.055 -258.639 -261.628 -271.471 -271.471 -273.581 -281.314 -281.314 -281.314 -283.048 -281.314 -281.314 -284.595 -281.314 -278.033 -271.471 -261.628 -255.066 -241.942 -235.38 -205.851 -205.851 -214.276 -196.008 -205.261 -197.154 -183.151 -179.603 -22.7617 -22.7617 0 0 0 0 0 0 0 0 0 0 0 0 0 0 0 0 0 0 0 0 0 0 0 0 0
0 0 0 57.4314 -2.42899 -5.70999 0 0 0 96.208 19.3961 -52.3591 -74.611 -100.859 -83.5703 -60.9781 -58.0501 -71.3443 -103.016 -237.017 -237.017 -245.223 -245.223 -255.066 -258.055 -251.785 -261.628 -261.628 -264.909 -276.331 -271.471 -281.314 -281.314 -291.157 -281.314 -281.314 -274.752 -284.595 -278.033 -271.471 -258.347 -260.348 -248.504 -241.942 -228.818 -211.753 -195.01 -211.037 -180.906 -180.906 -169.658 -144.011 -77.2505 -69.9438 0 0 0 0 0 0 0 0 0 0 0 0 0 0 0 0 0 0 0 0 0 0 0 0 0
0 0 0 0 201.12 -18.6592 0 0 335.766 329.566 21.4634 -65.4103 -84.454 -110.702 -71.33 -56.2594 -56.2594 -47.7528 -55.517 -136.688 -238.661 -235.38 -245.223 -251.785 -251.785 -251.785 -261.628 -271.471 -274.752 -274.752 -274.752 -274.752 -278.033 -274.752 -274.752 -278.033 -274.752 -284.595 -284.595 -271.471 -264.909 -255.066 -248.504 -235.38 -228.818 -228.783 -209.132 -182.884 -195.042 -169.011 -169.658 -124.925 -77.2505 -92.1246 0 0 0 0 0 0 0 0 0 0 0 0 0 0 0 0 0 0 0 0 0 0 0 0 0
0 0 0 0 33.5657 33.662 -10.7621 0 0 122.739 -29.0326 -98.2073 -107.421 -120.545 -123.826 -127.107 -78.9188 -130.241 -149.703 -153.915 -153.915 -228.775 -235.38 -235.38 -229.287 -251.785 -264.909 -264.909 -271.471 -274.752 -274.752 -272.872 -274.752 -281.314 -281.314 -274.752 -274.752 -284.595 -281.314 -274.752 -264.909 -251.276 -251.276 -233.969 -228.818 -210.077 -205.522 -186.165 -187.907 -160.871 -156.502 -130.388 -122.685 -61.6274 0 0 0 0 0 0 0 0 0 0 0 0 0 0 0 0 0 0 0 0 0 0 0 0 0
0 0 0 0 0 33.662 30.0084 0 120.431 120.431 26.7827 -84.5443 -120.545 -120.545 -133.669 -127.107 -140.231 -105.068 -52.6287 -58.098 -181.483 -228.775 -231.914 -222.256 -222.451 -238.661 -251.785 -258.347 -271.471 -271.471 -278.033 -274.752 -278.033 -284.595 -281.314 -281.314 -281.314 -284.595 -284.595 -284.595 -274.752 -258.347 -247.069 -233.302 -218.975 -207.39 -199.666 -201.944 -169.76 -169.76 -150.074 -156.636 -112.393 -133.669 -21.4655 -36.671 0 0 0 0 0 0 0 0 0 0 0 0 0 0 0 0 0 0 0 0 0 0 0
