gis_data/PP1766_DIS_Layer2_Top_ASCII.txt
ncols         308
nrows         431
xllcorner     -321143.35392317
yllcorner     1277883.4776336
cellsize      1609.334
NODATA_value  -9999
[rows 288 to 323 of 431, columns 160 to 239 of 308]
0 0 0 732.393 732.393 579.142 473.117 425.175 372.01 323.282 264.406 254.563 202.067 146.29 107.62 77.389 64.265 51.141 41.298 41.298 31.455 24.893 21.612 18.331 21.612 117.331 120.612 120.612 120.612 120.612 121.966 127.174 31.455 31.455 38.017 42.1037 44.579 51.141 57.703 60.984 67.546 67.546 72.3749 77.389 87.232 88.4996 97.075 103.637 103.637 106.918 113.48 120.042 126.604 133.166 136.447 136.447 146.29 152.852 255.133 264.976 274.819 281.381 274.819 281.381 291.224 291.224 291.224 300.121 278.746 305.012 301.067 306.496 307.629 320.753 330.596 343.72 360.125 360.125 392.935 415.902
0 0 0 991.383 832.507 600.162 484.233 444.861 444.861 375.134 313.621 247.978 192.224 133.166 100.053 90.513 74.108 64.265 50.9104 41.298 31.455 31.455 31.455 28.174 21.612 21.612 120.612 117.331 120.612 123.893 123.893 123.893 130.455 34.736 38.017 41.298 44.579 47.86 51.141 57.703 64.265 67.546 72.3749 80.67 80.67 87.232 90.513 97.075 103.637 108.981 113.48 113.48 123.323 126.604 133.166 139.728 146.29 152.852 258.414 258.414 264.976 271.538 274.819 279.166 284.662 287.943 284.662 291.224 291.224 297.786 294.505 297.786 307.629 307.629 317.472 0 353.563 369.968 381.074 327.426
0 0 0 0 0 1014.75 614.616 581.996 448.142 369.398 300.758 300.57 222.892 165.976 120.396 97.5042 82.5089 70.827 54.422 64.265 51.141 51.141 41.298 34.736 28.174 24.893 24.893 24.893 24.893 24.893 28.174 130.168 31.455 34.736 34.736 41.298 41.298 51.141 54.422 60.984 60.984 64.265 68.1056 74.108 80.67 87.232 90.513 97.075 97.075 103.637 106.918 113.48 123.323 126.604 133.166 125.346 238.728 238.777 255.133 258.296 264.976 268.257 268.257 262.148 281.381 276.545 278.1 278.1 249.784 249.784 284.662 290.746 294.505 304.348 0 0 350.282 350.282 351.992 360.419
0 0 0 0 0 1014.75 804.939 581.996 641.956 480.952 409.517 302.948 224.637 188.943 129.789 152.852 129.885 119.219 87.232 80.67 60.984 64.265 64.265 59.631 44.579 38.017 28.174 28.174 28.174 28.174 24.0177 28.174 31.455 31.455 31.455 41.298 45.4285 41.298 47.86 54.422 60.6109 64.265 70.827 74.5011 74.5011 80.67 87.9698 90.513 97.075 106.918 110.199 108.08 116.761 123.323 126.604 234.341 235.447 239.514 239.514 248.571 255.133 258.414 264.976 274.819 272.437 273.276 273.276 273.915 279.491 281.381 284.662 287.943 294.505 291.224 297.786 0 333.877 340.439 351.992 356.844
0 0 0 0 0 0 0 960.638 836.529 556.665 412.202 412.202 352.993 272.378 221.794 152.852 159.211 119.219 106.918 106.918 93.794 77.389 75.4639 59.631 51.141 38.017 44.579 31.455 31.455 28.174 28.174 28.174 31.455 33.1507 31.455 31.455 41.298 44.579 47.86 54.422 54.422 59.9482 64.265 70.827 74.2439 80.67 87.232 90.513 90.513 103.637 103.637 113.48 116.761 116.799 112.756 126.809 232.166 232.166 242.009 242.009 252.927 255.133 255.133 259.26 264.976 264.976 271.538 247.559 278.1 271.538 278.1 274.819 284.662 291.224 301.067 317.472 327.315 317.472 330.596 330.596
0 0 0 0 0 0 0 0 0 961.258 620.15 472.08 377.606 293.935 270.968 270.968 222.847 188.943 162.695 123.323 106.918 90.513 103.637 83.951 77.389 57.703 47.86 38.017 31.455 31.455 34.736 31.455 34.736 33.1507 34.736 31.455 41.298 41.298 44.579 48.8247 54.422 59.9482 67.546 70.827 70.6838 74.108 80.67 87.232 93.794 103.637 103.637 103.637 115.735 113.73 120.375 222.019 228.885 232.166 232.166 238.728 242.009 255.133 255.133 258.414 258.414 261.695 261.695 255.133 268.257 268.257 271.538 271.538 278.1 278.637 291.224 297.786 307.534 309.599 318.57 333.877
0 0 0 0 0 0 0 0 0 0 852.253 852.253 579.892 445.3 374.949 270.968 257.844 211.91 225.034 179.1 146.29 123.323 113.48 93.794 80.67 64.265 67.546 51.141 41.298 38.017 38.017 34.736 34.736 34.736 38.017 38.017 34.736 41.298 46.1144 51.141 51.141 57.703 60.984 67.546 70.827 77.389 81.6402 81.6402 87.232 97.075 101.584 110.199 111.314 113.73 117.922 117.922 219.042 225.604 231.262 238.728 242.009 255.133 235.447 245.974 251.852 255.133 258.414 255.133 264.976 264.976 264.976 268.257 268.257 278.1 287.943 291.224 291.224 294.505 304.348 317.472
0 0 0 0 0 0 0 0 0 0 0 928.882 579.892 506.353 374.949 379.241 295.104 277.53 231.596 182.381 156.133 136.447 143.009 120.623 106.918 85.8421 70.827 51.141 44.579 44.579 44.579 41.298 41.298 38.017 38.017 38.017 38.017 38.017 44.579 51.141 54.3341 54.1208 60.984 67.546 70.827 70.827 77.389 84.3884 90.513 93.794 97.075 97.075 99.2659 103.752 107.646 212.48 219.042 222.323 222.323 225.604 232.166 235.447 246.251 245.29 245.29 251.852 235.447 248.571 255.133 261.695 261.695 261.695 268.257 268.257 271.538 281.381 284.662 294.505 304.348 317.472
0 0 0 0 0 0 0 0 0 0 0 0 982.172 737.583 551.717 366.117 333.307 280.811 280.811 215.191 179.1 165.976 143.009 129.885 106.918 90.513 90.513 70.827 54.422 51.141 44.579 46.8624 41.298 47.86 41.298 43.4721 41.298 44.8894 44.579 51.141 48.9058 57.703 60.984 67.546 67.546 70.827 77.389 77.389 83.1902 87.232 90.513 93.794 97.075 100.356 205.918 205.918 212.48 219.042 219.042 225.604 228.885 235.447 234.641 238.728 240.089 232.166 248.571 251.852 251.852 251.852 251.852 255.133 255.133 264.976 264.976 274.819 271.538 281.381 287.943 297.786
0 0 0 0 0 0 0 0 0 0 0 0 1020.06 703.957 579.52 536.381 397.756 316.681 260.778 215.191 188.943 175.819 175.819 156.133 129.885 106.918 87.232 70.827 57.703 61.7363 54.422 51.141 47.86 47.86 47.86 47.86 47.86 47.86 47.86 47.86 48.9058 57.703 60.984 63.1717 63.1717 67.546 77.389 80.67 83.1902 82.0999 90.513 83.951 90.513 192.794 202.637 205.918 212.48 212.48 212.48 215.761 222.323 228.885 232.166 225.981 241.325 241.325 242.009 242.009 242.009 245.29 245.29 251.852 251.852 251.852 251.852 261.695 268.257 278.1 284.662 291.224
0 0 0 0 0 0 0 0 0 0 0 0 0 0 632.3 490.555 366.117 284.092 284.092 254.195 225.034 202.067 175.819 159.316 129.885 106.918 106.918 83.951 70.827 67.546 57.703 57.703 51.141 57.703 51.141 51.141 44.6597 47.86 47.86 47.86 47.86 51.141 58.9499 57.703 61.7327 67.546 74.108 70.827 77.389 80.67 80.67 186.232 189.513 196.075 202.637 202.637 202.637 205.918 212.48 215.761 222.323 225.604 225.604 232.166 232.166 238.728 242.009 238.728 242.009 235.447 245.29 242.009 248.571 248.571 251.852 261.695 261.695 264.976 274.819 278.1
0 0 0 0 0 0 0 0 0 0 0 0 0 0 716.588 716.588 452.157 323.464 274.249 254.195 231.596 202.067 198.786 179.1 149.571 129.885 100.356 80.67 74.108 77.389 70.827 67.546 63.4402 60.984 57.703 54.422 54.422 54.422 47.86 47.86 47.86 54.422 57.703 60.984 60.984 67.546 67.546 70.827 77.389 77.4517 179.67 179.67 189.513 193.15 196.075 198.727 202.637 205.918 205.918 215.761 215.761 225.604 228.37 229.774 235.447 232.166 232.166 232.166 235.447 235.447 238.728 238.728 242.009 238.728 245.29 251.852 261.695 266.676 274.819 281.381
0 0 0 0 0 0 0 0 0 0 0 0 0 0 967.226 674.02 406.957 310.34 317.412 292.479 264.341 231.596 196.463 169.257 136.447 136.447 106.918 93.583 83.951 77.389 74.108 67.546 70.4173 70.4173 67.546 60.5808 60.984 54.422 51.141 47.86 51.141 51.141 57.703 57.703 64.265 67.546 67.546 70.827 74.108 77.389 179.67 182.951 186.232 196.075 196.075 202.637 202.637 205.918 212.48 215.761 219.042 222.323 222.323 228.885 225.604 225.604 228.885 228.885 232.166 225.604 232.166 232.166 235.447 238.728 245.29 255.133 255.133 264.976 271.538 281.381
0 0 0 0 0 0 0 0 0 0 0 0 0 0 0 873.283 554.4 388.75 323.464 292.49 267.687 230.707 226.228 188.943 156.133 129.198 103.637 93.794 90.513 90.513 87.232 80.67 80.67 74.108 74.108 64.265 71.9834 64.265 57.703 51.141 54.422 51.141 54.5856 57.703 60.984 62.6296 67.819 70.827 77.389 77.389 186.232 186.232 186.232 192.794 196.075 202.637 202.637 205.918 205.918 215.761 215.761 222.323 222.323 228.885 225.604 225.604 222.323 222.323 224.058 225.604 228.885 232.166 235.447 242.009 245.29 251.852 258.414 264.976 271.538 291.224
0 0 0 0 0 0 0 0 0 0 0 0 0 0 0 767.915 555.924 375.96 391.044 350.67 307.059 261.46 218.472 185.662 146.29 146.29 116.761 103.637 103.637 97.075 97.075 87.232 87.3138 87.3138 83.951 80.67 74.108 67.546 64.265 57.703 64.265 57.703 57.703 51.2039 60.984 67.546 70.827 70.827 74.108 77.389 81.551 87.232 90.513 192.289 196.075 196.075 199.359 205.918 212.48 215.761 212.48 215.761 215.761 222.323 219.042 222.323 219.042 222.323 222.323 222.323 225.604 228.885 238.728 242.009 248.571 251.852 258.414 261.695 271.538 274.819
0 0 0 0 0 0 0 0 0 0 0 0 0 0 0 0 523.719 531.593 391.044 346.431 307.059 255.993 255.993 211.91 179.084 136.501 116.761 110.137 103.637 110.199 103.637 106.754 97.075 93.794 90.513 87.232 90.513 80.67 77.389 70.827 67.546 64.265 60.984 60.984 60.984 64.265 67.546 69.4595 77.389 83.951 83.951 83.951 82.0334 192.794 194.739 196.075 202.637 205.918 208.89 212.48 212.48 212.48 215.579 215.761 215.761 215.761 215.761 215.761 215.761 219.272 232.166 232.166 238.728 242.009 251.852 251.852 261.695 266.507 281.381 281.381
0 0 0 0 0 0 0 0 0 0 0 0 0 0 0 0 711.148 658.396 658.396 412.43 362.836 320.183 254.563 202.067 169.257 169.257 136.447 123.323 116.761 116.761 113.48 110.199 110.199 110.199 97.075 97.075 90.513 87.232 77.389 70.827 70.827 70.827 64.265 60.984 60.984 64.265 67.546 67.7061 80.67 80.67 77.389 85.8596 82.0334 189.513 189.513 194.12 199.356 205.918 205.918 212.48 209.199 209.199 212.48 212.48 209.199 212.48 212.48 212.48 222.323 222.323 228.885 232.166 242.009 245.29 255.133 258.414 264.976 268.257 278.1 284.662
0 0 0 0 0 0 0 0 0 0 0 0 0 0 0 0 0 0 579.923 474.857 395.646 310.34 310.34 266.871 210.036 168.567 136.447 129.885 124.786 136.447 126.604 126.604 116.761 113.48 103.637 103.637 103.637 97.075 90.513 80.7484 74.108 71.593 67.546 68.4263 60.984 63.6084 64.265 70.827 74.108 80.67 83.951 80.67 81.0038 186.232 189.513 196.075 199.356 205.918 205.918 202.637 202.637 207.613 212.48 209.199 209.199 205.918 209.199 209.199 215.761 222.323 228.885 238.728 238.728 248.571 251.852 261.695 271.538 274.819 284.662 291.224
0 0 0 0 0 0 0 0 0 0 0 0 0 0 0 0 0 0 0 598.625 725.785 410.263 316.908 264.406 211.91 196.84 159.414 146.29 139.728 145.923 135.682 133.166 133.166 129.885 116.761 116.218 106.918 100.356 90.513 87.232 87.232 83.951 77.389 70.827 60.984 60.984 67.546 67.546 74.108 77.389 77.389 80.67 80.67 186.232 186.232 193.586 199.356 199.113 202.637 205.918 205.918 202.637 205.918 205.918 205.918 202.637 205.071 212.48 215.761 222.323 225.604 232.166 238.728 245.29 255.133 261.695 261.695 271.538 278.1 291.224
0 0 0 0 0 0 0 0 0 0 0 0 0 0 0 0 0 0 0 0 534.592 534.592 536.05 316.902 247.006 196.84 159.414 146.29 149.571 149.571 150.214 143.009 139.728 129.885 121.347 116.218 116.761 110.199 103.637 96.3596 93.794 83.951 77.389 74.108 67.546 60.984 64.265 67.546 74.108 77.389 77.389 80.67 186.232 189.513 192.794 192.794 196.075 196.075 196.075 199.356 202.637 202.637 205.308 205.918 202.637 202.637 202.637 212.48 215.761 222.323 228.885 235.447 235.447 242.009 248.571 258.414 264.976 274.819 281.381 284.662
0 0 0 0 0 0 0 0 0 0 0 0 0 0 0 0 0 0 0 0 0 735.991 469.234 314.631 253.698 253.698 182.381 172.538 172.538 160.653 160.877 152.852 156.133 146.29 232.166 126.604 222.323 113.48 110.199 100.356 199.356 93.794 83.951 74.108 67.546 60.984 60.984 60.984 67.546 70.827 77.389 80.67 186.232 189.513 186.232 189.513 186.232 192.794 196.075 199.356 199.356 199.356 199.356 196.075 199.356 196.075 205.918 212.48 219.042 219.042 225.604 232.166 238.728 245.29 251.852 261.695 261.695 271.538 274.819 287.943
0 0 0 0 0 0 0 0 0 0 0 0 0 0 0 0 0 0 0 0 0 0 0 451.559 310.34 235.393 201.053 182.381 185.06 185.06 179.1 165.976 162.695 248.571 238.728 228.885 235.447 225.604 215.761 209.199 199.356 189.513 80.67 80.67 71.473 64.265 57.703 64.265 67.546 70.827 70.827 77.389 179.67 186.232 186.232 186.232 192.746 192.794 186.707 196.075 196.075 195.314 196.075 196.075 196.075 196.075 202.637 205.918 215.761 219.042 225.604 232.166 232.166 242.009 248.571 255.133 264.976 271.538 278.1 278.1
0 0 0 0 0 0 0 0 0 0 0 0 0 0 0 0 0 0 0 0 0 0 0 0 310.34 339.869 270.968 208.629 205.348 192.224 185.662 172.538 175.819 162.695 255.133 245.29 235.447 225.604 218.638 218.638 207.839 199.356 186.232 179.67 169.827 64.265 158.768 158.768 159.984 163.265 169.827 176.389 179.67 179.67 179.67 182.951 186.232 192.794 189.513 192.794 189.513 189.513 189.513 192.794 192.794 196.075 202.637 208.94 209.199 215.761 222.194 225.604 235.447 242.009 251.852 258.414 258.414 264.976 271.538 281.381
0 0 0 0 0 0 0 0 0 0 0 0 0 0 0 0 0 0 0 0 0 0 0 0 0 331.764 264.406 218.472 205.348 216.726 204.45 195.505 175.819 264.976 255.133 248.571 248.571 235.447 228.885 218.502 207.839 196.075 186.232 182.951 179.67 173.108 165.893 156.703 159.984 166.546 166.546 169.827 173.108 176.389 176.389 179.67 186.232 186.232 179.67 186.232 186.232 186.232 189.513 192.099 189.513 189.513 196.075 205.918 212.48 215.761 225.604 232.166 232.166 238.728 245.29 251.852 261.695 264.976 274.819 274.819
0 0 0 0 0 0 0 0 0 0 0 0 0 0 0 0 0 0 0 0 0 0 0 0 397.412 379.718 290.34 242.741 231.596 225.034 208.629 198.935 198.935 185.662 272.287 261.695 248.571 235.447 228.885 225.604 215.761 202.637 192.794 182.951 179.67 166.546 163.265 156.703 156.703 163.265 166.546 173.108 173.108 179.67 179.67 176.389 182.951 179.67 179.67 182.951 186.232 182.951 182.995 186.232 186.232 192.794 196.075 205.918 205.918 212.48 219.042 225.604 232.166 238.728 248.571 254.785 251.852 258.414 268.257 274.819
0 0 0 0 0 0 0 0 0 0 0 0 0 0 0 0 0 0 0 0 0 0 0 0 495.639 359.555 289.756 257.844 257.844 248.001 231.596 218.472 202.067 291.047 274.819 261.695 261.695 248.571 235.447 222.323 212.48 202.637 192.794 191.557 180.893 169.827 166.546 154.277 159.984 163.265 163.265 166.546 169.827 169.827 176.389 176.389 177.663 176.389 176.473 176.389 177.717 176.389 182.194 189.513 189.513 192.794 196.075 202.637 205.918 212.48 219.042 225.604 225.604 235.447 238.728 245.29 251.852 258.414 268.257 264.976
0 0 0 0 0 0 0 0 0 0 0 0 0 0 0 0 0 0 0 0 0 0 0 0 431.737 431.737 330.026 264.406 261.125 248.001 231.928 218.472 225.034 205.348 297.786 278.155 261.695 248.571 232.166 232.166 222.323 106.918 100.356 85.4102 77.389 163.265 159.984 155.611 156.703 159.984 166.546 166.546 169.827 166.546 166.546 169.827 176.389 173.108 173.108 169.827 176.389 176.389 179.67 182.951 186.232 189.513 196.075 202.637 202.637 205.918 212.48 219.042 225.604 232.166 238.728 248.571 248.571 255.133 261.695 261.695
0 0 0 0 0 0 0 0 0 0 0 0 0 0 0 0 0 0 0 0 0 0 0 0 512.599 389.182 292.061 270.968 287.373 267.687 257.844 243.012 228.315 209.846 294.505 278.1 274.819 261.695 242.009 232.166 116.761 106.918 97.075 97.075 80.67 70.827 57.703 155.611 156.703 159.984 159.984 159.984 162.622 166.546 169.827 169.827 173.108 166.546 169.827 169.827 176.389 173.108 179.67 179.67 186.232 186.232 192.794 196.075 202.637 205.918 212.48 215.761 215.761 225.604 232.166 238.728 245.29 251.852 255.133 251.852
0 0 0 0 0 0 0 0 0 0 0 0 0 0 0 0 772.395 772.395 712.379 753.275 674.127 0 0 0 505.195 505.195 329.137 293.935 290.654 274.249 264.406 248.001 248.001 228.315 208.629 287.943 271.538 255.133 235.447 235.447 222.323 110.838 97.075 90.513 77.389 67.546 60.984 57.703 51.141 57.703 57.703 159.984 163.265 166.546 166.546 166.546 166.546 166.546 166.546 169.827 173.108 173.108 176.389 179.67 179.67 186.232 189.513 196.075 196.075 202.637 202.637 209.199 215.761 225.604 232.166 232.166 238.728 242.009 243.06 251.852
0 0 0 0 0 0 0 0 0 0 0 0 0 0 0 0 775.625 694.217 712.379 669.309 674.127 612.673 652.709 0 0 457.547 330.651 310.34 320.183 301.217 286.077 268.203 251.282 228.315 202.067 202.067 182.381 165.976 143.009 129.885 116.761 106.918 93.794 93.794 80.67 70.827 57.703 54.422 51.141 54.422 54.422 57.703 156.703 159.984 159.984 163.265 159.984 159.984 166.546 166.546 166.546 166.546 169.827 176.389 173.108 179.67 186.232 189.513 196.075 199.356 202.637 209.199 209.199 215.761 222.323 232.166 234.472 242.009 242.009 242.009
0 0 0 0 0 0 0 0 0 0 0 0 0 0 0 0 0 0 632.029 579.731 606.655 556.415 551.469 0 0 490.828 453.929 340.553 320.183 305.46 286.077 269.588 269.588 244.72 221.753 198.786 182.381 156.772 143.009 136.447 126.604 110.199 103.637 87.232 70.827 64.265 57.703 57.703 47.86 51.141 51.141 54.422 153.422 156.703 153.422 156.703 159.984 156.703 159.984 163.265 166.546 166.546 166.546 169.827 176.389 179.67 182.951 189.513 186.232 190.239 199.356 202.637 209.199 215.761 219.042 219.042 222.323 228.885 235.447 242.009
0 0 0 0 0 0 0 0 0 0 0 0 0 0 0 0 0 610.398 592.355 543.291 549.853 500.638 494.076 451.423 497.357 389.084 364.365 335.384 335.384 322.576 300.497 277.53 261.125 231.596 215.191 205.348 185.662 162.695 149.571 129.885 120.042 103.637 93.794 87.232 80.67 67.546 57.703 51.141 47.86 47.86 47.86 47.86 51.8971 150.141 153.422 159.984 159.984 156.703 159.984 159.984 163.265 166.546 166.546 169.827 166.546 173.108 176.389 179.728 189.513 196.075 196.075 202.637 199.356 205.236 209.199 215.761 222.323 228.885 232.166 232.166
0 0 0 0 0 0 0 0 0 0 0 0 0 0 0 0 0 0 592.692 523.605 513.09 480.952 467.828 441.213 441.213 421.894 414.185 451.864 349.644 326.745 303.778 274.249 274.249 238.158 221.753 192.224 179.1 156.133 143.009 133.166 120.042 103.637 93.794 80.67 74.108 57.703 57.703 41.298 41.298 41.298 44.579 41.298 47.86 140.298 146.86 150.141 153.422 153.422 157.186 159.984 163.265 159.922 166.546 166.546 166.546 173.108 176.389 182.951 182.951 186.232 191.899 195.979 199.356 202.637 209.199 212.48 215.761 222.323 228.885 238.728
0 0 0 0 0 0 0 0 0 0 0 0 0 0 0 0 0 0 556.362 523.605 497.357 497.357 474.39 457.985 441.58 421.894 474.39 451.864 467.904 353.968 326.745 284.092 261.125 221.753 202.067 188.413 175.819 156.133 146.29 120.042 106.918 93.794 87.232 77.389 70.827 51.141 44.579 41.298 41.298 38.017 38.017 34.7856 41.298 137.017 140.298 143.579 150.141 146.86 153.422 156.703 156.703 156.703 163.265 166.546 166.546 166.546 176.389 176.389 180.261 184.347 189.513 193.131 193.131 202.637 205.918 212.48 219.885 225.604 232.166 238.728
0 0 0 0 0 0 0 0 0 0 0 0 0 0 0 0 0 0 0 543.291 513.762 494.076 480.952 456.51 461.266 441.58 428.456 424.273 398.927 365.648 330.468 284.092 307.059 248.001 211.91 188.413 157.479 156.133 132.287 132.287 103.637 97.075 80.67 77.389 64.265 51.141 38.017 41.298 38.017 38.017 34.736 34.736 133.736 133.736 133.736 137.017 140.298 143.579 153.422 156.703 156.703 150.141 153.422 156.703 166.546 166.546 173.108 176.389 176.389 179.67 186.232 189.513 196.075 202.637 205.918 205.918 212.48 222.323 232.166 238.728
-9999 0 0 0 0 0 0 0 0 0 0 0 0 0 0 0 0 0 0 649.733 601.832 601.832 519.135 489.087 477.671 441.58 448.142 428.374 461.266 444.966 461.266 359.607 333.307 264.045 202.067 202.067 159.414 143.009 120.042 114.033 93.794 87.232 77.389 74.108 54.422 43.8231 38.017 38.017 34.736 34.736 34.736 34.736 31.455 133.736 133.736 137.017 137.017 137.017 140.298 146.86 146.86 150.141 153.422 156.703 156.734 163.265 166.546 173.108 176.389 179.67 182.951 182.951 189.513 192.881 199.431 209.199 215.761 225.604 232.166 235.447
