gis_data/PP1766_DIS_Layer1_Top_ASCII.txt
ncols         308
nrows         431
xllcorner     -321143.35392317
yllcorner     1277883.4776336
cellsize      1609.334
NODATA_value  -9999
[rows 216 to 251 of 431, columns 82 to 163 of 308]
-9999 -9999 -9999 -9999 -9999 -9999 -9999 -9999 -9999 -9999 -9999 -9999 -9999 -9999 -9999 -9999 492 843 778 525 742 528 532 866 738 1056 1155 1266 1873 1824 1493 820 712 1063 961 961 522 1056 863 525 315 259 259 249 197 157 115 89 62 69 39 23 30 43 39 49 52 56 62 69 72 79 85 59 59 98 105 112 115 125 131 131 138 148 154 164 167 187 187 92 151 102
-9999 -9999 -9999 -9999 -9999 -9999 -9999 -9999 -9999 -9999 -9999 -9999 -9999 -9999 -9999 -9999 561 561 692 869 922 856 1017 1083 1316 807 1155 1667 1745 2024 1965 1965 1444 1450 991 676 702 1056 833 974 637 600 446 249 213 157 157 121 92 69 46 23 26 26 39 46 49 56 62 69 69 75 82 75 85 79 102 108 108 118 69 79 141 151 157 161 167 171 177 190 167 190
-9999 -9999 -9999 -9999 -9999 -9999 -9999 -9999 -9999 -9999 -9999 -9999 -9999 -9999 -9999 -9999 -9999 440 568 673 686 1201 1526 745 833 1211 1102 2093 1772 2684 2175 1887 1978 1736 1240 1240 1027 1001 876 840 751 551 564 499 282 213 164 125 89 89 62 39 30 30 30 46 52 52 62 66 43 75 72 75 92 95 102 59 115 118 118 118 135 82 82 161 167 171 171 217 230 213
-9999 -9999 -9999 -9999 -9999 -9999 -9999 -9999 -9999 -9999 -9999 -9999 -9999 -9999 -9999 -9999 -9999 -9999 564 528 686 1027 1526 748 1348 951 1296 2116 1575 2533 2444 2444 2251 2323 2343 1765 1657 1056 1562 902 742 568 587 341 253 203 187 141 98 82 59 30 39 39 36 36 39 56 62 66 66 75 79 82 89 95 98 98 108 115 121 131 135 141 151 151 154 161 197 217 243 213
-9999 -9999 -9999 -9999 -9999 -9999 -9999 -9999 -9999 -9999 -9999 -9999 -9999 -9999 -9999 -9999 -9999 -9999 551 600 600 915 981 1457 1348 784 1296 2274 2700 2116 2044 2644 2251 2536 2343 2435 2008 1749 1562 935 742 807 807 725 505 358 249 144 121 121 108 72 56 36 33 49 49 39 59 49 66 72 75 85 79 85 92 98 105 115 121 121 128 135 141 144 157 174 190 213 230 246
-9999 -9999 -9999 -9999 -9999 -9999 -9999 -9999 -9999 -9999 -9999 -9999 -9999 -9999 -9999 -9999 -9999 -9999 -9999 1391 1129 2074 1959 1778 1778 1969 1165 2146 3196 3120 2553 2651 2205 2687 2933 2809 2031 1745 1745 899 1316 702 833 1703 886 400 400 289 154 154 108 75 56 56 39 46 49 56 59 62 62 66 72 75 79 85 92 92 98 105 112 118 128 135 144 144 154 174 210 233 259 272
-9999 -9999 -9999 -9999 -9999 -9999 -9999 -9999 -9999 -9999 -9999 -9999 -9999 -9999 -9999 -9999 -9999 -9999 -9999 1608 1608 2490 1923 2782 2618 2464 1030 1139 2536 2231 3481 2530 2290 2343 2713 2854 2818 2097 1854 1463 1024 1634 1634 1444 1690 883 627 318 187 220 164 112 75 66 33 39 39 46 52 56 62 66 72 75 75 82 85 92 98 105 112 112 118 128 135 144 154 171 171 230 246 240
-9999 -9999 -9999 -9999 -9999 -9999 -9999 -9999 -9999 -9999 -9999 -9999 -9999 -9999 -9999 -9999 -9999 -9999 -9999 -9999 2398 2490 3081 2782 3327 3192 2451 1139 2405 2231 2579 2579 2622 2835 2589 2654 2792 2599 2599 2116 1011 1959 1880 1204 1581 1102 1457 486 285 207 148 112 85 95 72 66 46 49 49 56 56 59 66 66 75 82 85 85 92 98 108 112 121 128 128 138 144 167 200 210 217 236
-9999 -9999 -9999 -9999 -9999 -9999 -9999 -9999 -9999 -9999 -9999 -9999 -9999 -9999 -9999 -9999 -9999 -9999 -9999 -9999 -9999 2490 2923 2572 3622 3478 2959 2959 1663 1978 2674 2828 2887 2835 2802 2802 2644 2644 2402 2116 1014 1959 1837 2175 994 1102 794 486 502 502 253 177 121 105 92 69 69 49 39 49 56 56 62 66 66 72 79 85 92 102 108 105 112 118 125 157 151 187 187 190 210 223
-9999 -9999 -9999 -9999 -9999 -9999 -9999 -9999 -9999 -9999 -9999 -9999 -9999 -9999 -9999 -9999 -9999 -9999 -9999 -9999 -9999 1785 2569 3704 3327 3570 3166 2612 1759 2520 2461 2461 3074 2782 2713 2595 3124 2651 2097 1447 1890 2149 3124 1752 879 879 1358 1545 742 600 240 157 144 144 118 92 62 49 43 49 46 56 56 66 69 72 82 82 85 95 98 105 115 118 118 135 164 200 177 213 194 226
-9999 -9999 -9999 -9999 -9999 -9999 -9999 -9999 -9999 -9999 -9999 -9999 -9999 -9999 -9999 -9999 -9999 -9999 -9999 -9999 -9999 -9999 1657 2517 2756 3343 3320 3320 3120 2300 2277 3225 3507 2589 2576 2681 2625 3058 2264 2254 1883 1818 2011 2736 1391 1040 1319 965 1207 1207 659 285 180 144 115 89 79 62 52 43 49 56 62 62 66 72 75 82 89 92 98 98 108 112 118 135 177 200 167 200 174 194
-9999 -9999 -9999 -9999 -9999 -9999 -9999 -9999 -9999 -9999 -9999 -9999 -9999 -9999 -9999 -9999 -9999 -9999 -9999 -9999 -9999 -9999 1657 2769 1821 3507 3471 3432 3120 2064 2277 2562 3488 3826 2576 2802 2625 2828 2828 2812 3146 2218 2661 2497 1821 1821 1673 1663 1470 1106 292 220 154 154 121 98 82 62 56 46 46 52 56 62 66 72 75 75 82 89 95 98 108 115 118 125 164 154 151 164 171 184
-9999 -9999 -9999 -9999 -9999 -9999 -9999 -9999 -9999 -9999 -9999 -9999 -9999 -9999 -9999 -9999 -9999 -9999 -9999 -9999 -9999 -9999 -9999 2996 1736 2425 2704 2139 3107 2179 2047 2241 3343 3639 3639 2982 3471 2736 2435 2717 3146 2238 2238 1828 2438 1644 1673 935 1470 650 525 538 377 180 121 102 102 85 66 46 49 56 56 56 62 69 72 75 85 92 95 95 105 108 118 128 135 144 141 154 180 180
-9999 -9999 -9999 -9999 -9999 -9999 -9999 -9999 -9999 -9999 -9999 -9999 -9999 -9999 -9999 -9999 -9999 -9999 -9999 -9999 -9999 -9999 -9999 -9999 2530 3288 2018 2356 3150 2247 2041 1988 2536 2359 3281 3028 3143 2861 2861 2005 2802 2963 2152 1614 2520 1473 1578 853 610 1283 1125 679 679 420 180 151 112 85 62 52 52 46 52 59 62 69 72 72 79 85 92 95 105 112 112 121 131 135 141 154 180 171
-9999 -9999 -9999 -9999 -9999 -9999 -9999 -9999 -9999 -9999 -9999 -9999 -9999 -9999 -9999 -9999 -9999 -9999 -9999 -9999 -9999 -9999 -9999 -9999 3137 3288 2749 2589 2379 3137 2474 2530 2986 3186 3186 2648 2871 2658 2454 1896 1896 1880 2005 1408 1631 1542 719 1398 778 1181 1243 915 692 443 180 164 164 121 92 69 59 46 56 56 59 69 69 75 79 85 92 95 92 105 118 115 121 141 141 154 171 171
-9999 -9999 -9999 -9999 -9999 -9999 -9999 -9999 -9999 -9999 -9999 -9999 -9999 -9999 -9999 -9999 -9999 -9999 -9999 -9999 -9999 -9999 -9999 -9999 -9999 3583 2976 2589 2635 3137 2044 2044 2520 2595 2602 2648 3255 2658 2710 2438 2175 1880 1227 1408 1230 1230 1988 1677 1312 1066 761 774 774 335 302 190 148 115 95 69 69 72 46 52 59 66 69 72 75 85 85 95 105 108 108 118 125 135 144 102 151 164
-9999 -9999 -9999 -9999 -9999 -9999 -9999 -9999 -9999 -9999 -9999 -9999 -9999 -9999 -9999 -9999 -9999 -9999 -9999 -9999 -9999 -9999 -9999 -9999 -9999 3206 2618 2618 3189 2667 2513 1736 2684 2969 2457 2418 2241 2956 2667 1578 1542 1542 1644 1929 2067 1739 1821 1677 1050 1050 1158 1060 535 335 325 190 180 144 112 89 75 72 52 52 56 62 66 72 79 85 85 92 98 102 112 121 128 95 95 144 157 164
-9999 -9999 -9999 -9999 -9999 -9999 -9999 -9999 -9999 -9999 -9999 -9999 -9999 -9999 -9999 -9999 -9999 -9999 -9999 -9999 -9999 -9999 -9999 -9999 -9999 -9999 2274 2910 3071 3048 2556 2126 1926 2457 2175 2284 2247 2730 2264 2625 2818 2572 1634 1768 2146 2146 2251 1588 1043 1070 1102 1043 991 538 299 243 190 148 115 115 92 82 66 49 59 62 69 69 75 82 92 92 98 102 112 118 98 98 138 144 154 154
-9999 -9999 -9999 -9999 -9999 -9999 -9999 -9999 -9999 -9999 -9999 -9999 -9999 -9999 -9999 -9999 -9999 -9999 -9999 -9999 -9999 -9999 -9999 -9999 -9999 -9999 2274 2690 2553 2228 2556 2205 1926 2120 1913 2152 2034 2218 2418 2471 2625 2625 1503 1828 2031 2330 1608 1293 1234 1234 981 919 673 377 354 292 233 194 135 108 95 79 66 66 49 62 69 72 79 85 89 92 85 98 115 79 128 131 128 138 135 144
-9999 -9999 -9999 -9999 -9999 -9999 -9999 -9999 -9999 -9999 -9999 -9999 -9999 -9999 -9999 -9999 -9999 -9999 -9999 -9999 -9999 -9999 -9999 -9999 -9999 -9999 -9999 2343 2707 2589 2589 2382 2444 2389 1913 2064 2034 2313 2313 2782 3101 2202 1503 1348 2031 1867 1860 1513 1555 1362 981 522 522 387 322 338 197 167 115 115 105 92 72 62 62 66 72 72 75 82 89 95 102 108 112 115 108 121 128 135 141 141
-9999 -9999 -9999 -9999 -9999 -9999 -9999 -9999 -9999 -9999 -9999 -9999 -9999 -9999 -9999 -9999 -9999 -9999 -9999 -9999 -9999 -9999 -9999 -9999 -9999 -9999 -9999 -9999 3229 3347 2743 2471 2113 2060 2060 2287 2146 2277 2185 3199 3078 2792 2218 1283 1309 1723 1893 1293 1293 1011 883 948 1040 486 328 345 345 174 141 125 105 82 72 69 62 59 69 72 75 85 85 85 95 102 112 112 118 118 118 121 131 144
-9999 -9999 -9999 -9999 -9999 -9999 -9999 -9999 -9999 -9999 -9999 -9999 -9999 -9999 -9999 -9999 -9999 -9999 -9999 -9999 -9999 -9999 -9999 -9999 -9999 -9999 -9999 -9999 2766 3511 3511 2576 2326 2339 2546 2392 2211 2349 2349 2605 3192 3199 2129 1824 1122 1437 1798 1706 1122 1270 1457 817 817 653 387 262 285 157 131 128 112 95 79 66 59 66 72 72 75 79 85 89 95 98 98 105 105 112 118 121 131 131
-9999 -9999 -9999 -9999 -9999 -9999 -9999 -9999 -9999 -9999 -9999 -9999 -9999 -9999 -9999 -9999 -9999 -9999 -9999 -9999 -9999 -9999 -9999 -9999 -9999 -9999 -9999 -9999 -9999 3918 3481 2576 2284 2339 2517 2520 2336 2080 2369 2605 3662 3662 2510 1808 2297 1778 1286 1650 1650 1198 1450 1198 591 436 361 226 226 253 148 118 108 85 75 72 62 62 62 72 75 75 75 82 89 92 95 102 105 102 108 115 121 121
-9999 -9999 -9999 -9999 -9999 -9999 -9999 -9999 -9999 -9999 -9999 -9999 -9999 -9999 -9999 -9999 -9999 -9999 -9999 -9999 -9999 -9999 -9999 -9999 -9999 -9999 -9999 -9999 -9999 3432 3133 3537 2815 2356 2385 2546 2234 2234 2172 2494 2845 3560 2979 1808 2097 2097 1614 1221 1572 1198 1024 1198 705 495 456 295 259 253 128 128 105 95 79 72 66 62 62 66 72 72 75 82 89 89 89 95 98 102 108 112 118 112
-9999 -9999 -9999 -9999 -9999 -9999 -9999 -9999 -9999 -9999 -9999 -9999 -9999 -9999 -9999 -9999 -9999 -9999 -9999 -9999 -9999 -9999 -9999 -9999 -9999 -9999 -9999 -9999 -9999 -9999 2845 2927 2986 2756 2300 2238 2385 2244 2116 2956 1955 1955 1837 1978 1004 853 1207 853 856 1887 440 787 299 325 318 262 335 223 164 112 98 89 82 82 72 72 66 66 66 72 69 75 82 85 89 95 98 98 98 108 112 112
-9999 -9999 -9999 -9999 -9999 -9999 -9999 -9999 -9999 -9999 -9999 -9999 -9999 -9999 -9999 -9999 -9999 -9999 -9999 -9999 -9999 -9999 -9999 -9999 -9999 -9999 -9999 -9999 -9999 -9999 -9999 3025 3350 2772 2211 2142 2225 2225 1982 1640 1857 1985 1368 958 1824 1824 1644 925 794 512 617 1243 984 640 407 430 325 197 144 144 112 98 95 82 72 69 69 66 72 69 75 69 82 85 82 85 89 95 98 105 108 108
-9999 -9999 -9999 -9999 -9999 -9999 -9999 -9999 -9999 -9999 -9999 -9999 -9999 -9999 -9999 -9999 -9999 -9999 -9999 -9999 -9999 -9999 -9999 -9999 -9999 -9999 -9999 -9999 -9999 -9999 -9999 2641 3350 2651 2651 1719 1959 1663 1982 2179 1857 1401 1611 1493 1214 2421 1644 1227 1227 1362 1112 886 1086 840 400 400 315 256 184 131 121 102 92 92 79 72 69 72 72 72 69 79 75 82 85 85 89 89 92 98 98 105
-9999 -9999 -9999 -9999 -9999 -9999 -9999 -9999 -9999 -9999 -9999 -9999 -9999 -9999 -9999 -9999 -9999 -9999 -9999 -9999 -9999 -9999 -9999 -9999 -9999 -9999 -9999 -9999 -9999 -9999 -9999 -9999 2579 2746 2500 2605 1709 1591 1985 1759 1493 2461 2290 1053 1053 1772 1463 958 1660 1736 1112 1322 1322 1086 656 308 315 233 184 161 135 121 108 92 79 72 72 72 69 75 69 79 75 82 82 82 89 92 92 95 102 102
-9999 -9999 -9999 -9999 -9999 -9999 -9999 -9999 -9999 -9999 -9999 -9999 -9999 -9999 -9999 -9999 -9999 -9999 -9999 -9999 -9999 -9999 -9999 -9999 -9999 -9999 -9999 -9999 -9999 -9999 -9999 -9999 2930 2526 2526 2615 2188 1732 2228 1759 1483 1286 1473 1243 1329 1421 1129 971 971 1112 1536 1578 1299 666 650 295 272 226 187 157 135 118 102 98 89 75 75 75 75 79 79 72 79 79 82 85 89 82 92 95 98 105
-9999 -9999 -9999 -9999 -9999 -9999 -9999 -9999 -9999 -9999 -9999 -9999 -9999 -9999 -9999 -9999 -9999 -9999 -9999 -9999 -9999 -9999 -9999 -9999 -9999 -9999 -9999 -9999 -9999 -9999 -9999 -9999 -9999 2582 2881 2615 1768 1519 1988 2225 1624 1388 1299 1319 1319 1247 1178 1473 1060 692 1024 817 817 522 377 702 354 233 177 167 148 121 112 95 82 75 75 75 75 75 72 72 79 79 82 85 85 89 92 95 98 98
-9999 -9999 -9999 -9999 -9999 -9999 -9999 -9999 -9999 -9999 -9999 -9999 -9999 -9999 -9999 -9999 -9999 -9999 -9999 -9999 -9999 -9999 -9999 -9999 -9999 -9999 -9999 -9999 -9999 -9999 -9999 -9999 -9999 -9999 1870 2959 1995 1519 1959 2225 1854 1854 1211 1178 1618 1247 1906 1473 1637 1175 1037 725 1089 522 627 627 732 696 230 141 135 118 118 98 89 79 72 75 75 79 79 82 75 85 85 85 85 89 92 92 95 102
-9999 -9999 -9999 -9999 -9999 -9999 -9999 -9999 -9999 -9999 -9999 -9999 -9999 -9999 -9999 -9999 -9999 -9999 -9999 -9999 -9999 -9999 -9999 -9999 -9999 -9999 -9999 -9999 -9999 -9999 -9999 -9999 -9999 -9999 1955 2608 1421 1421 1896 2362 1526 1299 1663 1585 1624 1539 1647 2116 1319 1896 1818 1339 1565 1391 1017 1253 545 535 187 187 135 125 112 98 85 79 79 75 79 75 82 82 75 75 85 85 85 89 92 95 95 98
-9999 -9999 -9999 -9999 -9999 -9999 -9999 -9999 -9999 -9999 -9999 -9999 -9999 -9999 -9999 -9999 -9999 -9999 -9999 -9999 -9999 -9999 -9999 -9999 -9999 -9999 -9999 -9999 -9999 -9999 -9999 -9999 -9999 -9999 -9999 1962 1414 1923 2024 2146 1437 1437 1828 1614 1834 1237 2129 1716 1709 1102 1864 997 925 1329 712 712 476 650 466 203 154 131 131 108 89 82 82 79 79 82 85 82 82 82 85 85 85 85 92 92 95 98
-9999 -9999 -9999 -9999 -9999 -9999 -9999 -9999 -9999 -9999 -9999 -9999 -9999 -9999 -9999 -9999 -9999 -9999 -9999 -9999 -9999 -9999 -9999 -9999 -9999 -9999 -9999 -9999 -9999 -9999 -9999 -9999 -9999 -9999 -9999 1161 1414 1713 2343 2087 2064 1552 1828 1657 1657 1709 1749 1654 1952 1690 2159 2159 1759 1414 1129 568 577 459 266 266 184 157 121 105 85 82 85 82 82 82 85 85 82 82 85 85 92 85 92 92 95 95
-9999 -9999 -9999 -9999 -9999 -9999 -9999 -9999 -9999 -9999 -9999 -9999 -9999 -9999 -9999 -9999 -9999 -9999 -9999 -9999 -9999 -9999 -9999 -9999 -9999 -9999 -9999 -9999 -9999 -9999 -9999 -9999 -9999 -9999 -9999 -9999 1631 1450 2362 1791 1864 1591 1601 1221 1575 1519 1749 1558 1558 1549 1555 1050 1759 994 1129 1040 748 643 315 226 184 138 138 115 98 92 85 82 85 85 85 85 85 82 82 89 92 92 92 95 98 95
-9999 -9999 -9999 -9999 -9999 -9999 -9999 -9999 -9999 -9999 -9999 -9999 -9999 -9999 -9999 -9999 -9999 -9999 -9999 -9999 -9999 -9999 -9999 -9999 -9999 -9999 -9999 -9999 -9999 -9999 -9999 -9999 -9999 -9999 -9999 -9999 1788 1969 2093 2270 1765 1365 1270 1148 1148 1237 1417 1519 1529 1555 1207 1119 1362 1644 640 876 869 492 443 466 190 151 131 108 102 95 95 85 85 85 85 85 85 85 89 92 92 92 92 98 98 98
