gis_data/PP1766_DIS_Layer7_Top_ASCII.txt
ncols         308
nrows         431
xllcorner     -321143.35392317
yllcorner     1277883.4776336
cellsize      1609.334
NODATA_value  -9999
[rows 105 to 139 of 431, columns 79 to 157 of 308]
-385.165 -395.008 -411.413 -411.413 -424.537 -431.099 -437.661 -447.504 -450.785 -450.785 -450.785 -450.785 -447.504 -447.504 -444.223 -447.504 -450.785 -454.066 -454.066 -437.661 0 -335.105 0 0 0 0 0 116.444 -411.982 -434.38 -434.38 -431.099 -434.38 -427.818 -432.186 -427.818 -424.537 -424.537 -418.653 -417.975 -419.823 -404.625 -401.57 -390.989 0 0 0 0 0 0 0 0 0 0 0 0 0 0 0 0 0 0 0 0 0 0 0 -9999 -9999 -9999 -9999 -9999 -9999 -9999 -9999 -9999 -9999 -9999 -9999
-368.76 -394.206 -403.972 -417.975 -424.537 -431.099 -437.661 -437.661 -444.223 -450.785 -454.066 -450.785 -447.504 -447.504 -447.504 -444.223 -450.785 -450.785 -454.066 0 0 0 0 0 0 0 103.521 -287.034 -418.395 -418.395 -437.661 -434.38 -434.38 -437.661 -436.486 -427.818 -431.099 -427.818 -424.537 -414.694 -411.413 -399.901 -342.304 -342.304 -340.74 0 0 0 0 0 0 0 0 0 0 0 0 0 0 0 0 0 0 0 0 0 0 0 -9999 -9999 -9999 -9999 -9999 -9999 -9999 -9999 -9999 -9999 -9999
-378.603 -393.064 -404.851 -398.289 -414.694 -427.818 -434.38 -440.942 -444.223 -450.785 -454.066 -454.066 -454.066 -450.785 -447.504 -450.785 -450.785 -450.785 -450.785 -454.066 0 0 0 0 0 0 0 -229.374 -351.487 -437.661 -437.661 -435.982 -435.982 -434.38 -444.223 -434.476 -431.099 -434.38 -421.256 -408.132 -408.132 -390.621 -380.061 -372.041 0 0 0 0 0 0 0 0 0 0 0 0 0 0 0 0 0 0 0 0 0 0 0 0 -9999 -9999 -9999 -9999 -9999 -9999 -9999 -9999 -9999 -9999 -9999
-368.76 -375.322 -385.52 -401.57 -417.975 -430.16 -434.38 -434.38 -437.661 -447.504 -450.785 -457.347 -454.066 -454.066 -454.066 -450.785 -450.785 -460.628 -450.785 -434.69 -389.566 -345.793 -7.5794 -201.774 0 -323.656 10.9459 -404.275 -437.661 -444.223 -440.942 -440.942 -440.942 -436.095 -444.223 -434.38 -434.38 -434.38 -429.43 -408.34 -408.132 -393.72 -380.061 -381.792 -378.461 0 0 0 0 0 0 0 0 0 0 0 0 0 0 0 0 0 0 0 0 0 0 0 0 -9999 -9999 -9999 -9999 -9999 -9999 -9999 -9999 -9999 -9999
-358.917 -375.322 -388.446 -395.008 -408.132 -414.694 -427.818 -431.099 -440.942 -447.504 -447.504 -454.066 -460.628 -460.628 -457.347 -454.066 -450.785 -454.066 -454.066 -457.347 -453.799 -437.976 -182.163 -375.53 -126.253 -450.785 -280.989 -425.464 -444.223 -444.223 -444.223 -440.942 -440.942 -440.942 -440.942 -444.223 -434.38 -427.818 -417.975 -417.975 -414.694 -406.51 -378.603 -398.289 -385.165 0 0 0 0 0 0 0 0 0 0 0 0 0 0 0 0 0 0 0 0 0 0 0 0 0 -9999 -9999 -9999 -9999 -9999 -9999 -9999 -9999 -9999
-339.231 -362.198 -385.165 -395.008 -408.132 -414.694 -421.256 -421.256 -431.099 -440.942 -450.785 -454.066 -460.628 -460.628 -460.628 -460.628 -454.066 -454.066 -450.785 -457.347 -454.925 -454.925 -457.347 -420.684 -450.785 -454.066 -437.661 -450.785 -448.469 -450.785 -447.504 -444.223 -444.223 -440.942 -447.504 -437.453 -437.453 -429.902 -417.975 -417.975 -421.256 -414.694 -404.851 -397.92 -345.793 0 0 0 0 0 0 0 0 0 0 0 0 0 0 0 0 0 0 0 0 0 0 0 0 0 -9999 -9999 -9999 -9999 -9999 -9999 -9999 -9999 -9999
-342.512 -362.198 -381.884 -381.884 -388.446 -398.289 -401.57 -417.975 -424.537 -437.661 -437.661 -450.785 -460.628 -463.909 -460.628 -460.628 -450.785 -450.785 -454.066 -460.628 -460.628 -460.628 -460.628 -454.066 -460.628 -460.628 -457.347 -454.066 -450.785 -450.785 -447.504 -444.223 -444.223 -444.223 -440.942 -441.252 -446.591 -429.902 -427.818 -427.818 -421.256 -417.975 -414.891 -397.92 -362.004 0 0 0 0 0 0 0 0 0 0 0 0 0 0 0 0 0 0 0 0 0 0 0 0 0 0 -9999 -9999 -9999 -9999 -9999 -9999 -9999 -9999
-265.646 -319.545 -349.074 -372.041 -375.322 -386.511 -401.57 -401.57 -417.105 -424.537 -437.661 -454.066 -463.909 -463.909 -463.909 -460.628 -454.066 -457.347 -447.504 -460.628 -460.628 -460.628 -460.628 -460.628 -463.909 -460.628 -460.628 -454.066 -457.347 -454.066 -450.785 -450.785 -447.504 -444.223 -449.65 -432.371 -437.661 -434.38 -431.099 -424.537 -424.537 -420.389 -414.694 -414.694 -401.57 0 0 0 0 0 0 0 0 0 0 0 0 0 0 0 0 0 0 0 0 0 0 0 0 0 0 -9999 -9999 -9999 -9999 -9999 -9999 -9999 -9999
-265.646 -257.206 -349.074 -336.568 -365.479 -365.479 -381.884 -404.851 -417.105 -431.099 -431.099 -440.942 -457.347 -462.256 -460.628 -460.628 -454.066 -454.066 -460.628 -450.785 -460.628 -460.628 -463.909 -463.909 -463.909 -463.909 -463.909 -460.628 -457.347 -454.066 -450.785 -450.785 -450.785 -450.785 -449.271 -440.942 -437.661 -439.713 -434.38 -434.38 -434.38 -424.537 -424.537 -401.57 -388.446 -388.446 -388.446 0 0 0 0 0 0 0 0 0 0 0 0 0 0 0 0 0 0 0 0 0 0 0 0 0 -9999 -9999 -9999 -9999 -9999 -9999 -9999
-220.832 -249.906 -304.196 -316.119 -342.512 -368.76 -385.165 -385.165 -408.132 -424.537 -432.346 -444.223 -457.347 -460.628 -460.628 -463.909 -460.628 -460.628 -460.628 -454.066 -460.628 -463.909 -463.909 -463.909 -463.909 -463.909 -463.909 -460.628 -460.628 -460.628 -454.066 -454.066 -450.785 -452.708 -450.213 -450.785 -444.223 -440.942 -434.38 -434.38 -427.98 -427.818 -424.537 -424.537 -413.287 -388.446 -388.446 -344.021 0 0 0 0 0 0 0 0 0 0 0 0 0 0 0 0 0 0 0 0 0 0 0 0 0 -9999 -9999 -9999 -9999 -9999 -9999
0 -29.0369 -182.767 -235.895 -299.168 -355.636 -378.603 -395.008 -408.132 -424.537 -424.537 -437.661 -450.785 -460.628 -463.909 -467.19 -460.628 -463.909 -463.909 -457.347 -457.347 -463.909 -463.909 -463.909 -463.909 -463.909 -463.909 -467.19 -463.909 -460.628 -455.013 -454.066 -454.066 -454.066 -447.504 -454.066 -444.223 -440.942 -434.38 -434.38 -437.895 -428.855 -427.064 -424.245 -413.287 -404.286 -404.286 -367.712 -358.917 0 0 0 0 0 0 0 0 0 0 0 0 0 0 0 0 0 0 0 0 0 0 0 0 -9999 -9999 -9999 -9999 -9999 -9999
-18.7612 67.5308 -5.47526 -143.773 -299.859 -342.512 -342.512 -336.282 -377.896 -401.57 -424.537 -437.661 -454.066 -463.909 -463.909 -470.471 -467.19 -463.909 -463.909 -460.628 -460.628 -457.347 -460.628 -463.909 -467.19 -467.19 -467.19 -463.909 -463.909 -463.909 -460.628 -457.347 -454.066 -450.785 -450.785 -454.066 -447.504 -444.223 -440.942 -437.234 -439.959 -427.818 -424.537 -414.694 -412.922 -391.727 -385.165 -378.603 0 0 0 0 0 0 0 0 0 0 0 0 0 0 0 0 0 0 0 0 0 0 0 0 0 0 -9999 -9999 -9999 -9999 -9999
35.7393 67.5308 -194.867 -194.867 -142.914 -290.445 -303.14 -336.282 -366.061 -401.57 -395.008 -421.256 -430.666 -454.066 -467.19 -470.471 -463.909 -463.909 -470.471 -463.909 -463.909 -460.628 -460.628 -464.697 -470.471 -470.471 -470.471 -470.471 -467.19 -463.909 -460.628 -454.329 -454.329 -454.066 -454.066 -454.066 -450.785 -444.223 -454.066 -444.223 -444.223 -427.818 -418.447 -414.694 -408.132 -395.008 -395.008 -360.525 -348.131 0 0 0 0 0 0 0 0 0 0 0 0 0 0 0 0 0 0 0 0 0 0 0 0 0 -9999 -9999 -9999 -9999 -9999
-47.5986 -139.09 213.901 59.9998 -142.582 -253.377 -224.385 -273.611 -326.107 -365.476 -388.446 -414.694 -444.223 -463.909 -465.465 -467.19 -473.752 -470.471 -467.19 -463.909 -463.909 -463.909 -463.909 -463.909 -467.19 -470.471 -470.471 -470.471 -470.471 -467.19 -463.909 -460.628 -457.347 -454.066 -467.19 -467.19 -454.066 -449.706 -453.924 -438.933 -434.38 -427.893 -417.975 -417.975 -411.413 -404.851 -402.783 -339.231 -316.272 0 0 0 0 0 0 0 0 0 0 0 0 0 0 0 0 0 0 0 0 0 0 0 0 0 0 -9999 -9999 -9999 -9999
229.392 317.004 263.141 263.141 -20.5008 -40.5241 -221.115 -279.483 -319.545 -358.917 -345.793 -378.603 -417.975 -450.785 -470.471 -470.471 -473.752 -473.752 -473.752 -470.471 -470.471 -467.19 -463.909 -460.628 -463.909 -463.909 -470.471 -462.602 -470.716 -466.701 -463.909 -460.628 -460.628 -460.628 -454.066 -455.378 -457.347 -460.628 -444.223 -444.223 -435.012 -434.804 -424.537 -417.975 -417.975 -404.851 -402.008 -401.57 -381.884 0 0 0 0 0 0 0 0 0 0 0 0 0 0 0 0 0 0 0 0 0 0 0 0 0 0 0 -9999 -9999 -9999
-7.00323 459.461 270.767 -30.817 -20.5008 -113.386 -99.658 -196.487 -273.611 -316.264 -329.388 -377.698 -417.975 -450.785 -457.347 -477.946 -473.752 -473.752 -473.752 -470.471 -470.471 -470.471 -467.19 -460.628 -463.909 -470.471 -470.471 -470.471 -473.752 -470.471 -463.909 -460.628 -463.909 -460.628 -450.785 -450.785 -472.041 -457.347 -454.066 -447.504 -434.38 -427.818 -431.823 -431.823 -414.816 -404.848 -398.289 -391.727 -362.198 0 0 0 0 0 0 0 0 0 0 0 0 0 0 0 0 0 0 0 0 0 0 0 0 0 0 0 -9999 -9999 -9999
199.716 144.026 64.4653 443.441 176.469 24.3794 -99.658 -183.697 -273.611 -290.016 -290.016 -339.231 -378.283 -427.818 -457.347 -473.752 -473.752 -473.752 -473.752 -473.752 -472.555 -473.752 -467.19 -470.471 -470.471 -463.909 -473.752 -470.471 -473.752 -470.471 -467.19 -463.909 -463.909 -463.909 -460.628 -460.628 -460.628 -461.189 -447.141 -447.141 -444.223 -440.942 -427.818 -424.537 -411.163 -404.258 -408.132 -395.008 -348.742 -358.917 0 0 0 0 0 0 0 0 0 0 0 0 0 0 0 0 0 0 0 0 0 0 0 0 0 0 0 -9999 -9999
69.9459 425.264 512.704 499.625 166.343 34.321 34.321 -82.4147 -175.181 -239.258 -296.578 -346.52 -388.71 -401.57 -444.223 -463.909 -473.752 -473.752 -473.752 -473.752 -473.752 -473.752 -473.752 -463.909 -464.537 -473.752 -473.752 -473.752 -473.752 -473.752 -470.471 -469.729 -463.909 -465.68 -460.628 -460.628 -461.004 -461.789 -450.785 -448.028 -444.223 -427.818 -427.818 -427.818 -414.694 -421.256 -408.132 -375.957 -384.683 -339.441 -313.7 0 0 0 0 0 0 0 0 0 0 0 0 0 0 0 0 0 0 0 0 0 0 0 0 0 0 -9999 -9999
258.002 511.501 511.501 345.369 477.537 188.97 73.9169 -120.965 -188.305 -228.907 -228.907 -290.773 -342.527 -404.851 -437.661 -450.785 -467.19 -463.909 -473.752 -473.752 -473.752 -470.471 -470.471 -470.471 -470.471 -473.752 -473.752 -473.752 -473.752 -470.471 -473.752 -467.19 -467.19 -467.19 -463.909 -463.909 -460.628 -457.347 -454.066 -450.785 -447.504 -440.942 -434.38 -430.19 -424.537 -417.975 -417.975 -404.851 -394.893 -375.322 -313.7 0 0 0 0 0 0 0 0 0 0 0 0 0 0 0 0 0 0 0 0 0 0 0 0 0 0 0 -9999
556.025 437.647 684.623 345.369 375.052 188.97 244.787 29.698 -103.011 -171.9 -237.52 -290.773 -358.917 -362.198 -404.851 -424.537 -444.223 -463.909 -473.752 -473.752 -473.752 -473.752 -467.19 -470.471 -473.752 -473.752 -473.752 -477.033 -477.033 -473.752 -473.752 -473.752 -470.471 -465.733 -463.909 -463.909 -480.314 -469.568 -454.066 -447.504 -444.223 -434.38 -434.38 -427.818 -421.256 -417.975 -415.991 -401.816 -387.732 -337.342 -337.342 -329.758 0 0 0 0 0 0 0 0 0 0 0 0 0 0 0 0 0 0 0 0 0 0 0 0 0 0 -9999
647.469 456.178 804.863 610.577 295.363 174.13 222.985 -28.3927 -94.6758 -175.181 -181.743 -247.234 -306.724 -362.198 -398.289 -424.537 -444.223 -444.223 -470.471 -480.314 -473.752 -473.752 -463.909 -470.471 -473.752 -473.752 -473.752 -480.314 -477.033 -473.752 -473.752 -473.752 -473.752 -472.071 -467.19 -475.681 -472.119 -460.628 -451.726 -447.504 -448.247 -441.063 -434.38 -424.537 -417.975 -408.132 -408.132 -395.389 -375.281 -374.086 -358.917 0 0 0 0 0 0 0 0 0 0 0 0 0 0 0 0 0 0 0 0 0 0 0 0 0 0 0 0
243.469 397.242 638.345 0 452.385 350.691 462.802 228.2 -7.84015 -115.536 -198.148 -250.644 -319.545 -319.545 -380.969 -404.851 -438.819 -454.066 -473.752 -477.033 -473.752 -473.752 -470.471 -470.471 -473.752 -473.752 -480.314 -480.314 -480.314 -477.033 -477.033 -473.752 -483.145 -473.752 -467.19 -467.19 -463.909 -463.909 -454.066 -447.504 -444.223 -441.063 -437.661 -434.38 -427.818 -424.537 -408.132 -395.389 -379.998 -379.998 -354.515 -349.074 -309.702 0 0 0 0 0 0 0 0 0 0 0 0 0 0 0 0 0 0 0 0 0 0 0 0 0 0
-27.3524 472.819 235.701 0 0 613.602 238.375 122.983 -68.4223 -132.528 -144.356 -238.04 -284.018 -349.074 -408.132 -429.948 -460.628 -460.628 -473.752 -473.752 -477.682 -473.752 -473.752 -478.071 -471.723 -470.471 -480.314 -480.314 -480.314 -480.314 -477.033 -477.033 -473.752 -473.752 -470.471 -470.471 -467.19 -460.628 -454.066 -454.066 -450.785 -450.776 -437.672 -427.818 -417.975 -408.132 -403.144 -398.289 -381.884 -368.76 -344.846 -326.107 0 0 0 0 0 0 0 0 0 0 0 0 0 0 0 0 0 0 0 0 0 0 0 0 0 0 0
0 -49.4389 235.701 0 0 486.23 486.23 148.663 231.16 -109.12 -144.356 -187.971 -284.018 -267.374 -378.718 -434.38 -444.223 -470.471 -473.752 -480.314 -480.314 -477.033 -477.033 -473.752 -470.471 -473.752 -480.314 -480.314 -480.314 -480.314 -480.314 -480.314 -473.752 -470.471 -470.471 -470.471 -473.752 -467.19 -460.628 -450.785 -450.785 -444.223 -444.223 -434.38 -424.537 -414.694 -404.851 -395.008 -375.534 -375.534 -360.076 -348.949 -296.797 0 0 0 0 0 0 0 0 0 0 0 0 0 0 0 0 0 0 0 0 0 0 0 0 0 0
0 -89.875 -89.875 389.043 0 0 143.605 122.298 -3.61632 32.3264 -146.283 -171.9 -171.769 -281.893 -408.664 -448.342 -460.628 -462.801 -473.752 -477.033 -477.033 -480.314 -477.033 -473.703 -473.703 -473.752 -475.052 -480.314 -480.314 -480.314 -480.314 -480.314 -477.033 -473.752 -470.471 -470.471 -473.752 -468.466 -468.466 -458.256 -457.347 -450.785 -437.661 -434.38 -417.975 -408.132 -404.851 -395.008 -384.059 -368.76 -360.383 -331.973 0 0 0 0 0 0 0 0 0 0 0 0 0 0 0 0 0 0 0 0 0 0 0 0 0 0 0
0 10.1967 -119.404 0 0 376.903 376.903 300.182 45.1431 -9.49175 -126.188 -224.396 -150.244 -200.059 -301.843 -434.38 -450.785 -463.909 -473.752 -477.033 -477.033 -477.033 -480.314 -477.033 -470.471 -473.752 -473.752 -480.314 -480.314 -480.314 -477.033 -480.314 -480.314 -473.819 -470.471 -473.752 -473.752 -470.471 -463.909 -460.628 -457.347 -447.504 -447.504 -434.38 -427.818 -414.694 -404.851 -395.008 -384.059 -378.603 -358.917 -348.763 0 0 0 0 0 0 0 0 0 0 0 0 0 0 0 0 0 0 0 0 0 0 0 0 0 0 0
0 10.1967 -73.7211 -142.371 0 0 366.982 300.182 80.3056 -7.25277 -62.2941 -192.121 -200.509 -277.982 -293.519 -421.32 -447.972 -450.785 -467.19 -475.44 -477.033 -477.033 -477.033 -480.314 -480.314 -477.033 -476.067 -473.752 -477.033 -480.314 -480.314 -480.314 -481.255 -470.915 -473.752 -473.752 -473.752 -467.19 -467.19 -460.628 -457.347 -454.066 -441.271 -434.38 -424.537 -424.537 -424.537 -398.848 -395.115 -378.603 -368.76 -288.971 -233.267 -154.67 -154.295 0 0 0 0 0 0 0 0 0 0 0 0 0 0 0 0 0 0 0 0 0 0 0 0
0 0 -109.561 -149.388 0 0 0 395.951 162.993 -7.25277 -142.371 -192.121 -229.526 -229.526 -353.077 -372.041 -417.975 -450.785 -470.471 -475.44 -470.471 -473.752 -477.033 -476.859 -477.033 -477.033 -478.081 -478.081 -467.19 -480.314 -480.314 -480.314 -477.033 -477.033 -474.221 -482.542 -480.314 -473.752 -463.909 -457.735 -454.066 -449.227 -449.227 -437.661 -434.333 -417.975 -400.625 -388.446 -391.727 -383.661 -385.165 -346.251 -315.141 -166.342 0 0 0 0 0 0 0 0 0 0 0 0 0 0 0 0 0 0 0 0 0 0 0 0 0
0 0 0 -112.842 16.4355 0 0 187.04 -20.974 -20.974 -132.282 -181.743 -172.681 -148.219 -210.522 -302.731 -405.331 -405.331 -454.066 -463.909 -457.347 -463.909 -472.754 -473.752 -470.471 -473.752 -473.752 -473.752 -471.259 -480.314 -480.314 -480.314 -477.033 -481.486 -480.314 -482.542 -477.033 -473.752 -480.816 -467.19 -457.347 -454.066 -444.223 -437.661 -412.959 -417.975 -417.975 -398.492 -381.884 -369.591 -365.479 -288.623 -145.451 -309.702 0 0 0 0 0 0 0 0 0 0 0 0 0 0 0 0 0 0 0 0 0 0 0 0 0
0 0 0.113261 -144.501 63.6939 0 0 0 224.486 -60.0148 -184.535 -230.958 -278.663 -278.663 -345.793 -310.301 -346.478 -359.051 -448.32 -457.347 -454.066 -457.347 -461.004 -470.471 -463.909 -473.752 -473.752 -473.752 -477.033 -477.033 -478.534 -483.595 -473.752 -477.033 -483.595 -483.595 -480.314 -480.314 -473.752 -463.909 -460.628 -450.785 -450.785 -435.325 -434.38 -427.818 -398.885 -395.008 -388.446 -388.446 -385.402 -359.515 -335.458 -309.702 0 0 0 0 0 0 0 0 0 0 0 0 0 0 0 0 0 0 0 0 0 0 0 0 0
0 0 0 -86.8063 -174.614 0 0 0 224.486 80.0871 -137.816 -211.272 -227.964 -277.265 -345.793 -308.578 -257.05 -337.401 -302.016 -444.223 -447.504 -457.347 -450.785 -457.347 -457.055 -457.639 -460.628 -470.471 -470.471 -472.581 -480.314 -480.314 -480.314 -482.048 -480.314 -480.314 -483.595 -480.314 -477.033 -470.471 -460.628 -454.066 -440.942 -434.38 -404.851 -404.851 -413.276 -395.008 -404.261 -396.154 -382.151 -378.603 -221.762 -221.762 0 0 0 0 0 0 0 0 0 0 0 0 0 0 0 0 0 0 0 0 0 0 0 0 0
0 0 0 -141.569 -201.429 -204.71 0 0 0 -102.792 -179.604 -251.359 -273.611 -299.859 -282.57 -259.978 -257.05 -270.344 -302.016 -436.017 -436.017 -444.223 -444.223 -454.066 -457.055 -450.785 -460.628 -460.628 -463.909 -475.331 -470.471 -480.314 -480.314 -490.157 -480.314 -480.314 -473.752 -483.595 -477.033 -470.471 -457.347 -459.348 -447.504 -440.942 -427.818 -410.753 -394.01 -410.037 -379.906 -379.906 -368.658 -343.011 -276.251 -268.944 0 0 0 0 0 0 0 0 0 0 0 0 0 0 0 0 0 0 0 0 0 0 0 0 0
0 0 0 0 2.12003 -217.659 0 0 136.766 130.566 -177.537 -264.41 -283.454 -309.702 -270.33 -255.259 -255.259 -246.753 -254.517 -335.688 -437.661 -434.38 -444.223 -450.785 -450.785 -450.785 -460.628 -470.471 -473.752 -473.752 -473.752 -473.752 -477.033 -473.752 -473.752 -477.033 -473.752 -483.595 -483.595 -470.471 -463.909 -454.066 -447.504 -434.38 -427.818 -427.783 -408.132 -381.884 -394.042 -368.011 -368.658 -323.925 -276.251 -291.125 0 0 0 0 0 0 0 0 0 0 0 0 0 0 0 0 0 0 0 0 0 0 0 0 0
0 0 0 0 -165.434 -165.338 -209.762 0 0 -76.2606 -228.033 -297.207 -306.421 -319.545 -322.826 -326.107 -277.919 -329.241 -348.703 -352.915 -352.915 -427.775 -434.38 -434.38 -428.287 -450.785 -463.909 -463.909 -470.471 -473.752 -473.752 -471.872 -473.752 -480.314 -480.314 -473.752 -473.752 -483.595 -480.314 -473.752 -463.909 -450.276 -450.276 -432.969 -427.818 -409.077 -404.522 -385.165 -386.907 -359.871 -355.502 -329.388 -321.685 -260.627 0 0 0 0 0 0 0 0 0 0 0 0 0 0 0 0 0 0 0 0 0 0 0 0 0
0 0 0 0 0 -165.338 -168.992 0 -78.5694 -78.5694 -172.217 -283.544 -319.545 -319.545 -332.669 -326.107 -339.231 -304.068 -251.629 -257.098 -380.483 -427.775 -430.914 -421.256 -421.451 -437.661 -450.785 -457.347 -470.471 -470.471 -477.033 -473.752 -477.033 -483.595 -480.314 -480.314 -480.314 -483.595 -483.595 -483.595 -473.752 -457.347 -446.069 -432.302 -417.975 -406.39 -398.666 -400.944 -368.76 -368.76 -349.074 -355.636 -311.393 -332.669 -220.466 -235.671 0 0 0 0 0 0 0 0 0 0 0 0 0 0 0 0 0 0 0 0 0 0 0
