gis_data/PP1766_DIS_Layer7_Top_ASCII.txt
ncols         308
nrows         431
xllcorner     -321143.35392317
yllcorner     1277883.4776336
cellsize      1609.334
NODATA_value  -9999
[rows 175 to 209 of 431, columns 79 to 157 of 308]
0 0 0 0 -467.059 -483.595 -480.314 -480.314 -493.438 -486.876 -496.719 -496.719 -464.157 -496.719 -261.042 -490.157 -493.438 -496.719 -475.757 -401.57 -440.9 -427.818 -427.818 -423.566 -457.347 -467.19 -483.595 -493.438 -500 -500 -500.391 -503.281 -503.281 -503.281 -503.281 -503.281 -503.281 -490.453 -492.55 -500 -500 -500 -493.438 -490.157 -490.157 -483.595 -483.595 -473.752 -479.327 -457.347 -466.443 -444.223 -444.223 -427.818 -423.093 -408.132 -408.132 -391.07 -391.07 -378.603 -345.793 -349.074 -345.793 -338.41 -315.65 -387.826 -213.958 -283.454 -254.954 -283.454 -196.622 -283.454 0 0 0 208.696 0 0 0
0 0 0 0 0 -457.347 -496.719 -493.438 -494.573 -496.719 -493.438 -493.438 -489.597 -390.79 -198.971 -149.277 -496.719 -496.719 -432.902 -398.289 -369.082 -396.011 -369.005 -423.566 -427.491 -427.491 -440.942 -477.033 -486.876 -500 -493.254 -503.281 -503.281 -503.281 -506.562 -506.562 -493.421 -490.453 -503.281 -503.281 -503.281 -500 -500 -496.719 -490.157 -480.314 -480.359 -477.033 -480.314 -463.909 -462.223 -444.223 -437.661 -427.818 -427.818 -414.694 -405.271 -391.727 -385.165 -368.76 -358.917 -349.972 -349.972 -401.435 -318.998 -263.768 -272.949 -283.454 -283.454 -239.958 -279.649 -143.388 0 0 0 221.416 221.416 0 0
0 0 0 0 0 -483.595 -496.719 -496.719 -496.719 -496.719 -496.719 -499.336 -493.438 -453.777 -500 -469.362 -496.719 -493.438 -470.471 -417.683 -345.793 -349.819 -377.047 -414.694 -378.751 -416.17 -450.785 -467.394 -483.595 -483.595 -493.438 -500 -503.281 -500 -506.562 -503.281 -501.682 -500 -503.281 -503.281 -500 -500 -500 -500 -493.438 -490.157 -480.314 -477.033 -473.752 -463.909 -450.785 -450.785 -440.942 -434.535 -424.537 -414.694 -401.57 -391.727 -391.727 -387.842 -366.217 -408.132 -404.851 -358.917 -347.475 -332.669 -331.987 -311.772 -172.82 -165.493 -271.715 -89.1629 -89.1629 -16.4035 35.2857 253.444 233.263 0 0
0 0 0 0 0 -414.595 -496.719 -496.719 -496.719 -496.719 -493.438 -493.438 -496.719 -500 -496.719 -496.719 -496.719 -499.138 -463.672 -412.745 -327.008 -317.155 -364.944 -332.253 -366.733 -366.733 -437.203 -434.564 -442.51 -480.314 -500 -500 -500 -506.562 -500 -500 -506.562 -506.562 -506.562 -506.562 -506.562 -503.281 -500 -496.719 -490.157 -486.876 -477.033 -477.033 -470.471 -463.909 -454.066 -450.785 -435.576 -431.099 -427.818 -421.256 -408.132 -401.57 -404.851 -387.842 -411.413 -408.132 -352.67 -367.906 -333.012 -332.669 -310.039 -311.772 -217.912 -217.912 -99.3627 -27.6126 -45.9266 -16.4035 225.673 253.444 121.066 0 0
0 0 0 0 0 -223.033 -496.719 -493.438 -493.438 -500 -500 -496.719 -496.719 -500 -500 -500 -496.719 -257.072 -463.672 -348.62 -327.008 -272.926 -272.926 -321.776 -318.48 -313.89 -375.251 -412.181 -453.528 -453.528 -503.281 -503.281 -503.281 -500 -503.281 -506.562 -506.562 -509.843 -506.562 -506.562 -506.562 -500 -500 -500 -490.157 -483.595 -477.033 -473.752 -463.909 -463.909 -454.066 -454.066 -444.223 -437.661 -427.818 -417.975 -408.132 -433.381 -438.732 -431.099 -388.119 -380.202 -322.069 -295.952 -272.346 -272.346 -225.267 -207.991 -260.718 -227.92 -186.653 -166.475 -100.281 -69.2545 77.0867 151.253 0 0 0
0 0 0 0 0 0 -427.844 -499.156 -496.719 -496.719 -496.719 -496.719 -493.438 -496.719 -500 -500 -498.005 -490.157 -490.157 -345.051 -391.675 -242.497 -252.517 -269.254 -351.16 -350.504 -354.019 -348.84 -385.881 -500 -503.281 -513.124 -513.124 -506.562 -503.281 -507.779 -506.562 -497.713 -506.562 -506.562 -506.562 -506.562 -503.281 -496.719 -490.157 -483.595 -473.752 -473.752 -467.19 -463.909 -459.519 -447.504 -437.729 -434.38 -454.066 -433.784 -444.223 -444.223 -398.289 -405.715 -342.975 -342.975 -316.264 -280.951 -258.692 -257.564 -179.201 -197.086 -229.262 -229.262 -167.764 -195.091 -135.746 23.2164 0 0 0 0 0
0 0 0 0 0 0 -493.438 -496.719 -500 -500 -500 -500 -500 -500 -500 -500 -500 -500 -486.938 -414.76 -272.977 -268.841 -235.6 -338.15 -276.644 -388.067 -379.603 -424.04 -425.812 -500 -506.562 -516.405 -513.124 -506.562 -508.92 -506.562 -506.562 -509.843 -509.843 -506.562 -506.562 -500 -500 -500 -493.438 -486.876 -480.314 -472.944 -467.19 -457.347 -457.347 -454.066 -444.223 -437.661 -454.066 -424.537 -444.223 -408.132 -408.132 -401.57 -381.258 -358.917 -316.264 -274.942 -258.692 -236.618 -230.958 -111.767 -120.215 -154.168 -230.582 -171.111 -123.381 34.644 0 0 0 0 0
0 0 0 0 0 0 0 -496.719 -496.719 -500 -500 -500 -500 -496.719 -496.719 -497.685 -500 -500 -500 -482.251 -363.157 -257.928 -344.499 -340.852 -300.724 -438.815 -375.332 -479.604 -388.631 -503.139 -513.124 -516.405 -516.405 -506.589 -509.843 -509.843 -509.843 -503.472 -509.843 -506.562 -506.562 -506.562 -503.281 -497.883 -493.438 -486.876 -476.633 -477.033 -470.471 -467.19 -460.628 -454.066 -450.785 -437.661 -437.661 -431.099 -424.537 -424.537 -408.132 -401.57 -380.081 -361.276 -368.76 -332.669 -283.766 -208.591 -172.403 -193.37 -120.215 -159.362 -242.244 -85.9082 -123.381 -70.3861 0 0 0 0 0
0 0 0 0 0 0 -490.114 -490.114 -496.719 -500 -500 -500 -496.719 -496.719 -496.719 -496.719 -496.719 -500 -500 -482.251 -308.981 -308.981 -340.427 -304.06 -311.437 -438.815 -470.471 -479.604 -474.747 -474.747 -509.843 -509.843 -513.124 -500 -509.843 -506.562 -506.562 -509.843 -509.843 -505.714 -506.562 -506.562 -503.281 -503.281 -500 -490.157 -483.595 -477.033 -473.752 -470.471 -470.471 -460.628 -454.066 -444.223 -437.661 -431.099 -424.537 -421.256 -421.256 -408.132 -397.745 -371.159 -352.355 -317.358 -253.925 -247.912 -286.468 -289.935 -174.697 -262.51 -213.735 -231.861 -231.861 -170.83 0 0 0 0 0
0 0 0 0 0 0 -486.996 -499.459 -500 -500 -500 -496.719 -496.719 -496.719 -496.719 -496.719 -497.148 -496.719 -496.719 -496.719 -498.403 -275.283 -463.589 -295.657 -349.296 -349.296 -500.158 -500 -503.281 -500 -500 -513.124 -500 -505.195 -509.379 -500 -509.843 -509.843 -509.843 -509.843 -501.682 -506.562 -503.281 -503.281 -500 -490.157 -483.595 -483.595 -480.314 -473.752 -467.19 -460.628 -450.785 -444.223 -444.223 -441.513 -434.38 -427.818 -417.975 -401.561 -392.658 -381.818 -352.396 -313.853 -306.421 -239.822 -271.624 -267.848 -267.848 -283.834 -309.702 -283.254 -211.196 0 0 0 0 0 0
-9999 0 0 0 0 -440.088 -500 -500 -500 -500 -500 -496.719 -500 -496.719 -500 -500 -500 -500 -493.438 -506.562 -494.229 -494.229 -496.719 -485.38 -500 -500 -506.562 -500 -509.843 -509.843 -506.562 -509.751 -509.805 -509.843 -509.843 -500 -500.001 -508.798 -509.843 -500 -506.562 -506.562 -500 -500 -500 -500 -490.157 -483.595 -480.314 -473.752 -470.471 -463.909 -457.347 -454.066 -450.785 -441.513 -434.38 -427.818 -427.818 -417.975 -393.685 -381.818 -365.357 -313.853 -276.186 -276.186 -227.376 -337.386 -306.416 -283.834 -270.712 -283.254 -159.391 -295.275 0 0 0 0 0
-9999 0 0 0 0 0 -500 -500 -500 -500 -500 -493.438 -500 -500 -500 -500 -500 -500 -500 -500.183 -500 -500 -500 -500 -509.843 -509.843 -506.562 -506.562 -503.281 -500 -506.562 -506.347 -506.562 -505.7 -500 -503.281 -506.416 -505.015 -513.124 -513.124 -509.843 -509.843 -506.562 -503.281 -500 -500 -490.157 -490.157 -483.595 -477.033 -470.471 -463.909 -457.347 -450.785 -450.785 -444.223 -440.942 -434.38 -424.537 -408.34 -404.851 -404.851 -381.852 -364.627 -309.702 -297.685 -334.815 -327.917 -355.202 -306.311 -308.135 -276.892 -316.264 -212.734 0 0 0 0 0
-9999 -9999 0 0 0 0 -500 -496.719 -496.719 -496.719 -493.438 -456.868 -496.719 -496.719 -496.719 -496.719 -500 -500 -500 -500 -500 -500 -496.719 -500 -502.436 -509.843 -506.562 -513.124 -513.124 -502.983 -506.562 -500 -506.562 -500 -500 -509.843 -509.843 -509.843 -506.562 -503.22 -509.843 -500 -506.562 -506.562 -500 -500 -496.719 -487.086 -480.314 -473.752 -480.314 -470.471 -463.909 -457.347 -450.785 -444.704 -437.661 -437.661 -427.818 -421.256 -411.413 -404.851 -391.727 -379.012 -370.381 -370.381 -368.76 -358.917 -286.337 -323.12 -172.833 -319.545 -283.196 -120.895 -25.6844 0 0 0 0
-9999 -9999 0 0 0 0 0 -496.719 -493.438 -493.438 -493.438 0 0 0 -454.066 -475.509 -500 -474.251 -493.438 -483.477 -496.719 -500 -500 -500 -513.124 -500 -509.843 -500 -500 -509.843 -500 -503.281 -503.281 -500 -500 -503.702 -509.843 -506.562 -506.562 -503.281 -500 -509.843 -500 -506.562 -500 -500 -496.719 -493.438 -491.573 -480.314 -480.314 -470.471 -463.909 -456.152 -456.152 -447.504 -444.223 -434.38 -427.818 -417.975 -411.413 -408.132 -401.57 -391.727 -382.221 -375.322 -287.961 -272.942 -218.074 -229.25 -258.572 -129.756 -260.487 -178.462 -31.5261 0 0 0 0
-9999 -9999 -9999 0 0 0 0 0 0 -473.804 -463.909 -445.137 0 0 0 0 -379.851 -417.198 -452.411 -467.19 -497.95 -466.236 -492.197 -479.556 -500 -495.153 -500 -500 -500 -500 -506.019 -503.281 -503.281 -500 -500.041 -500 -500 -503.281 -503.281 -509.843 -496.719 -509.843 -506.562 -506.562 -506.562 -502.999 -500 -493.438 -486.876 -480.314 -480.314 -473.752 -470.471 -460.628 -450.785 -447.504 -440.942 -440.942 -434.38 -424.537 -421.256 -411.413 -401.57 -403.355 -382.221 -353.599 -341.271 -262.936 -218.074 -253.713 -258.572 -158.768 -158.768 -164.024 -139.09 -146.489 0 0 0
-9999 -9999 -9999 -9999 0 0 0 0 -490.157 -473.804 -467.19 -324.209 -384.602 0 0 0 0 0 -332.669 -417.975 -405.411 -466.236 -461.526 -479.556 -465.166 -465.166 -473.752 -497.263 -496.719 -500 -500 -503.281 -503.281 -503.281 -506.562 -503.281 -500 -506.562 -505.572 -511.416 -509.843 -503.281 -506.562 -506.562 -503.281 -502.953 -502.953 -500 -493.438 -486.876 -480.314 -473.752 -467.19 -460.628 -460.628 -454.066 -444.223 -437.661 -431.099 -424.537 -417.975 -414.694 -408.132 -401.57 -398.289 -357.883 -288.934 -327.534 -327.534 -260.487 -183.446 -206.229 -165.111 -93.6675 -124.651 -260.487 0 0 0
-9999 -9999 -9999 -9999 0 0 0 0 0 -483.595 -437.661 -414.694 -352.355 0 0 0 0 0 0 -348.381 -377.275 -377.275 -416.186 -421.351 -358.313 -425.071 -447.504 -481.107 -469.465 -493.438 -490.157 -503.281 -503.281 -503.281 -506.562 -506.562 -513.124 -509.031 -498.866 -511.416 -511.524 -503.281 -500 -500 -500 -503.281 -501.34 -500 -490.157 -483.595 -483.595 -477.033 -470.471 -463.909 -460.628 -450.785 -447.326 -442.817 -434.38 -431.099 -424.537 -414.694 -398.289 -398.289 -366.372 -365.287 -352.751 -310.749 -306.405 -278.319 -263.019 -206.857 -206.857 -126.851 -232.329 -220.941 0 0 0
-9999 -9999 -9999 -9999 -9999 0 0 0 -473.752 -473.636 -457.347 -408.132 -327.045 -312.983 0 0 0 0 0 0 0 0 0 0 0 0 0 -434.408 -456.499 -473.752 -486.876 -500 -500 -503.281 -509.843 -500 -513.124 -500 -513.124 -513.124 -513.124 -500 -509.843 -509.843 -506.562 -500 -500.618 -500 -493.438 -490.157 -483.595 -477.033 -469.619 -463.909 -463.909 -457.347 -450.785 -442.817 -437.571 -431.099 -421.256 -421.256 -414.694 -411.413 -388.446 -365.287 -321.164 -310.749 -302.526 -242.891 -322.826 -244.105 -172.045 -237.61 -263.97 -257.141 0 0 0
-9999 -9999 -9999 -9999 -9999 0 0 0 0 -457.347 -457.347 -367.835 -327.045 -257.565 -257.565 0 0 0 0 0 0 0 0 0 0 0 -398.289 -421.256 -430.442 -449.2 -467.19 -486.876 -496.719 -503.281 -509.843 -509.843 -513.124 -509.843 -500 -506.562 -500 -513.124 -509.843 -509.843 -504.01 -506.562 -500 -500 -493.438 -490.157 -490.157 -480.314 -477.033 -470.471 -464.279 -457.347 -450.785 -450.785 -444.223 -433.924 -427.818 -421.256 -417.975 -399.102 -396.115 -375.322 -353.174 -306.814 -349.074 -242.891 -313.22 -244.105 -229.591 -241.581 -293.622 -257.141 0 0 0
-9999 -9999 -9999 -9999 -9999 -9999 0 -345.663 -450.785 -434.38 -434.38 -414.694 0 0 -194.867 0 0 0 0 0 0 0 0 0 0 0 0 -404.851 -430.442 -447.504 -467.19 -483.595 -483.595 -496.719 -506.562 -508.586 -509.843 -500 -496.719 -496.719 -507.182 -509.843 -506.562 -503.281 -503.281 -500 -500.525 -496.719 -490.157 -493.438 -486.876 -480.314 -470.471 -470.471 -470.471 -463.909 -454.066 -447.504 -437.661 -431.099 -424.537 -424.537 -417.975 -414.694 -404.851 -378.603 -329.003 -309.702 -375.187 -366.434 -322.088 -241.673 -272.924 -269.547 -261.338 -261.338 -233.363 -139.531 0
-9999 -9999 -9999 -9999 -9999 -9999 -9999 0 -401.57 -409.061 -404.851 -362.845 0 0 0 0 0 0 0 0 0 0 0 0 0 0 -378.603 -424.537 -424.537 -437.661 -450.796 -470.471 -483.595 -500 -509.843 -506.562 -500 -506.68 -496.719 -506.562 -507.182 -506.562 -506.562 -500 -503.281 -503.281 -500.525 -496.719 -490.157 -490.157 -490.157 -483.595 -483.595 -470.471 -470.471 -460.628 -450.785 -450.785 -440.942 -434.38 -426.267 -424.537 -414.845 -408.132 -404.851 -398.289 -393.86 -381.884 -373.366 -352.355 -319.036 -281.38 -314.702 -303.14 -247.375 -269.871 -259.06 -194.781 0
-9999 -9999 -9999 -9999 -9999 -9999 -9999 0 -349.074 0 0 -288.92 -285.878 0 0 0 0 0 0 0 0 0 0 0 0 0 0 -385.682 -414.694 -440.942 -454.066 -477.033 -477.033 -497.461 -506.562 -506.562 -506.562 -500 -506.562 -506.562 -503.281 -503.281 -506.562 -503.281 -500 -500 -500 -500 -500 -493.438 -490.157 -483.595 -477.033 -477.033 -470.471 -460.628 -457.347 -447.504 -440.942 -434.38 -426.267 -424.537 -417.975 -414.694 -404.851 -395.008 -393.86 -381.884 -381.884 -368.76 -315.839 -345.793 -314.702 -275.124 -247.375 -260.424 -299.859 -248.637 0
-9999 -9999 -9999 -9999 -9999 -9999 -9999 -9999 0 0 0 -288.92 0 0 0 0 0 0 0 0 0 0 0 0 0 0 0 -388.446 -388.446 -422.116 -447.504 -473.752 -483.595 -499.181 -504.777 -506.562 -500 -506.562 -500 -501.682 -503.281 -500 -500 -500 -500 -500 -500 -496.719 -493.438 -493.438 -493.438 -486.876 -483.595 -473.752 -467.19 -460.628 -454.066 -450.785 -444.223 -434.38 -429.292 -424.537 -417.618 -417.224 -417.224 -404.133 -395.008 -384.304 -381.884 -340.256 -304.915 -343.499 -344.507 -302.229 -329.388 -246.71 -281.999 -199.133 0
-9999 -9999 -9999 -9999 -9999 -9999 -9999 -9999 0 0 0 0 0 0 0 0 0 0 0 0 0 0 0 0 0 0 0 0 0 -422.116 -457.347 -473.752 -483.595 -493.438 -506.562 -506.562 -503.281 -506.562 -503.281 -503.281 -500 -503.281 -500 -500 -499.588 -497.939 -497.939 -489.674 -491.987 -490.157 -490.157 -483.595 -477.033 -477.033 -472.054 -463.909 -457.347 -447.504 -440.942 -434.38 -427.818 -427.818 -421.256 -414.694 -408.132 -395.008 -391.727 -368.76 -368.76 -357.192 -368.76 -349.074 -295.451 -313.443 -305.568 -320.684 -247.524 -205.924 -207.022
-9999 -9999 -9999 -9999 -9999 -9999 -9999 -9999 -9999 0 0 0 0 0 0 0 0 0 0 0 0 0 0 0 0 0 0 0 0 0 0 -466.839 -486.876 -496.719 -503.351 -503.351 -503.281 -506.562 -500 -500 -501.479 -503.225 -489.017 -492.499 -471.159 -493.037 -474.363 -489.674 -480.016 -490.157 -463.882 -480.086 -474.312 -477.033 -470.471 -463.909 -457.347 -457.347 -447.504 -444.223 -434.38 -427.818 -421.256 -414.694 -411.565 -404.851 -395.484 -378.603 -353.769 -340.243 -332.05 -330.23 -352.355 -314.39 -319.628 -287.717 -320.395 -177.515 -217.834
-9999 -9999 -9999 -9999 -9999 -9999 -9999 -9999 -9999 0 0 0 0 0 0 0 0 0 0 0 0 0 0 0 0 0 0 0 0 0 0 0 -472.003 -496.719 -500 -500 -500 -493.438 -500 -500 -479.001 -479.119 -440.473 -457.818 -433.449 -452.862 -413.244 -437.522 -420.404 -446.54 -425.165 -457.688 -447.386 -447.386 -456.536 -465.519 -457.347 -454.066 -444.223 -440.942 -437.661 -431.099 -424.537 -414.694 -404.851 -404.851 -391.727 -378.603 -381.288 -354.219 -332.669 -330.23 -339.231 -314.39 -218.298 -218.298 -244.924 -293.379 -250.943
-9999 -9999 -9999 -9999 -9999 -9999 -9999 -9999 -9999 -9999 0 0 0 0 0 0 0 0 0 0 0 0 0 0 0 0 0 0 0 0 0 0 -470.553 -500 -500 -500 -500 -494.123 -473.679 -475.513 -421.528 -433.446 -402.968 -408.318 -407.919 -411.827 -410.799 -409.212 -407.346 -410.567 -396.4 -397.925 -387.217 -413.83 -423.607 -456.702 -457.203 -457.203 -450.785 -444.223 -437.661 -431.099 -417.975 -408.132 -408.132 -398.289 -388.446 -378.603 -365.479 -361.337 -345.793 -345.793 -306.025 -290.016 -290.016 -280.173 -230.958 -308.183 -271.252
-9999 -9999 -9999 -9999 -9999 -9999 -9999 -9999 -9999 -9999 -9999 0 0 0 0 0 0 0 0 0 0 0 0 0 0 0 0 0 0 0 0 0 0 -481.863 -493.993 -500 -500 -469.472 -473.679 -412.121 -415.557 -399.087 -402.968 -477.253 -407.919 -460.892 -460.892 -451.039 -443.889 -436.401 -396.4 -386.929 -378.613 -378.613 -371.723 -402.785 -435.903 -452.945 -450.785 -444.223 -440.942 -434.38 -424.537 -414.694 -401.57 -395.008 -381.884 -375.322 -368.76 -365.479 -349.938 -335.8 -293.995 -290.016 -266.018 -266.018 -276.262 -237.517 -237.479
-9999 -9999 -9999 -9999 -9999 -9999 -9999 -9999 -9999 -9999 -9999 0 0 0 0 0 0 0 0 0 0 0 0 0 0 0 0 0 0 0 0 0 0 -499.111 -499.934 -485.124 -487.058 -406.378 -407.066 -384.774 -390.063 -483.179 -483.179 -478.771 -475.163 -464.045 -453.513 -446.622 -442.607 -441.922 -435.037 -417.187 -409.57 -393.108 -371.723 -392.484 -435.903 -432.935 -450.785 -440.942 -440.942 -434.1 -424.537 -409.594 -409.594 -401.57 -388.446 -378.603 -368.76 -364.112 -349.938 -349.074 -338.402 -319.545 -299.859 -275.704 -235.25 -209.689 -181.718
-9999 -9999 -9999 -9999 -9999 -9999 -9999 -9999 -9999 -9999 -9999 -9999 0 0 0 0 0 0 0 0 0 0 0 0 0 0 0 0 0 0 0 0 0 -414.105 -458.516 -441.097 -432.215 -374.896 -374.896 -472.646 -478.429 -479.749 -481.548 -479.26 -473.366 -458.392 -458.392 -453.877 -447.982 -443.995 -430.241 -414.446 -403.368 -401.221 -391.658 -362.22 -383.937 -429.953 -446.104 -437.661 -437.661 -427.818 -424.537 -414.694 -404.851 -388.629 -378.603 -368.76 -368.76 -355.636 -352.355 -342.512 -338.402 -299.859 -299.859 -279.188 -247.363 -219.581 -181.718
-9999 -9999 -9999 -9999 -9999 -9999 -9999 -9999 -9999 -9999 -9999 -9999 0 0 0 0 0 0 0 0 0 0 0 0 0 0 0 0 0 0 0 0 0 -414.105 -444.404 -444.404 -377.408 -375.168 -458.016 -471.608 -477.095 -482.591 -482.591 -481.971 -480.398 -471.136 -459.212 -457.096 -449.503 -454.38 -446.833 -428.244 -409.878 -396.932 -384.657 -351.384 -384.344 -369.253 -421.522 -434.567 -434.38 -424.537 -417.975 -404.851 -404.851 -391.727 -386.096 -375.322 -365.479 -355.636 -345.793 -341.69 -332.669 -316.25 -306.817 -273.284 -311.573 -235.221 -235.221
-9999 -9999 -9999 -9999 -9999 -9999 -9999 -9999 -9999 -9999 -9999 -9999 -9999 0 0 0 0 0 0 0 0 0 0 0 0 0 0 0 0 0 0 0 0 0 0 -408.132 -311.71 -424.794 -423.812 -459.806 -476.17 -478.054 -484.587 -481.971 -477.844 -471.136 -473.371 -470.336 -471.461 -454.38 -452.336 -428.244 -408.53 -408.53 -393.263 -361.59 -345.565 -369.253 -403.188 -428.827 -428.827 -420.203 -421.256 -411.413 -400.242 -388.446 -381.884 -378.603 -372.041 -358.917 -349.073 -332.669 -332.669 -322.826 -299.859 -316.595 -341.913 -270.33 -365.479
-9999 -9999 -9999 -9999 -9999 -9999 -9999 -9999 -9999 -9999 -9999 -9999 -9999 -9999 0 0 0 0 0 0 0 0 0 0 0 0 0 0 0 0 0 0 0 0 -260.238 -260.238 -297.504 -374.031 -413.001 -457.189 -474.444 -480.521 -471.508 -479.2 -470.048 -477.255 -477.186 -476.93 -484.526 -484.526 -485.174 -452.157 -418.104 -405.874 -383.957 -350.636 -364.824 -334.463 -341.5 -383.466 -400.451 -420.203 -414.694 -411.413 -408.132 -398.289 -385.165 -378.603 -365.479 -358.917 -345.793 -345.793 -388.446 -388.675 -342.512 -316.595 -280.173 -270.33 -293.297
-9999 -9999 -9999 -9999 -9999 -9999 -9999 -9999 -9999 -9999 -9999 -9999 -9999 -9999 0 0 0 0 0 0 0 0 0 0 0 0 0 0 0 0 0 0 0 0 0 -249.989 -269.323 -349.186 -318.643 -390.716 -436.435 -462.802 -467.383 -467.833 -457.227 -468.184 -460.724 -479.329 -516.415 -504.703 -480.245 -449.869 -407.301 -407.301 -385.159 -377.997 -364.118 -326.788 -309.722 -349.524 -307.275 -358.063 -376.501 -411.091 -407.157 -398.289 -424.537 -424.537 -411.413 -372.041 -404.851 -398.289 -358.917 -349.074 -327.869 -327.869 -306.735 -299.859 -255.373
-9999 -9999 -9999 -9999 -9999 -9999 -9999 -9999 -9999 -9999 -9999 -9999 -9999 -9999 -9999 0 0 0 0 0 0 0 0 0 0 0 0 0 0 0 0 0 0 0 0 0 -114.591 -226.455 -318.643 -383.97 -436.435 -463.411 -463.411 -467.284 -455.542 -441.361 -450.78 -490.676 -505.013 -505.013 -482.105 -466.683 -409.396 -398.248 -384.341 -371.786 -368.452 -360.355 -344.679 -300.313 -296.765 -322.687 -336.339 -397.079 -373.749 -396.647 -395.008 -417.975 -411.902 -382.917 -372.041 -372.041 -336.75 -329.388 -312.983 -303.14 -280.795 -253.775 -282.155
