gis_data/PP1766_DIS_Layer9_Top_ASCII.txt
ncols         308
nrows         431
xllcorner     -321143.35392317
yllcorner     1277883.4776336
cellsize      1609.334
NODATA_value  -9999
[rows 245 to 279 of 431, columns 158 to 236 of 308]
-900.447 -896.777 -889.169 -887.03 -877.192 -881.624 -872.541 -865.87 -857.563 -850.97 -838.652 -824.443 -824.443 -798.502 -750.708 -723.345 -699.117 -691.336 -668.241 -687.155 -679.842 -679.913 -659.352 -629.363 -599.463 -576.453 -576.453 -547.017 -613.294 -729.721 -764.691 -760.265 -741.586 -718.619 -718.619 -695.867 0 0 0 0 0 0 0 0 0 0 0 0 0 0 0 0 0 0 0 0 0 0 0 0 0 0 0 0 0 0 0 0 0 0 0 -9999 -9999 -9999 -9999 -9999 -9999 -9999 -9999
-903.005 -905.329 -899.761 -895.408 -890.051 -883.233 -873.315 -869.132 -869.132 -859.569 -849.762 -838.444 -826.776 -798.199 -756.055 -729.98 -729.98 -713.718 -697.771 -690.909 -695.025 -678.443 -660.201 -650.321 -619.412 -586.822 -571.421 -554.972 -610.092 -725.863 -725.863 -770.003 -750.571 -741.586 -718.619 -679.247 0 0 0 0 0 0 0 0 0 0 0 0 0 0 0 0 0 0 0 0 0 0 0 0 0 0 0 0 0 0 0 0 0 0 0 -9999 -9999 -9999 -9999 -9999 -9999 -9999 -9999
-907.85 -905.329 -901.315 -900.857 -894.677 -897.674 -886.768 -878.088 -869.013 -857.758 -848.674 -834.03 -834.03 -820.378 -793.387 -756.085 -733.07 -710.715 -701.036 -697.261 -684.199 -672.722 -665.38 -640.437 -610.292 -582.419 -582.419 -566.787 -551.465 -595.029 -723.719 -756.458 -744.867 -734.893 -734.893 -715.338 -668.215 0 0 0 0 0 0 0 0 0 0 0 0 0 0 0 0 0 0 0 0 0 0 0 0 0 0 0 0 0 0 0 0 0 0 0 -9999 -9999 -9999 -9999 -9999 -9999 -9999
-910.802 -910.802 -906.399 -904.611 -901.576 -897.674 -889.441 -878.088 -878.775 -866.896 -857.321 -845.485 -833.101 -820.378 -784.839 -784.839 -753.762 -728.459 -706.34 -697.261 -679.786 -672.722 -658.638 -656.272 -634.208 -602.037 -580.346 -565.758 -544.114 -588.217 -588.217 -702.207 -751.542 -734.463 -715.338 -705.495 -666.087 -689.09 0 0 0 0 0 0 0 0 0 0 0 0 0 0 0 0 0 0 0 0 0 0 0 0 0 0 0 0 0 0 0 0 0 0 -9999 -9999 -9999 -9999 -9999 -9999 -9999
-919.706 -915.453 -909.413 -909.016 -908.891 -901.84 -893.895 -887.538 -880.429 -869.983 -856.221 -844.532 -840.06 -828.488 -807.442 -778.899 -755.66 -724.193 -696.679 -696.679 -685.685 -675.423 -666.557 -656.272 -629.071 -602.037 -598.648 -578.76 -562.433 -541.428 -591.036 -702.207 -736.902 -736.902 -733.62 -715.338 -726.157 -689.09 -674.363 0 0 0 0 0 0 0 0 0 0 0 0 0 0 0 0 0 0 0 0 0 0 0 0 0 0 0 0 0 0 0 0 0 0 -9999 -9999 -9999 -9999 -9999 -9999
-927.125 -927.125 -921.564 -913.221 -907.167 -905.529 -898.584 -893.394 -897.171 -885.925 -875.044 -857.226 -837.869 -828.733 -828.654 -828.654 -800.108 -751.427 -713.889 -694.367 -680.234 -673.552 -661.335 -661.335 -644.151 -623.089 -597.099 -578.249 -565.77 -553.237 -542.316 -588.46 -688.075 -736.336 -732.143 -741.586 -695.652 -695.652 -689.09 -670.076 0 0 0 0 0 0 0 0 0 0 0 0 0 0 0 0 0 0 0 0 0 0 0 0 0 0 0 0 0 0 0 0 0 0 -9999 -9999 -9999 -9999 -9999
-948.823 -930.98 -921.564 -911.085 -911.085 -908.101 -906.435 -900.478 -897.171 -893.371 -876.946 -856.381 -856.35 -844.344 -832.971 -830.893 -769.848 -740.969 -710.467 -710.467 -691.619 -677.484 -664.264 -655.285 -638.43 -619.944 -618.122 -600.584 -584.504 -567.72 -559.3 -599.744 -718.247 -718.247 -738.305 -719.776 -712.057 -698.933 -698.933 -671.754 -597.774 -597.774 0 0 0 0 0 0 0 0 0 0 0 0 0 0 0 0 0 0 0 0 0 0 0 0 0 0 0 0 0 0 0 0 -9999 -9999 -9999 -9999 -9999
-944.341 -944.683 -932.349 -921.814 -910.47 -906.409 -903.412 -903.887 -903.887 -904.366 -893.002 -876.672 -856.35 -845.901 -832.971 -807.056 -793.013 -759.289 -735.568 -711.398 -691.619 -677.824 -677.824 -663.142 -649.334 -637.663 -618.122 -599.675 -584.504 -570.858 -570.858 -550.569 -667.843 -727.231 -738.305 -725.181 -715.338 -715.338 -732.782 -712.057 -681.446 -628.13 0 0 0 0 0 0 0 0 0 0 0 0 0 0 0 0 0 0 0 0 0 0 0 0 0 0 0 0 0 0 0 0 0 -9999 -9999 -9999 -9999
-956.628 -951.323 -936.917 -922.52 -922.52 -912.053 -907.387 -906.542 -899.816 -899.033 -892.499 -879.424 -879.424 -855.121 -829.441 -801.029 -781.814 -767.207 -733.153 -758.019 -720.2 -703.371 -680.727 -658.585 -644.323 -636.706 -636.706 -626.863 -607.567 -598.867 -584.519 -605.663 -667.843 -729.72 -748.148 -743.959 -728.462 -721.9 -732.782 -695.551 -681.446 -671.783 0 0 0 0 0 0 0 0 0 0 0 0 0 0 0 0 0 0 0 0 0 0 0 0 0 0 0 0 0 0 0 0 0 -9999 -9999 -9999 -9999
-965.184 -972.682 -956 -944.43 -924.746 -914.197 -908.411 -907.532 -907.532 -908.589 -900.872 -892.034 -878.565 -837.668 -820.349 -818.849 -800.639 -796.876 -790.428 -758.233 -728.7 -707.627 -707.627 -693.643 -670.139 -651.482 -638.43 -629.62 -612.839 -580.83 -580.83 -655.01 -692.132 -760.664 -751.429 -744.867 -731.743 -746.122 -733.122 -712.057 -695.652 -676.923 -658.227 0 0 0 0 0 0 0 0 0 0 0 0 0 0 0 0 0 0 0 0 0 0 0 0 0 0 0 0 0 0 0 0 0 -9999 -9999 -9999
-983.889 -972.682 -961.106 -944.43 -946.806 -928.116 -921.733 -912.3 -913.541 -908.589 -901.814 -901.814 -888.831 -868.276 -840.972 -818.849 -806.079 -796.876 -787.635 -774.937 -755.734 -742.723 -720.815 -697.241 -671.556 -657.417 -657.417 -650.34 -618.314 -622.558 -636.996 -756.321 -767.316 -777.677 -767.834 -757.991 -748.148 -730.362 -731.723 -708.776 -708.776 -700.671 -692.817 -680.178 0 0 0 0 0 0 0 0 0 0 0 0 0 0 0 0 0 0 0 0 0 0 0 0 0 0 0 0 0 0 0 0 -9999 -9999 -9999
-990.838 -990.838 -977.386 -962.882 -949.137 -934.513 -927.574 -917.872 -921.793 -915.749 -909.972 -903.224 -887.262 -867.696 -852.662 -852.662 -841.884 -816.477 -797.138 -774.937 -760.578 -742.723 -750.28 -728.326 -700.913 -676.886 -665.459 -650.34 -626.748 -622.558 -698.733 -735.15 -788.336 -777.677 -771.115 -757.991 -751.429 -751.429 -738.305 -726.658 -707.351 -702.214 -685.67 -667.181 -667.181 -669.404 -662.927 0 0 0 0 0 0 0 0 0 0 0 0 0 0 0 0 0 0 0 0 0 0 0 0 0 0 0 0 0 0 -9999 -9999
-1005.28 -992.825 -981.91 -962.857 -965.2 -951.638 -942.045 -931.311 -923.374 -916.83 -907.801 -907.801 -901.591 -887.182 -876.479 -863.874 -850.727 -820.838 -803.814 -803.814 -782.377 -764.78 -752.103 -734.346 -712.966 -682.033 -696.19 -658.322 -656.481 -662.014 -769.272 -788.987 -794.082 -794.082 -784.045 -774.396 -767.834 -747.29 -744.867 -726.658 -735.024 -718.619 -691.155 -681.143 -685.809 -669.404 -655.699 0 0 0 0 0 0 0 0 0 0 0 0 0 0 0 0 0 0 0 0 0 0 0 0 0 0 0 0 0 0 0 -9999
-1019.73 -1006.38 -996.4 -978.479 -965.2 -952.701 -943.049 -934.642 -940.724 -928.382 -919.365 -909.944 -902.721 -889.609 -881.991 -881.991 -874.841 -856.456 -837.624 -810.233 -776.646 -760.323 -764.331 -752.795 -741.037 -718.276 -682.656 -665.479 -688.81 -688.81 -766.398 -807.675 -803.925 -794.082 -788.851 -777.677 -774.396 -774.396 -755.039 -734.885 -725.181 -714.589 -689.577 -670.802 -705.416 -705.525 -674.772 0 0 0 0 0 0 0 0 0 0 0 0 0 0 0 0 0 0 0 0 0 0 0 0 0 0 0 0 0 0 0 -9999
-1021.64 -1008.22 -995.48 -978.139 -978.139 -965.804 -955.552 -948.442 -940.724 -930.194 -919.365 -921.533 -910.729 -906.12 -891.232 -887.647 -874.841 -860.961 -837.624 -839.213 -809.6 -786.07 -764.331 -752.453 -741.037 -703.562 -707.02 -690.457 -682.308 -704.381 -761.957 -804.714 -803.925 -803.925 -800.644 -790.801 -784.239 -755.296 -744.867 -742.185 -729.843 -721.385 0 -699.689 -700.301 -715.226 -689.09 0 0 0 -605.772 0 0 0 0 0 0 0 0 0 0 0 0 0 0 0 0 0 0 0 0 0 0 0 0 0 0 0 0
-1033.42 -1020.69 -1007.79 -999.61 -981.127 -965.594 -954.616 -950.48 -950.48 -943.243 -936.703 -928.707 -914.666 -912.201 -900.646 -906.332 -893.646 -883.135 -863.687 -843.951 -817.003 -795.337 -795.337 -768.624 -750.058 -722.938 -707.02 -690.708 -682.308 -682.14 -703.25 -741.929 -798.116 -810.487 -800.644 -791.953 -784.239 -777.677 -764.553 -752.546 -729.843 -736.349 0 -715.722 -715.722 -692.811 -697.196 -666.237 -667.389 -630.032 -620.935 -620.935 -600.503 0 0 -550.412 0 0 0 0 0 0 0 0 0 0 0 0 0 0 0 0 0 0 0 0 0 0 0
-1031.88 -1025.39 -1014.24 -1002.14 -1002.14 -987.097 -970.998 -961.21 -952.565 -944.253 -931.446 -936.451 -927.909 -924.563 -918.794 -915.915 -902.453 -889.503 -889.503 -871.134 -848.786 -827.101 -798.354 -770.761 -751.788 -722.538 -722.538 -717.316 -699.218 -680.495 -690.808 -720.154 -790.896 -783.432 -810.487 -794.379 -784.239 -767.834 -754.71 -741.586 -741.586 -750.884 -728.478 -708.776 -712.057 -701.516 -697.196 -698.933 -672.267 -655.446 -639.875 -623.618 -600.503 -524.05 0 -608.815 -547.362 0 0 0 0 0 0 0 0 0 0 0 0 0 0 0 0 0 0 0 0 0 0
-1040.5 -1034.55 -1035.19 -1021.5 -1006.23 -987.097 -973.51 -973.51 -964.311 -953.983 -946.924 -936.451 -931.3 -933.15 -924.687 -936.29 -923.788 -914.711 -894.419 -875.665 -850.137 -830.575 -830.575 -805.209 -775.545 -757.24 -733.766 -719.946 -704.555 -708.421 -697.902 -686.624 -721.951 -779.894 -807.23 -794.082 -794.082 -780.958 -771.115 -773.48 -756.006 -748.709 -731.121 -733.019 -733.019 -728.462 -702.117 -688.094 -669.373 -671.827 -639.875 -649.729 -637.752 -535.581 -409.111 -637.162 -609.328 0 0 0 0 0 0 0 0 0 0 0 0 0 0 0 0 0 0 0 0 0 0
-1039.38 -1040.27 -1034.96 -1024.97 -1024.84 -1008.54 -995.463 -979.729 -965.868 -958.52 -951.394 -951.394 -947.234 -939.933 -941.329 -936.29 -934.697 -914.711 -919.911 -899.286 -878.258 -853.27 -831.903 -805.209 -782.402 -757.24 -763.331 -740.81 -721.292 -708.421 -703.843 -686.624 -716.603 -723.849 -777.952 -797.779 -790.801 -777.677 -771.115 -765.305 -765.305 -754.71 -735.024 -744.867 -732.435 -718.895 -698.933 -718.619 -689.433 -692.371 -669.404 -659.557 -635.768 -583.782 -351.613 -624.179 -725.181 -609.645 0 0 0 0 0 0 0 0 0 0 0 0 0 0 0 0 0 0 0 0 0
-1026.37 -1032.96 -1036.23 -1034.08 -1023.66 -1010.43 -994.847 -994.847 -985.963 -970.354 -962.601 -954.457 -963.1 -949.456 -953.386 -953.386 -952.694 -939.021 -922.497 -900.606 -880.177 -857.265 -863.376 -840.082 -824.516 -790.912 -769.241 -740.276 -731.417 -731.417 -729.064 -712.497 -704.901 -723.849 -776.974 -797.779 -794.343 -787.52 -783.662 -774.396 -770.833 -754.71 -758.122 -744.867 -735.024 -744.867 -728.386 -718.619 -690.699 -692.371 -692.839 -692.839 -644.81 -632.349 -647.258 -751.934 -647.199 -625.396 -625.396 0 0 0 0 0 0 0 0 0 0 0 0 0 0 0 0 0 0 0 0
-1012.45 -1031.07 -1041 -1031.59 -1040.47 -1023.95 -1012.3 -999.62 -986.085 -975.123 -978.79 -978.79 -994.139 -979.529 -978.899 -964.819 -952.663 -939.873 -940.725 -923.776 -908.062 -885.078 -877.677 -850.996 -833.392 -833.392 -810.545 -775.113 -761.498 -746.318 -748.861 -727.944 -714.501 -714.501 -736.118 -773.786 -789.379 -790.801 -787.52 -777.677 -780.958 -771.115 -765.523 -748.148 -748.148 -738.906 -710.658 -710.658 -698.933 -682.71 -669.404 -659.406 -652.464 -637.88 -652.169 -664.907 -731.743 -647.783 0 0 0 0 0 0 0 0 0 0 0 0 0 0 0 0 0 0 0 0 0
-980.614 -1002.65 -1034.87 -1050.03 -1040.47 -1028.31 -1012.3 -1021.68 -1001.68 -995.755 -983.983 -996.64 -994.139 -991.532 -978.899 -981.16 -964.325 -954.952 -940.725 -928.699 -928.542 -906.048 -932.146 -897.139 -885.616 -849.46 -821.765 -785.351 -775.964 -775.964 -777.235 -753.195 -746.868 -727.688 -740.303 -770.696 -773.504 -794.388 -794.082 -784.239 -777.677 -771.115 -767.834 -763.589 -754.71 -744.867 -731.743 -715.338 -698.933 -689.09 -672.685 -672.685 -679.411 -656.28 -757.991 -761.272 -647.566 -668.883 -630.032 0 0 0 0 0 0 0 0 0 0 0 0 0 0 0 0 0 0 0 0
-965.456 -1011.98 -1046.8 -1055.34 -1055.34 -1046.94 -1036.73 -1033.57 -1012.18 -1004.24 -993.87 -1002.87 -1007.16 -1010.93 -997.659 -983.868 -973.821 -971.118 -971.118 -965.569 -945.422 -948.353 -932.146 -919.298 -885.616 -901.073 -859.058 -831.083 -797.007 -798.617 -777.235 -767.646 -746.868 -764.392 -744.821 -754.084 -773.504 -798.143 -794.082 -784.239 -784.239 -777.677 -771.115 -767.834 -753.627 -744.447 -725.181 -725.181 -726.596 -703.18 -697.719 -682.409 -671.675 -703.907 -764.553 -754.71 -656.133 -640.573 0 0 0 0 0 0 0 0 -488.126 -472.08 0 0 0 0 0 0 0 0 0 0 0
-860.566 -939.49 -1020.1 -1061.77 -1059.81 -1058.93 -1042.86 -1063.26 -1043.59 -1046.38 -1023.91 -1020.74 -1016.76 -1023.84 -1023.84 -1017.05 -994.552 -979.804 -978.454 -961.552 -953.671 -950.376 -950.376 -943.842 -928.567 -907.462 -867.067 -837.469 -815.929 -831.886 -818.788 -810.558 -788.189 -781.028 -764.491 -764.162 -764.162 -792.028 -795.632 -790.801 -787.52 -777.677 -771.115 -774.396 -764.553 -754.851 -745.913 -728.462 -726.596 -716.295 -697.719 -695.652 -682.528 -777.677 -764.553 -658.595 -656.133 -651.234 -651.234 0 0 0 0 0 0 0 -524.409 -472.906 0 0 0 0 0 0 0 0 0 0 0
-849.177 -939.49 -1028.22 -1061.77 -1086.6 -1082.16 -1093.11 -1082.73 -1057.88 -1062.22 -1033.69 -1043.59 -1034.15 -1039.64 -1036.15 -1028.21 -1003.26 -978.254 -978.254 -965.492 -956.687 -957.986 -951.238 -949.649 -937.139 -942.814 -914.135 -890.499 -854.234 -846.818 -830.33 -823.089 -801.599 -817.706 -797.872 -779.782 -784.406 -802.981 -800.644 -791.238 -791.238 -780.955 -774.396 -764.553 -757.991 -748.148 -744.867 -744.867 -728.462 -712.057 -702.214 -692.371 -685.809 -698.933 -698.933 -669.404 -666.123 -666.123 -665.129 0 -628.258 -620.189 -620.189 0 0 -548.007 -524.409 0 0 0 0 0 0 0 0 0 0 0 0
-705.074 -816.383 -904.192 -1020.73 -1099.95 -1112.78 -1105.46 -1105.46 -1082.98 -1074.11 -1070.13 -1043.59 -1046.73 -1039.64 -1047.61 -1038.7 -1031.56 -1008.02 -979.366 -965.492 -960.156 -957.986 -956.184 -952.755 -951.562 -942.814 -920.918 -890.499 -872.022 -885.495 -865.607 -860.089 -842.02 -832.798 -790.583 -796.167 -796.167 -809.162 -803.925 -794.082 -790.801 -777.677 -769.705 -771.115 -761.738 -751.429 -748.148 -735.024 -721.9 -738.206 -702.214 -710.174 -787.52 -689.09 -695.652 -679.247 -675.966 -666.123 -666.123 -659.561 -643.156 -623.47 -613.627 -584.098 -570.469 -577.536 -553.151 0 0 0 0 0 0 0 0 0 0 0 0
-655.73 -779.399 -898.754 -898.754 -1018.75 -1089.34 -1089.63 -1092.24 -1077.73 -1084.27 -1067.83 -1067.83 -1057.29 -1055.25 -1050.79 -1042.42 -1024.31 -1004.31 -1001.53 -980.812 -969.185 -962.585 -962.638 -957.57 -958.789 -958.789 -958.718 -937.422 -922.187 -885.495 -879.603 -860.089 -870.249 -852.592 -816.278 -804.049 -812.116 -809.162 -800.644 -794.082 -790.801 -784.239 -774.396 -771.115 -761.272 -751.429 -744.867 -744.867 -803.925 -725.181 -799.455 -789.195 -698.933 -689.09 -689.09 -695.652 -685.809 -679.2 -669.404 -656.718 -643.156 -643.156 -626.751 -615.377 -593.941 -595.595 -548.937 0 0 0 0 0 0 0 0 0 0 0 0
-507.557 -631.114 -761.807 -896.946 -1011.04 -1072.78 -1064.2 -1064.2 -1048.77 -1067.33 -1075.64 -1071.57 -1066.22 -1056.42 -1062.04 -1053.9 -1039.43 -1022.85 -1008.35 -984.438 -976.021 -965.67 -973.058 -966.586 -969.004 -968.39 -967.971 -951.683 -937.028 -937.028 -911.944 -889.759 -879.016 -837.622 -822.5 -816.034 -816.67 -813.503 -800.644 -794.082 -787.52 -777.677 -774.396 -774.396 -808.664 -781.716 -751.429 -738.305 -728.462 -725.181 -715.338 -715.338 -708.776 -702.214 -698.933 -695.652 -689.62 -679.2 -682.528 -672.685 -659.561 -643.156 -626.751 -615.377 -602.143 -602.143 -607.065 -577.536 0 0 0 0 0 0 0 0 0 0 0
-507.557 -619.754 -761.807 -791.402 -905.348 -979.689 -1041.95 -1035.93 -1048.77 -1071.27 -1075.64 -1080.44 -1074.89 -1074.15 -1062.04 -1054.12 -1035.67 -1016.94 -1016.85 -1004.96 -995.638 -980.326 -976.903 -971.178 -974.88 -974.88 -982.202 -973.286 -965.838 -940.122 -917.92 -901.02 -885.599 -864.743 -842.754 -824.201 -841.647 -808.808 -800.644 -795.245 -840.016 -838.461 -780.958 -772.373 -767.834 -757.991 -751.429 -751.429 -744.867 -733.783 -728.462 -718.619 -718.619 -712.057 -716.333 -708.776 -698.933 -689.09 -685.809 -672.685 -659.561 -659.561 -646.437 -635.403 -623.47 -625.931 -603.283 -567.693 0 0 0 0 0 0 0 0 0 0 0
-423.197 -545.368 -661.119 -818.7 -907.104 -963.195 -1010.14 -1023.09 -1039.93 -1082.72 -1088.18 -1087.23 -1079.61 -1079.07 -1079.07 -1063.15 -1051.21 -1027.8 -1016.85 -1008.87 -995.638 -1003.29 -985.402 -983.52 -978.9 -987.399 -982.202 -978.948 -965.838 -960.73 -935.603 -921.146 -885.599 -868.482 -842.754 -849.864 -823.611 -813.768 -803.925 -813.768 -797.363 -786.999 -780.958 -780.958 -777.677 -767.834 -755.434 -746.833 -746.747 -738.305 -738.428 -730.079 -731.743 -725.181 -720.356 -712.057 -702.214 -695.652 -691.329 -682.528 -669.404 -656.28 -662.842 -649.402 -636.594 -636.594 -621.01 -604.109 0 0 0 0 0 0 0 0 0 0 0
-455.378 -573.942 -704.244 -746.576 -847.772 -936.419 -976.973 -1036.15 -1058.53 -1095.59 -1095.59 -1095.58 -1093.87 -1099.94 -1079.55 -1066.32 -1055.38 -1036.83 -1036.83 -1029.03 -1015.05 -1007.01 -992.973 -998.703 -991.299 -1014.26 -1003.87 -994.357 -980.532 -950.738 -934.016 -909.611 -909.611 -895.054 -868.853 -831.945 -823.611 -813.768 -803.925 -800.644 -800.644 -797.363 -787.52 -780.958 -777.677 -764.553 -755.434 -764.553 -757.991 -754.71 -738.428 -735.024 -731.743 -731.743 -731.743 -721.9 -712.057 -702.214 -695.652 -680.634 -682.528 -682.528 -669.404 -666.123 -649.718 -633.313 -639.739 -623.47 0 0 0 0 0 0 0 0 0 0 0
-373.467 -446.321 -610.963 -762.11 -868.225 -929.144 -986.302 -995.511 -1035.59 -1061.46 -1083.12 -1103.29 -1100.71 -1109.38 -1109.38 -1092.93 -1067.88 -1068.2 -1048 -1036.96 -1024.83 -1035 -1022.74 -1033.87 -1023.8 -1028.63 -1011.14 -992.218 -972.512 -958.88 -943.716 -933.661 -911.078 -884.276 -848.851 -826.892 -826.892 -820.33 -810.487 -810.487 -803.925 -794.082 -790.801 -790.801 -784.239 -779.558 -771.115 -768.999 -763.505 -754.71 -754.71 -748.148 -739.937 -738.305 -728.462 -725.181 -715.338 -708.776 -708.776 -703.284 -689.09 -685.809 -669.404 -662.842 -649.718 -659.561 -649.718 -646.437 -628.764 0 0 -452.089 -452.089 -581.076 -562.299 0 0 0 0
-428.3 -474.312 -623.923 -623.923 -775.071 -874.814 -941.342 -995.511 -1038.85 -1061.46 -1066.47 -1085.82 -1117.7 -1115.51 -1117.52 -1092.93 -1067.46 -1068.2 -1068.51 -1052.74 -1044.86 -1035 -1042.78 -1043.05 -1041.74 -1044.08 -1027.38 -1005.29 -982.54 -961.344 -944.727 -924.694 -924.694 -913.405 -879.152 -846.561 -824.304 -820.7 -816.668 -817.049 -810.487 -803.925 -797.363 -790.801 -789.62 -787.52 -777.677 -777.677 -774.396 -764.553 -749.603 -748.148 -744.867 -744.867 -744.867 -735.024 -728.462 -724.611 -712.388 -705.495 -702.214 -702.214 -685.809 -682.528 -669.404 -659.685 -649.718 -646.437 -646.437 -622.626 -484.984 -603.784 -590.66 -567.693 -534.011 0 0 0 0
0 -357.043 -473.382 -646.843 -805.848 -903.639 -979.925 -979.925 -1057.09 -1052.07 -1097.44 -1106.66 -1115.69 -1116.73 -1121.41 -1109.93 -1086.75 -1073.77 -1070.31 -1059.27 -1058.91 -1058.91 -1062.83 -1051.88 -1055.55 -1044.08 -1037.97 -1005.29 -1010.85 -978.475 -961.942 -947.2 -928.309 -913.405 -884.338 -846.561 -856.124 -826.701 -826.166 -817.049 -810.487 -803.925 -797.09 -797.363 -794.082 -794.082 -787.52 -784.239 -777.677 -774.396 -774.396 -764.553 -761.272 -754.71 -744.867 -741.586 -731.743 -728.462 -721.9 -718.619 -708.776 -698.933 -678.336 -675.966 -672.685 -672.685 -659.561 -651.591 -643.156 -636.594 -620.189 -620.189 -620.189 -547.917 0 0 -482.693 0 0
0 -318.873 -545.453 -545.453 -678.556 -812.911 -935.189 -1030.77 -1128.69 -1126.47 -1179.76 -1146.98 -1140.6 -1133.13 -1126.62 -1100.92 -1086.09 -1074.68 -1085.68 -1080.32 -1084.2 -1071.94 -1071.67 -1063.52 -1069.11 -1069.11 -1075.6 -1052.03 -1019.04 -985.399 -969.178 -949.077 -956.039 -932.962 -913.742 -891.354 -867.06 -843.886 -833.057 -833.057 -824.591 -810.536 -800.644 -797.363 -797.363 -794.082 -787.52 -787.52 -780.958 -774.396 -771.115 -764.553 -761.272 -754.71 -754.71 -748.148 -738.305 -728.462 -721.9 -718.619 -708.776 -708.776 -698.933 -689.09 -682.528 -669.404 -662.842 -662.842 -662.842 -669.404 -652.999 -639.875 -586.968 0 0 -544.726 -544.726 0 0
