gis_data/PP1766_DIS_Layer9_Top_ASCII.txt
ncols         308
nrows         431
xllcorner     -321143.35392317
yllcorner     1277883.4776336
cellsize      1609.334
NODATA_value  -9999
[rows 105 to 139 of 431, columns 79 to 157 of 308]
-935.165 -945.008 -961.413 -961.413 -974.537 -981.099 -987.661 -997.504 -1000.78 -1000.78 -1000.78 -1000.78 -997.504 -997.504 -994.223 -997.504 -1000.78 -1004.07 -1004.07 -987.661 0 -885.105 0 0 0 0 0 -433.556 -961.982 -984.38 -984.38 -981.099 -984.38 -977.818 -982.186 -977.818 -974.537 -974.537 -968.653 -967.975 -969.823 -954.625 -951.57 -940.989 0 0 0 0 0 0 0 0 0 0 0 0 0 0 0 0 0 0 0 0 0 0 0 -9999 -9999 -9999 -9999 -9999 -9999 -9999 -9999 -9999 -9999 -9999 -9999
-918.76 -944.206 -953.972 -967.975 -974.537 -981.099 -987.661 -987.661 -994.223 -1000.78 -1004.07 -1000.78 -997.504 -997.504 -997.504 -994.223 -1000.78 -1000.78 -1004.07 0 0 0 0 0 0 0 -446.479 -837.034 -968.395 -968.395 -987.661 -984.38 -984.38 -987.661 -986.486 -977.818 -981.099 -977.818 -974.537 -964.694 -961.413 -949.901 -892.304 -892.304 -890.74 0 0 0 0 0 0 0 0 0 0 0 0 0 0 0 0 0 0 0 0 0 0 0 -9999 -9999 -9999 -9999 -9999 -9999 -9999 -9999 -9999 -9999 -9999
-928.603 -943.064 -954.851 -948.289 -964.694 -977.818 -984.38 -990.942 -994.223 -1000.78 -1004.07 -1004.07 -1004.07 -1000.78 -997.504 -1000.78 -1000.78 -1000.78 -1000.78 -1004.07 0 0 0 0 0 0 0 -779.374 -901.487 -987.661 -987.661 -985.982 -985.982 -984.38 -994.223 -984.476 -981.099 -984.38 -971.256 -958.132 -958.132 -940.621 -930.061 -922.041 0 0 0 0 0 0 0 0 0 0 0 0 0 0 0 0 0 0 0 0 0 0 0 0 -9999 -9999 -9999 -9999 -9999 -9999 -9999 -9999 -9999 -9999 -9999
-918.76 -925.322 -935.52 -951.57 -967.975 -980.159 -984.38 -984.38 -987.661 -997.504 -1000.78 -1007.35 -1004.07 -1004.07 -1004.07 -1000.78 -1000.78 -1010.63 -1000.78 -984.69 -939.566 -895.793 -557.579 -751.774 0 -873.656 -539.054 -954.275 -987.661 -994.223 -990.942 -990.942 -990.942 -986.095 -994.223 -984.38 -984.38 -984.38 -979.43 -958.34 -958.132 -943.72 -930.061 -931.792 -928.461 0 0 0 0 0 0 0 0 0 0 0 0 0 0 0 0 0 0 0 0 0 0 0 0 -9999 -9999 -9999 -9999 -9999 -9999 -9999 -9999 -9999 -9999
-908.917 -925.322 -938.446 -945.008 -958.132 -964.694 -977.818 -981.099 -990.942 -997.504 -997.504 -1004.07 -1010.63 -1010.63 -1007.35 -1004.07 -1000.78 -1004.07 -1004.07 -1007.35 -1003.8 -987.976 -732.163 -925.53 -676.253 -1000.78 -830.989 -975.464 -994.223 -994.223 -994.223 -990.942 -990.942 -990.942 -990.942 -994.223 -984.38 -977.818 -967.975 -967.975 -964.694 -956.51 -928.603 -948.289 -935.165 0 0 0 0 0 0 0 0 0 0 0 0 0 0 0 0 0 0 0 0 0 0 0 0 0 -9999 -9999 -9999 -9999 -9999 -9999 -9999 -9999 -9999
-889.231 -912.198 -935.165 -945.008 -958.132 -964.694 -971.256 -971.256 -981.099 -990.942 -1000.78 -1004.07 -1010.63 -1010.63 -1010.63 -1010.63 -1004.07 -1004.07 -1000.78 -1007.35 -1004.92 -1004.92 -1007.35 -970.684 -1000.78 -1004.07 -987.661 -1000.78 -998.469 -1000.78 -997.504 -994.223 -994.223 -990.942 -997.504 -987.453 -987.453 -979.902 -967.975 -967.975 -971.256 -964.694 -954.851 -947.92 -895.793 0 0 0 0 0 0 0 0 0 0 0 0 0 0 0 0 0 0 0 0 0 0 0 0 0 -9999 -9999 -9999 -9999 -9999 -9999 -9999 -9999 -9999
-892.512 -912.198 -931.884 -931.884 -938.446 -948.289 -951.57 -967.975 -974.537 -987.661 -987.661 -1000.78 -1010.63 -1013.91 -1010.63 -1010.63 -1000.78 -1000.78 -1004.07 -1010.63 -1010.63 -1010.63 -1010.63 -1004.07 -1010.63 -1010.63 -1007.35 -1004.07 -1000.78 -1000.78 -997.504 -994.223 -994.223 -994.223 -990.942 -991.252 -996.591 -979.902 -977.818 -977.818 -971.256 -967.975 -964.891 -947.92 -912.004 0 0 0 0 0 0 0 0 0 0 0 0 0 0 0 0 0 0 0 0 0 0 0 0 0 0 -9999 -9999 -9999 -9999 -9999 -9999 -9999 -9999
-815.646 -869.545 -899.074 -922.041 -925.322 -936.511 -951.57 -951.57 -967.105 -974.537 -987.661 -1004.07 -1013.91 -1013.91 -1013.91 -1010.63 -1004.07 -1007.35 -997.504 -1010.63 -1010.63 -1010.63 -1010.63 -1010.63 -1013.91 -1010.63 -1010.63 -1004.07 -1007.35 -1004.07 -1000.78 -1000.78 -997.504 -994.223 -999.65 -982.371 -987.661 -984.38 -981.099 -974.537 -974.537 -970.389 -964.694 -964.694 -951.57 0 0 0 0 0 0 0 0 0 0 0 0 0 0 0 0 0 0 0 0 0 0 0 0 0 0 -9999 -9999 -9999 -9999 -9999 -9999 -9999 -9999
-815.646 -807.206 -899.074 -886.568 -915.479 -915.479 -931.884 -954.851 -967.105 -981.099 -981.099 -990.942 -1007.35 -1012.26 -1010.63 -1010.63 -1004.07 -1004.07 -1010.63 -1000.78 -1010.63 -1010.63 -1013.91 -1013.91 -1013.91 -1013.91 -1013.91 -1010.63 -1007.35 -1004.07 -1000.78 -1000.78 -1000.78 -1000.78 -999.271 -990.942 -987.661 -989.713 -984.38 -984.38 -984.38 -974.537 -974.537 -951.57 -938.446 -938.446 -938.446 0 0 0 0 0 0 0 0 0 0 0 0 0 0 0 0 0 0 0 0 0 0 0 0 0 -9999 -9999 -9999 -9999 -9999 -9999 -9999
-770.832 -799.906 -854.196 -866.119 -892.512 -918.76 -935.165 -935.165 -958.132 -974.537 -982.346 -994.223 -1007.35 -1010.63 -1010.63 -1013.91 -1010.63 -1010.63 -1010.63 -1004.07 -1010.63 -1013.91 -1013.91 -1013.91 -1013.91 -1013.91 -1013.91 -1010.63 -1010.63 -1010.63 -1004.07 -1004.07 -1000.78 -1002.71 -1000.21 -1000.78 -994.223 -990.942 -984.38 -984.38 -977.98 -977.818 -974.537 -974.537 -963.287 -938.446 -938.446 -894.021 0 0 0 0 0 0 0 0 0 0 0 0 0 0 0 0 0 0 0 0 0 0 0 0 0 -9999 -9999 -9999 -9999 -9999 -9999
0 -579.037 -732.767 -785.895 -849.168 -905.636 -928.603 -945.008 -958.132 -974.537 -974.537 -987.661 -1000.78 -1010.63 -1013.91 -1017.19 -1010.63 -1013.91 -1013.91 -1007.35 -1007.35 -1013.91 -1013.91 -1013.91 -1013.91 -1013.91 -1013.91 -1017.19 -1013.91 -1010.63 -1005.01 -1004.07 -1004.07 -1004.07 -997.504 -1004.07 -994.223 -990.942 -984.38 -984.38 -987.895 -978.855 -977.064 -974.245 -963.287 -954.286 -954.286 -917.712 -908.917 0 0 0 0 0 0 0 0 0 0 0 0 0 0 0 0 0 0 0 0 0 0 0 0 -9999 -9999 -9999 -9999 -9999 -9999
-568.761 -482.469 -555.475 -693.773 -849.859 -892.512 -892.512 -886.282 -927.896 -951.57 -974.537 -987.661 -1004.07 -1013.91 -1013.91 -1020.47 -1017.19 -1013.91 -1013.91 -1010.63 -1010.63 -1007.35 -1010.63 -1013.91 -1017.19 -1017.19 -1017.19 -1013.91 -1013.91 -1013.91 -1010.63 -1007.35 -1004.07 -1000.78 -1000.78 -1004.07 -997.504 -994.223 -990.942 -987.234 -989.959 -977.818 -974.537 -964.694 -962.922 -941.727 -935.165 -928.603 0 0 0 0 0 0 0 0 0 0 0 0 0 0 0 0 0 0 0 0 0 0 0 0 0 0 -9999 -9999 -9999 -9999 -9999
-514.261 -482.469 -744.867 -744.867 -692.914 -840.445 -853.14 -886.282 -916.061 -951.57 -945.008 -971.256 -980.666 -1004.07 -1017.19 -1020.47 -1013.91 -1013.91 -1020.47 -1013.91 -1013.91 -1010.63 -1010.63 -1014.7 -1020.47 -1020.47 -1020.47 -1020.47 -1017.19 -1013.91 -1010.63 -1004.33 -1004.33 -1004.07 -1004.07 -1004.07 -1000.78 -994.223 -1004.07 -994.223 -994.223 -977.818 -968.447 -964.694 -958.132 -945.008 -945.008 -910.525 -898.131 0 0 0 0 0 0 0 0 0 0 0 0 0 0 0 0 0 0 0 0 0 0 0 0 0 -9999 -9999 -9999 -9999 -9999
-597.599 -689.09 -336.099 -490 -692.582 -803.377 -774.385 -823.611 -876.107 -915.476 -938.446 -964.694 -994.223 -1013.91 -1015.46 -1017.19 -1023.75 -1020.47 -1017.19 -1013.91 -1013.91 -1013.91 -1013.91 -1013.91 -1017.19 -1020.47 -1020.47 -1020.47 -1020.47 -1017.19 -1013.91 -1010.63 -1007.35 -1004.07 -1017.19 -1017.19 -1004.07 -999.706 -1003.92 -988.933 -984.38 -977.893 -967.975 -967.975 -961.413 -954.851 -952.783 -889.231 -866.272 0 0 0 0 0 0 0 0 0 0 0 0 0 0 0 0 0 0 0 0 0 0 0 0 0 0 -9999 -9999 -9999 -9999
-320.608 -232.996 -286.859 -286.859 -570.501 -590.524 -771.115 -829.483 -869.545 -908.917 -895.793 -928.603 -967.975 -1000.78 -1020.47 -1020.47 -1023.75 -1023.75 -1023.75 -1020.47 -1020.47 -1017.19 -1013.91 -1010.63 -1013.91 -1013.91 -1020.47 -1012.6 -1020.72 -1016.7 -1013.91 -1010.63 -1010.63 -1010.63 -1004.07 -1005.38 -1007.35 -1010.63 -994.223 -994.223 -985.012 -984.804 -974.537 -967.975 -967.975 -954.851 -952.008 -951.57 -931.884 0 0 0 0 0 0 0 0 0 0 0 0 0 0 0 0 0 0 0 0 0 0 0 0 0 0 0 -9999 -9999 -9999
-557.003 -90.539 -279.233 -580.817 -570.501 -663.386 -649.658 -746.487 -823.611 -866.264 -879.388 -927.698 -967.975 -1000.78 -1007.35 -1027.95 -1023.75 -1023.75 -1023.75 -1020.47 -1020.47 -1020.47 -1017.19 -1010.63 -1013.91 -1020.47 -1020.47 -1020.47 -1023.75 -1020.47 -1013.91 -1010.63 -1013.91 -1010.63 -1000.78 -1000.78 -1022.04 -1007.35 -1004.07 -997.504 -984.38 -977.818 -981.823 -981.823 -964.816 -954.848 -948.289 -941.727 -912.198 0 0 0 0 0 0 0 0 0 0 0 0 0 0 0 0 0 0 0 0 0 0 0 0 0 0 0 -9999 -9999 -9999
-350.284 -405.974 -485.535 -106.559 -373.531 -525.621 -649.658 -733.697 -823.611 -840.016 -840.016 -889.231 -928.283 -977.818 -1007.35 -1023.75 -1023.75 -1023.75 -1023.75 -1023.75 -1022.56 -1023.75 -1017.19 -1020.47 -1020.47 -1013.91 -1023.75 -1020.47 -1023.75 -1020.47 -1017.19 -1013.91 -1013.91 -1013.91 -1010.63 -1010.63 -1010.63 -1011.19 -997.141 -997.141 -994.223 -990.942 -977.818 -974.537 -961.163 -954.258 -958.132 -945.008 -898.742 -908.917 0 0 0 0 0 0 0 0 0 0 0 0 0 0 0 0 0 0 0 0 0 0 0 0 0 0 0 -9999 -9999
-480.054 -124.736 -37.2964 -50.3746 -383.658 -515.679 -515.679 -632.415 -725.181 -789.258 -846.578 -896.52 -938.71 -951.57 -994.223 -1013.91 -1023.75 -1023.75 -1023.75 -1023.75 -1023.75 -1023.75 -1023.75 -1013.91 -1014.54 -1023.75 -1023.75 -1023.75 -1023.75 -1023.75 -1020.47 -1019.73 -1013.91 -1015.68 -1010.63 -1010.63 -1011 -1011.79 -1000.78 -998.028 -994.223 -977.818 -977.818 -977.818 -964.694 -971.256 -958.132 -925.957 -934.683 -889.441 -863.7 0 0 0 0 0 0 0 0 0 0 0 0 0 0 0 0 0 0 0 0 0 0 0 0 0 0 -9999 -9999
-291.998 -38.4991 -38.4991 -204.631 -72.4628 -361.03 -476.083 -670.965 -738.305 -778.907 -778.907 -840.773 -892.527 -954.851 -987.661 -1000.78 -1017.19 -1013.91 -1023.75 -1023.75 -1023.75 -1020.47 -1020.47 -1020.47 -1020.47 -1023.75 -1023.75 -1023.75 -1023.75 -1020.47 -1023.75 -1017.19 -1017.19 -1017.19 -1013.91 -1013.91 -1010.63 -1007.35 -1004.07 -1000.78 -997.504 -990.942 -984.38 -980.19 -974.537 -967.975 -967.975 -954.851 -944.893 -925.322 -863.7 0 0 0 0 0 0 0 0 0 0 0 0 0 0 0 0 0 0 0 0 0 0 0 0 0 0 0 -9999
6.02459 -112.353 134.623 -204.631 -174.948 -361.03 -305.213 -520.302 -653.01 -721.9 -787.52 -840.773 -908.917 -912.198 -954.851 -974.537 -994.223 -1013.91 -1023.75 -1023.75 -1023.75 -1023.75 -1017.19 -1020.47 -1023.75 -1023.75 -1023.75 -1027.03 -1027.03 -1023.75 -1023.75 -1023.75 -1020.47 -1015.73 -1013.91 -1013.91 -1030.31 -1019.57 -1004.07 -997.504 -994.223 -984.38 -984.38 -977.818 -971.256 -967.975 -965.991 -951.816 -937.732 -887.342 -887.342 -879.758 0 0 0 0 0 0 0 0 0 0 0 0 0 0 0 0 0 0 0 0 0 0 0 0 0 0 -9999
97.4686 -93.8225 254.863 60.5771 -254.637 -375.87 -327.015 -578.393 -644.676 -725.181 -731.743 -797.234 -856.724 -912.198 -948.289 -974.537 -994.223 -994.223 -1020.47 -1030.31 -1023.75 -1023.75 -1013.91 -1020.47 -1023.75 -1023.75 -1023.75 -1030.31 -1027.03 -1023.75 -1023.75 -1023.75 -1023.75 -1022.07 -1017.19 -1025.68 -1022.12 -1010.63 -1001.73 -997.504 -998.247 -991.063 -984.38 -974.537 -967.975 -958.132 -958.132 -945.389 -925.281 -924.086 -908.917 0 0 0 0 0 0 0 0 0 0 0 0 0 0 0 0 0 0 0 0 0 0 0 0 0 0 0 0
-306.531 -152.758 88.3447 0 -97.6155 -199.309 -87.1983 -321.8 -557.84 -665.536 -748.148 -800.644 -869.545 -869.545 -930.969 -954.851 -988.819 -1004.07 -1023.75 -1027.03 -1023.75 -1023.75 -1020.47 -1020.47 -1023.75 -1023.75 -1030.31 -1030.31 -1030.31 -1027.03 -1027.03 -1023.75 -1033.15 -1023.75 -1017.19 -1017.19 -1013.91 -1013.91 -1004.07 -997.504 -994.223 -991.063 -987.661 -984.38 -977.818 -974.537 -958.132 -945.389 -929.998 -929.998 -904.515 -899.074 -859.702 0 0 0 0 0 0 0 0 0 0 0 0 0 0 0 0 0 0 0 0 0 0 0 0 0 0
-577.352 -77.1809 -314.299 0 0 63.6021 -311.625 -427.017 -618.422 -682.528 -694.356 -788.04 -834.018 -899.074 -958.132 -979.948 -1010.63 -1010.63 -1023.75 -1023.75 -1027.68 -1023.75 -1023.75 -1028.07 -1021.72 -1020.47 -1030.31 -1030.31 -1030.31 -1030.31 -1027.03 -1027.03 -1023.75 -1023.75 -1020.47 -1020.47 -1017.19 -1010.63 -1004.07 -1004.07 -1000.78 -1000.78 -987.672 -977.818 -967.975 -958.132 -953.144 -948.289 -931.884 -918.76 -894.846 -876.107 0 0 0 0 0 0 0 0 0 0 0 0 0 0 0 0 0 0 0 0 0 0 0 0 0 0 0
0 -599.439 -314.299 0 0 -63.77 -63.77 -401.337 -318.84 -659.12 -694.356 -737.971 -834.018 -817.374 -928.718 -984.38 -994.223 -1020.47 -1023.75 -1030.31 -1030.31 -1027.03 -1027.03 -1023.75 -1020.47 -1023.75 -1030.31 -1030.31 -1030.31 -1030.31 -1030.31 -1030.31 -1023.75 -1020.47 -1020.47 -1020.47 -1023.75 -1017.19 -1010.63 -1000.78 -1000.78 -994.223 -994.223 -984.38 -974.537 -964.694 -954.851 -945.008 -925.534 -925.534 -910.076 -898.949 -846.797 0 0 0 0 0 0 0 0 0 0 0 0 0 0 0 0 0 0 0 0 0 0 0 0 0 0
0 -639.875 -639.875 -160.957 0 0 -406.395 -427.702 -553.616 -517.674 -696.283 -721.9 -721.769 -831.893 -958.664 -998.342 -1010.63 -1012.8 -1023.75 -1027.03 -1027.03 -1030.31 -1027.03 -1023.7 -1023.7 -1023.75 -1025.05 -1030.31 -1030.31 -1030.31 -1030.31 -1030.31 -1027.03 -1023.75 -1020.47 -1020.47 -1023.75 -1018.47 -1018.47 -1008.26 -1007.35 -1000.78 -987.661 -984.38 -967.975 -958.132 -954.851 -945.008 -934.059 -918.76 -910.383 -881.973 0 0 0 0 0 0 0 0 0 0 0 0 0 0 0 0 0 0 0 0 0 0 0 0 0 0 0
0 -539.803 -669.404 0 0 -173.097 -173.097 -249.818 -504.857 -559.492 -676.188 -774.396 -700.244 -750.059 -851.843 -984.38 -1000.78 -1013.91 -1023.75 -1027.03 -1027.03 -1027.03 -1030.31 -1027.03 -1020.47 -1023.75 -1023.75 -1030.31 -1030.31 -1030.31 -1027.03 -1030.31 -1030.31 -1023.82 -1020.47 -1023.75 -1023.75 -1020.47 -1013.91 -1010.63 -1007.35 -997.504 -997.504 -984.38 -977.818 -964.694 -954.851 -945.008 -934.059 -928.603 -908.917 -898.763 0 0 0 0 0 0 0 0 0 0 0 0 0 0 0 0 0 0 0 0 0 0 0 0 0 0 0
0 -539.803 -623.721 -692.371 0 0 -183.018 -249.818 -469.694 -557.253 -612.294 -742.121 -750.509 -827.982 -843.519 -971.32 -997.972 -1000.78 -1017.19 -1025.44 -1027.03 -1027.03 -1027.03 -1030.31 -1030.31 -1027.03 -1026.07 -1023.75 -1027.03 -1030.31 -1030.31 -1030.31 -1031.25 -1020.92 -1023.75 -1023.75 -1023.75 -1017.19 -1017.19 -1010.63 -1007.35 -1004.07 -991.271 -984.38 -974.537 -974.537 -974.537 -948.848 -945.115 -928.603 -918.76 -838.971 -783.267 -704.67 -704.295 0 0 0 0 0 0 0 0 0 0 0 0 0 0 0 0 0 0 0 0 0 0 0 0
0 0 -659.561 -699.388 0 0 0 -154.049 -387.007 -557.253 -692.371 -742.121 -779.526 -779.526 -903.077 -922.041 -967.975 -1000.78 -1020.47 -1025.44 -1020.47 -1023.75 -1027.03 -1026.86 -1027.03 -1027.03 -1028.08 -1028.08 -1017.19 -1030.31 -1030.31 -1030.31 -1027.03 -1027.03 -1024.22 -1032.54 -1030.31 -1023.75 -1013.91 -1007.73 -1004.07 -999.227 -999.227 -987.661 -984.333 -967.975 -950.625 -938.446 -941.727 -933.661 -935.165 -896.251 -865.141 -716.342 0 0 0 0 0 0 0 0 0 0 0 0 0 0 0 0 0 0 0 0 0 0 0 0 0
0 0 0 -662.842 -533.565 0 0 -362.96 -570.974 -570.974 -682.282 -731.743 -722.681 -698.219 -760.522 -852.731 -955.331 -955.331 -1004.07 -1013.91 -1007.35 -1013.91 -1022.75 -1023.75 -1020.47 -1023.75 -1023.75 -1023.75 -1021.26 -1030.31 -1030.31 -1030.31 -1027.03 -1031.49 -1030.31 -1032.54 -1027.03 -1023.75 -1030.82 -1017.19 -1007.35 -1004.07 -994.223 -987.661 -962.959 -967.975 -967.975 -948.492 -931.884 -919.591 -915.479 -838.622 -695.451 -859.702 0 0 0 0 0 0 0 0 0 0 0 0 0 0 0 0 0 0 0 0 0 0 0 0 0
0 0 -549.887 -694.501 -486.306 0 0 0 -325.514 -610.015 -734.534 -780.958 -828.663 -828.663 -895.793 -860.301 -896.478 -909.051 -998.32 -1007.35 -1004.07 -1007.35 -1011 -1020.47 -1013.91 -1023.75 -1023.75 -1023.75 -1027.03 -1027.03 -1028.53 -1033.59 -1023.75 -1027.03 -1033.59 -1033.59 -1030.31 -1030.31 -1023.75 -1013.91 -1010.63 -1000.78 -1000.78 -985.325 -984.38 -977.818 -948.885 -945.008 -938.446 -938.446 -935.402 -909.515 -885.458 -859.702 0 0 0 0 0 0 0 0 0 0 0 0 0 0 0 0 0 0 0 0 0 0 0 0 0
0 0 0 -636.806 -724.614 0 0 0 -325.514 -469.913 -687.816 -761.272 -777.964 -827.265 -895.793 -858.578 -807.05 -887.401 -852.016 -994.223 -997.504 -1007.35 -1000.78 -1007.35 -1007.05 -1007.64 -1010.63 -1020.47 -1020.47 -1022.58 -1030.31 -1030.31 -1030.31 -1032.05 -1030.31 -1030.31 -1033.59 -1030.31 -1027.03 -1020.47 -1010.63 -1004.07 -990.942 -984.38 -954.851 -954.851 -963.276 -945.008 -954.261 -946.154 -932.151 -928.603 -771.762 -771.762 0 0 0 0 0 0 0 0 0 0 0 0 0 0 0 0 0 0 0 0 0 0 0 0 0
0 0 0 -691.569 -751.429 -754.71 0 0 0 -652.792 -729.604 -801.359 -823.611 -849.859 -832.57 -809.978 -807.05 -820.344 -852.016 -986.017 -986.017 -994.223 -994.223 -1004.07 -1007.05 -1000.78 -1010.63 -1010.63 -1013.91 -1025.33 -1020.47 -1030.31 -1030.31 -1040.16 -1030.31 -1030.31 -1023.75 -1033.59 -1027.03 -1020.47 -1007.35 -1009.35 -997.504 -990.942 -977.818 -960.753 -944.01 -960.037 -929.906 -929.906 -918.658 -893.011 -826.25 -818.944 0 0 0 0 0 0 0 0 0 0 0 0 0 0 0 0 0 0 0 0 0 0 0 0 0
0 0 0 0 -547.88 -767.659 0 0 -413.234 -419.434 -727.537 -814.41 -833.454 -859.702 -820.33 -805.259 -805.259 -796.753 -804.517 -885.688 -987.661 -984.38 -994.223 -1000.78 -1000.78 -1000.78 -1010.63 -1020.47 -1023.75 -1023.75 -1023.75 -1023.75 -1027.03 -1023.75 -1023.75 -1027.03 -1023.75 -1033.59 -1033.59 -1020.47 -1013.91 -1004.07 -997.504 -984.38 -977.818 -977.783 -958.132 -931.884 -944.042 -918.011 -918.658 -873.925 -826.25 -841.125 0 0 0 0 0 0 0 0 0 0 0 0 0 0 0 0 0 0 0 0 0 0 0 0 0
0 0 0 0 -715.434 -715.338 -759.762 0 0 -626.261 -778.033 -847.207 -856.421 -869.545 -872.826 -876.107 -827.919 -879.241 -898.703 -902.915 -902.915 -977.775 -984.38 -984.38 -978.287 -1000.78 -1013.91 -1013.91 -1020.47 -1023.75 -1023.75 -1021.87 -1023.75 -1030.31 -1030.31 -1023.75 -1023.75 -1033.59 -1030.31 -1023.75 -1013.91 -1000.28 -1000.28 -982.969 -977.818 -959.077 -954.522 -935.165 -936.907 -909.871 -905.502 -879.388 -871.685 -810.627 0 0 0 0 0 0 0 0 0 0 0 0 0 0 0 0 0 0 0 0 0 0 0 0 0
0 0 0 0 0 -715.338 -718.992 0 -628.569 -628.569 -722.217 -833.544 -869.545 -869.545 -882.669 -876.107 -889.231 -854.068 -801.629 -807.098 -930.483 -977.775 -980.914 -971.256 -971.451 -987.661 -1000.78 -1007.35 -1020.47 -1020.47 -1027.03 -1023.75 -1027.03 -1033.59 -1030.31 -1030.31 -1030.31 -1033.59 -1033.59 -1033.59 -1023.75 -1007.35 -996.069 -982.302 -967.975 -956.39 -948.666 -950.944 -918.76 -918.76 -899.074 -905.636 -861.393 -882.669 -770.466 -785.671 0 0 0 0 0 0 0 0 0 0 0 0 0 0 0 0 0 0 0 0 0 0 0
