gis_data/PP1766_DIS_Layer8_Top_ASCII.txt
ncols         308
nrows         431
xllcorner     -321143.35392317
yllcorner     1277883.4776336
cellsize      1609.334
NODATA_value  -9999
[rows 245 to 279 of 431, columns 158 to 236 of 308]
-600.447 -596.777 -589.169 -587.03 -577.192 -581.624 -572.541 -565.87 -557.563 -550.97 -538.652 -524.443 -524.443 -498.502 -450.708 -423.345 -399.117 -391.336 -368.241 -387.155 -379.842 -379.913 -359.352 -329.363 -299.463 -276.453 -276.453 -247.017 -313.294 -429.721 -464.691 -460.265 -441.586 -418.619 -418.619 -395.867 0 0 0 0 0 0 0 0 0 0 0 0 0 0 0 0 0 0 0 0 0 0 0 0 0 0 0 0 0 0 0 0 0 0 0 -9999 -9999 -9999 -9999 -9999 -9999 -9999 -9999
-603.005 -605.329 -599.761 -595.408 -590.051 -583.233 -573.315 -569.132 -569.132 -559.569 -549.762 -538.444 -526.776 -498.199 -456.055 -429.98 -429.98 -413.718 -397.771 -390.909 -395.025 -378.443 -360.201 -350.321 -319.412 -286.822 -271.421 -254.972 -310.092 -425.863 -425.863 -470.003 -450.571 -441.586 -418.619 -379.247 0 0 0 0 0 0 0 0 0 0 0 0 0 0 0 0 0 0 0 0 0 0 0 0 0 0 0 0 0 0 0 0 0 0 0 -9999 -9999 -9999 -9999 -9999 -9999 -9999 -9999
-607.85 -605.329 -601.315 -600.857 -594.677 -597.674 -586.768 -578.088 -569.013 -557.758 -548.674 -534.03 -534.03 -520.378 -493.387 -456.085 -433.07 -410.715 -401.036 -397.261 -384.199 -372.722 -365.38 -340.437 -310.292 -282.419 -282.419 -266.787 -251.465 -295.029 -423.719 -456.458 -444.867 -434.893 -434.893 -415.338 -368.215 0 0 0 0 0 0 0 0 0 0 0 0 0 0 0 0 0 0 0 0 0 0 0 0 0 0 0 0 0 0 0 0 0 0 0 -9999 -9999 -9999 -9999 -9999 -9999 -9999
-610.802 -610.802 -606.399 -604.611 -601.576 -597.674 -589.441 -578.088 -578.775 -566.896 -557.321 -545.485 -533.101 -520.378 -484.839 -484.839 -453.762 -428.459 -406.34 -397.261 -379.786 -372.722 -358.638 -356.272 -334.208 -302.037 -280.346 -265.758 -244.114 -288.217 -288.217 -402.207 -451.542 -434.463 -415.338 -405.495 -366.087 -389.09 0 0 0 0 0 0 0 0 0 0 0 0 0 0 0 0 0 0 0 0 0 0 0 0 0 0 0 0 0 0 0 0 0 0 -9999 -9999 -9999 -9999 -9999 -9999 -9999
-619.706 -615.453 -609.413 -609.016 -608.891 -601.84 -593.895 -587.538 -580.429 -569.983 -556.221 -544.532 -540.06 -528.488 -507.442 -478.899 -455.66 -424.193 -396.679 -396.679 -385.685 -375.423 -366.557 -356.272 -329.071 -302.037 -298.648 -278.76 -262.433 -241.428 -291.035 -402.207 -436.902 -436.902 -433.62 -415.338 -426.157 -389.09 -374.363 0 0 0 0 0 0 0 0 0 0 0 0 0 0 0 0 0 0 0 0 0 0 0 0 0 0 0 0 0 0 0 0 0 0 -9999 -9999 -9999 -9999 -9999 -9999
-627.125 -627.125 -621.564 -613.221 -607.167 -605.529 -598.584 -593.394 -597.171 -585.925 -575.044 -557.226 -537.869 -528.733 -528.654 -528.654 -500.108 -451.427 -413.889 -394.368 -380.234 -373.553 -361.335 -361.335 -344.151 -323.089 -297.099 -278.249 -265.77 -253.237 -242.316 -288.46 -388.075 -436.336 -432.143 -441.586 -395.652 -395.652 -389.09 -370.076 0 0 0 0 0 0 0 0 0 0 0 0 0 0 0 0 0 0 0 0 0 0 0 0 0 0 0 0 0 0 0 0 0 0 -9999 -9999 -9999 -9999 -9999
-648.823 -630.98 -621.564 -611.085 -611.085 -608.101 -606.435 -600.478 -597.171 -593.371 -576.946 -556.381 -556.35 -544.344 -532.971 -530.893 -469.848 -440.969 -410.467 -410.467 -391.619 -377.484 -364.264 -355.285 -338.43 -319.944 -318.122 -300.584 -284.504 -267.72 -259.3 -299.744 -418.247 -418.247 -438.305 -419.776 -412.057 -398.933 -398.933 -371.754 -297.774 -297.774 0 0 0 0 0 0 0 0 0 0 0 0 0 0 0 0 0 0 0 0 0 0 0 0 0 0 0 0 0 0 0 0 -9999 -9999 -9999 -9999 -9999
-644.341 -644.683 -632.349 -621.814 -610.47 -606.409 -603.412 -603.887 -603.887 -604.366 -593.002 -576.672 -556.35 -545.901 -532.971 -507.056 -493.013 -459.289 -435.568 -411.398 -391.619 -377.824 -377.824 -363.142 -349.334 -337.663 -318.122 -299.675 -284.504 -270.858 -270.858 -250.569 -367.843 -427.23 -438.305 -425.181 -415.338 -415.338 -432.782 -412.057 -381.446 -328.13 0 0 0 0 0 0 0 0 0 0 0 0 0 0 0 0 0 0 0 0 0 0 0 0 0 0 0 0 0 0 0 0 0 -9999 -9999 -9999 -9999
-656.628 -651.323 -636.917 -622.52 -622.52 -612.053 -607.387 -606.542 -599.816 -599.033 -592.499 -579.424 -579.424 -555.121 -529.441 -501.029 -481.814 -467.207 -433.153 -458.019 -420.2 -403.371 -380.727 -358.585 -344.323 -336.706 -336.706 -326.863 -307.567 -298.867 -284.519 -305.663 -367.843 -429.72 -448.148 -443.959 -428.462 -421.9 -432.782 -395.551 -381.446 -371.783 0 0 0 0 0 0 0 0 0 0 0 0 0 0 0 0 0 0 0 0 0 0 0 0 0 0 0 0 0 0 0 0 0 -9999 -9999 -9999 -9999
-665.184 -672.682 -656 -644.43 -624.746 -614.197 -608.411 -607.532 -607.532 -608.589 -600.872 -592.034 -578.565 -537.668 -520.349 -518.849 -500.639 -496.876 -490.428 -458.233 -428.7 -407.627 -407.627 -393.643 -370.139 -351.482 -338.43 -329.62 -312.839 -280.83 -280.83 -355.01 -392.132 -460.664 -451.429 -444.867 -431.743 -446.123 -433.122 -412.057 -395.652 -376.923 -358.227 0 0 0 0 0 0 0 0 0 0 0 0 0 0 0 0 0 0 0 0 0 0 0 0 0 0 0 0 0 0 0 0 0 -9999 -9999 -9999
-683.889 -672.682 -661.106 -644.43 -646.806 -628.116 -621.733 -612.3 -613.541 -608.589 -601.814 -601.814 -588.831 -568.276 -540.972 -518.849 -506.079 -496.876 -487.635 -474.937 -455.734 -442.723 -420.815 -397.241 -371.556 -357.417 -357.417 -350.34 -318.314 -322.558 -336.996 -456.321 -467.316 -477.677 -467.834 -457.991 -448.148 -430.362 -431.723 -408.776 -408.776 -400.671 -392.817 -380.178 0 0 0 0 0 0 0 0 0 0 0 0 0 0 0 0 0 0 0 0 0 0 0 0 0 0 0 0 0 0 0 0 -9999 -9999 -9999
-690.838 -690.838 -677.386 -662.882 -649.137 -634.513 -627.574 -617.872 -621.793 -615.749 -609.972 -603.224 -587.262 -567.696 -552.662 -552.662 -541.884 -516.477 -497.138 -474.937 -460.578 -442.723 -450.28 -428.326 -400.913 -376.886 -365.459 -350.34 -326.748 -322.558 -398.733 -435.15 -488.336 -477.677 -471.115 -457.991 -451.429 -451.429 -438.305 -426.658 -407.351 -402.214 -385.67 -367.181 -367.181 -369.404 -362.927 0 0 0 0 0 0 0 0 0 0 0 0 0 0 0 0 0 0 0 0 0 0 0 0 0 0 0 0 0 0 -9999 -9999
-705.284 -692.825 -681.91 -662.857 -665.2 -651.638 -642.045 -631.311 -623.374 -616.83 -607.801 -607.801 -601.591 -587.182 -576.479 -563.874 -550.727 -520.838 -503.814 -503.814 -482.377 -464.78 -452.103 -434.346 -412.966 -382.033 -396.19 -358.322 -356.481 -362.014 -469.272 -488.987 -494.082 -494.082 -484.045 -474.396 -467.834 -447.29 -444.867 -426.658 -435.024 -418.619 -391.155 -381.143 -385.809 -369.404 -355.699 0 0 0 0 0 0 0 0 0 0 0 0 0 0 0 0 0 0 0 0 0 0 0 0 0 0 0 0 0 0 0 -9999
-719.726 -706.381 -696.4 -678.479 -665.2 -652.701 -643.049 -634.642 -640.724 -628.382 -619.365 -609.944 -602.721 -589.609 -581.991 -581.991 -574.841 -556.456 -537.624 -510.233 -476.646 -460.323 -464.331 -452.795 -441.037 -418.277 -382.656 -365.479 -388.81 -388.81 -466.398 -507.675 -503.925 -494.082 -488.851 -477.677 -474.396 -474.396 -455.039 -434.885 -425.181 -414.589 -389.577 -370.802 -405.416 -405.525 -374.772 0 0 0 0 0 0 0 0 0 0 0 0 0 0 0 0 0 0 0 0 0 0 0 0 0 0 0 0 0 0 0 -9999
-721.635 -708.223 -695.48 -678.139 -678.139 -665.804 -655.552 -648.442 -640.724 -630.194 -619.365 -621.533 -610.729 -606.12 -591.232 -587.647 -574.841 -560.961 -537.624 -539.213 -509.6 -486.07 -464.331 -452.453 -441.037 -403.562 -407.02 -390.457 -382.308 -404.381 -461.957 -504.714 -503.925 -503.925 -500.644 -490.801 -484.239 -455.296 -444.867 -442.185 -429.843 -421.386 0 -399.689 -400.301 -415.226 -389.09 0 0 0 -305.772 0 0 0 0 0 0 0 0 0 0 0 0 0 0 0 0 0 0 0 0 0 0 0 0 0 0 0 0
-733.418 -720.693 -707.794 -699.61 -681.127 -665.594 -654.616 -650.48 -650.48 -643.243 -636.703 -628.707 -614.666 -612.201 -600.646 -606.332 -593.646 -583.135 -563.687 -543.951 -517.003 -495.337 -495.337 -468.624 -450.058 -422.938 -407.02 -390.708 -382.308 -382.14 -403.25 -441.929 -498.116 -510.487 -500.644 -491.953 -484.239 -477.677 -464.553 -452.546 -429.843 -436.349 0 -415.722 -415.722 -392.811 -397.196 -366.237 -367.389 -330.032 -320.935 -320.935 -300.503 0 0 -250.412 0 0 0 0 0 0 0 0 0 0 0 0 0 0 0 0 0 0 0 0 0 0 0
-731.877 -725.393 -714.237 -702.141 -702.141 -687.097 -670.998 -661.21 -652.565 -644.253 -631.446 -636.451 -627.909 -624.563 -618.794 -615.915 -602.453 -589.503 -589.503 -571.134 -548.786 -527.101 -498.354 -470.761 -451.788 -422.538 -422.538 -417.316 -399.218 -380.495 -390.808 -420.154 -490.896 -483.432 -510.487 -494.379 -484.239 -467.834 -454.71 -441.586 -441.586 -450.884 -428.478 -408.776 -412.057 -401.516 -397.196 -398.933 -372.267 -355.446 -339.875 -323.618 -300.503 -224.05 0 -308.815 -247.362 0 0 0 0 0 0 0 0 0 0 0 0 0 0 0 0 0 0 0 0 0 0
-740.5 -734.547 -735.19 -721.504 -706.226 -687.097 -673.51 -673.51 -664.311 -653.983 -646.924 -636.451 -631.3 -633.15 -624.687 -636.29 -623.788 -614.711 -594.419 -575.665 -550.137 -530.575 -530.575 -505.209 -475.545 -457.24 -433.766 -419.946 -404.555 -408.421 -397.902 -386.624 -421.951 -479.894 -507.23 -494.082 -494.082 -480.958 -471.115 -473.48 -456.006 -448.709 -431.121 -433.019 -433.019 -428.462 -402.117 -388.094 -369.373 -371.827 -339.875 -349.729 -337.752 -235.581 -109.111 -337.162 -309.328 0 0 0 0 0 0 0 0 0 0 0 0 0 0 0 0 0 0 0 0 0 0
-739.383 -740.269 -734.961 -724.968 -724.843 -708.538 -695.463 -679.729 -665.868 -658.52 -651.394 -651.394 -647.234 -639.933 -641.329 -636.29 -634.697 -614.711 -619.911 -599.286 -578.258 -553.27 -531.903 -505.209 -482.402 -457.24 -463.331 -440.81 -421.292 -408.421 -403.843 -386.624 -416.603 -423.849 -477.952 -497.779 -490.801 -477.677 -471.115 -465.305 -465.305 -454.71 -435.024 -444.867 -432.435 -418.895 -398.933 -418.619 -389.433 -392.371 -369.404 -359.557 -335.768 -283.782 -51.6134 -324.179 -425.181 -309.645 0 0 0 0 0 0 0 0 0 0 0 0 0 0 0 0 0 0 0 0 0
-726.37 -732.957 -736.232 -734.081 -723.659 -710.434 -694.847 -694.847 -685.963 -670.354 -662.601 -654.457 -663.1 -649.456 -653.386 -653.386 -652.694 -639.021 -622.497 -600.606 -580.177 -557.265 -563.376 -540.082 -524.516 -490.912 -469.241 -440.276 -431.417 -431.417 -429.064 -412.497 -404.901 -423.849 -476.974 -497.779 -494.343 -487.52 -483.662 -474.396 -470.833 -454.71 -458.122 -444.867 -435.024 -444.867 -428.386 -418.619 -390.699 -392.371 -392.839 -392.839 -344.81 -332.349 -347.258 -451.934 -347.199 -325.397 -325.397 0 0 0 0 0 0 0 0 0 0 0 0 0 0 0 0 0 0 0 0
-712.449 -731.066 -741.002 -731.595 -740.471 -723.955 -712.299 -699.62 -686.085 -675.123 -678.79 -678.79 -694.139 -679.529 -678.899 -664.819 -652.663 -639.873 -640.725 -623.776 -608.062 -585.078 -577.677 -550.996 -533.392 -533.392 -510.545 -475.113 -461.498 -446.318 -448.861 -427.944 -414.501 -414.501 -436.118 -473.786 -489.379 -490.801 -487.52 -477.677 -480.958 -471.115 -465.523 -448.148 -448.148 -438.906 -410.658 -410.658 -398.933 -382.71 -369.404 -359.406 -352.464 -337.88 -352.169 -364.907 -431.743 -347.783 0 0 0 0 0 0 0 0 0 0 0 0 0 0 0 0 0 0 0 0 0
-680.614 -702.647 -734.865 -750.031 -740.471 -728.313 -712.299 -721.676 -701.682 -695.755 -683.983 -696.64 -694.139 -691.532 -678.899 -681.16 -664.325 -654.952 -640.725 -628.699 -628.542 -606.048 -632.146 -597.139 -585.616 -549.46 -521.765 -485.351 -475.964 -475.964 -477.235 -453.195 -446.868 -427.688 -440.303 -470.696 -473.504 -494.388 -494.082 -484.239 -477.677 -471.115 -467.834 -463.589 -454.71 -444.867 -431.743 -415.338 -398.933 -389.09 -372.685 -372.685 -379.411 -356.28 -457.991 -461.272 -347.566 -368.883 -330.032 0 0 0 0 0 0 0 0 0 0 0 0 0 0 0 0 0 0 0 0
-665.456 -711.982 -746.803 -755.338 -755.338 -746.944 -736.733 -733.574 -712.175 -704.239 -693.87 -702.866 -707.158 -710.934 -697.659 -683.868 -673.821 -671.118 -671.118 -665.569 -645.422 -648.353 -632.146 -619.298 -585.616 -601.073 -559.058 -531.083 -497.007 -498.617 -477.235 -467.646 -446.868 -464.392 -444.821 -454.084 -473.504 -498.143 -494.082 -484.239 -484.239 -477.677 -471.115 -467.834 -453.627 -444.447 -425.181 -425.181 -426.596 -403.18 -397.719 -382.409 -371.675 -403.907 -464.553 -454.71 -356.133 -340.573 0 0 0 0 0 0 0 0 -188.126 -172.08 0 0 0 0 0 0 0 0 0 0 0
-560.566 -639.49 -720.103 -761.765 -759.81 -758.925 -742.858 -763.264 -743.59 -746.376 -723.915 -720.739 -716.763 -723.838 -723.838 -717.052 -694.552 -679.804 -678.454 -661.552 -653.671 -650.376 -650.376 -643.842 -628.567 -607.462 -567.067 -537.469 -515.929 -531.886 -518.788 -510.558 -488.189 -481.028 -464.491 -464.162 -464.162 -492.028 -495.632 -490.801 -487.52 -477.677 -471.115 -474.396 -464.553 -454.851 -445.913 -428.462 -426.596 -416.295 -397.719 -395.652 -382.528 -477.677 -464.553 -358.595 -356.133 -351.234 -351.234 0 0 0 0 0 0 0 -224.409 -172.906 0 0 0 0 0 0 0 0 0 0 0
-549.177 -639.49 -728.217 -761.765 -786.598 -782.16 -793.106 -782.728 -757.884 -762.221 -733.693 -743.593 -734.15 -739.638 -736.153 -728.209 -703.258 -678.254 -678.254 -665.492 -656.687 -657.986 -651.238 -649.649 -637.139 -642.814 -614.135 -590.499 -554.234 -546.818 -530.33 -523.089 -501.599 -517.706 -497.872 -479.782 -484.406 -502.981 -500.644 -491.238 -491.238 -480.955 -474.396 -464.553 -457.991 -448.148 -444.867 -444.867 -428.462 -412.057 -402.214 -392.371 -385.809 -398.933 -398.933 -369.404 -366.123 -366.123 -365.129 0 -328.258 -320.189 -320.189 0 0 -248.007 -224.409 0 0 0 0 0 0 0 0 0 0 0 0
-405.074 -516.383 -604.192 -720.727 -799.954 -812.776 -805.463 -805.463 -782.984 -774.109 -770.132 -743.593 -746.728 -739.638 -747.607 -738.698 -731.556 -708.025 -679.366 -665.492 -660.156 -657.986 -656.184 -652.755 -651.562 -642.814 -620.918 -590.499 -572.022 -585.495 -565.607 -560.089 -542.02 -532.798 -490.583 -496.167 -496.167 -509.162 -503.925 -494.082 -490.801 -477.677 -469.705 -471.115 -461.738 -451.429 -448.148 -435.024 -421.9 -438.206 -402.214 -410.174 -487.52 -389.09 -395.652 -379.247 -375.966 -366.123 -366.123 -359.561 -343.156 -323.47 -313.627 -284.098 -270.469 -277.536 -253.151 0 0 0 0 0 0 0 0 0 0 0 0
-355.73 -479.399 -598.754 -598.754 -718.755 -789.341 -789.631 -792.243 -777.732 -784.267 -767.834 -767.834 -757.293 -755.254 -750.793 -742.415 -724.315 -704.313 -701.528 -680.812 -669.185 -662.585 -662.638 -657.57 -658.789 -658.789 -658.718 -637.422 -622.187 -585.495 -579.603 -560.089 -570.249 -552.592 -516.278 -504.049 -512.116 -509.162 -500.644 -494.082 -490.801 -484.239 -474.396 -471.115 -461.272 -451.429 -444.867 -444.867 -503.925 -425.181 -499.455 -489.195 -398.933 -389.09 -389.09 -395.652 -385.809 -379.2 -369.404 -356.718 -343.156 -343.156 -326.751 -315.377 -293.941 -295.595 -248.937 0 0 0 0 0 0 0 0 0 0 0 0
-207.557 -331.114 -461.807 -596.946 -711.038 -772.78 -764.202 -764.202 -748.766 -767.331 -775.635 -771.573 -766.22 -756.42 -762.036 -753.9 -739.429 -722.852 -708.352 -684.438 -676.021 -665.67 -673.058 -666.586 -669.004 -668.39 -667.971 -651.683 -637.028 -637.028 -611.944 -589.759 -579.016 -537.622 -522.5 -516.034 -516.67 -513.503 -500.644 -494.082 -487.52 -477.677 -474.396 -474.396 -508.664 -481.716 -451.429 -438.305 -428.462 -425.181 -415.338 -415.338 -408.776 -402.214 -398.933 -395.652 -389.621 -379.2 -382.528 -372.685 -359.561 -343.156 -326.751 -315.377 -302.143 -302.143 -307.065 -277.536 0 0 0 0 0 0 0 0 0 0 0
-207.557 -319.754 -461.807 -491.402 -605.348 -679.689 -741.948 -735.926 -748.766 -771.267 -775.635 -780.438 -774.885 -774.146 -762.036 -754.117 -735.673 -716.943 -716.85 -704.961 -695.638 -680.326 -676.903 -671.178 -674.88 -674.88 -682.202 -673.286 -665.838 -640.122 -617.92 -601.02 -585.599 -564.743 -542.754 -524.201 -541.647 -508.808 -500.644 -495.245 -540.016 -538.461 -480.958 -472.373 -467.834 -457.991 -451.429 -451.429 -444.867 -433.783 -428.462 -418.619 -418.619 -412.057 -416.333 -408.776 -398.933 -389.09 -385.809 -372.685 -359.561 -359.561 -346.437 -335.403 -323.47 -325.931 -303.283 -267.693 0 0 0 0 0 0 0 0 0 0 0
-123.197 -245.368 -361.119 -518.7 -607.104 -663.195 -710.142 -723.094 -739.928 -782.719 -788.177 -787.232 -779.614 -779.074 -779.074 -763.151 -751.213 -727.798 -716.85 -708.873 -695.638 -703.29 -685.402 -683.52 -678.9 -687.399 -682.202 -678.948 -665.838 -660.73 -635.603 -621.146 -585.599 -568.482 -542.754 -549.864 -523.611 -513.768 -503.925 -513.768 -497.363 -486.999 -480.958 -480.958 -477.677 -467.834 -455.434 -446.833 -446.747 -438.305 -438.428 -430.079 -431.743 -425.181 -420.356 -412.057 -402.214 -395.652 -391.329 -382.528 -369.404 -356.28 -362.842 -349.402 -336.594 -336.594 -321.01 -304.109 0 0 0 0 0 0 0 0 0 0 0
-155.378 -273.942 -404.244 -446.576 -547.772 -636.419 -676.973 -736.155 -758.531 -795.585 -795.585 -795.578 -793.87 -799.943 -779.555 -766.319 -755.383 -736.829 -736.829 -729.035 -715.053 -707.01 -692.973 -698.703 -691.299 -714.263 -703.867 -694.357 -680.532 -650.738 -634.016 -609.611 -609.611 -595.054 -568.853 -531.945 -523.611 -513.768 -503.925 -500.644 -500.644 -497.363 -487.52 -480.958 -477.677 -464.553 -455.434 -464.553 -457.991 -454.71 -438.428 -435.024 -431.743 -431.743 -431.743 -421.9 -412.057 -402.214 -395.652 -380.634 -382.528 -382.528 -369.404 -366.123 -349.718 -333.313 -339.739 -323.47 0 0 0 0 0 0 0 0 0 0 0
-73.4674 -146.321 -310.963 -462.11 -568.225 -629.144 -686.302 -695.511 -735.591 -761.46 -783.123 -803.293 -800.711 -809.377 -809.377 -792.929 -767.883 -768.198 -748.003 -736.965 -724.834 -735.003 -722.744 -733.869 -723.804 -728.628 -711.138 -692.218 -672.512 -658.88 -643.716 -633.661 -611.078 -584.276 -548.851 -526.892 -526.892 -520.33 -510.487 -510.487 -503.925 -494.082 -490.801 -490.801 -484.239 -479.558 -471.115 -468.999 -463.505 -454.71 -454.71 -448.148 -439.937 -438.305 -428.462 -425.181 -415.338 -408.776 -408.776 -403.284 -389.09 -385.809 -369.404 -362.842 -349.718 -359.561 -349.718 -346.437 -328.764 0 0 -152.089 -152.089 -281.076 -262.299 0 0 0 0
-128.3 -174.312 -323.923 -323.923 -475.071 -574.814 -641.342 -695.511 -738.85 -761.46 -766.473 -785.822 -817.698 -815.507 -817.518 -792.929 -767.456 -768.198 -768.506 -752.744 -744.864 -735.003 -742.782 -743.054 -741.737 -744.079 -727.377 -705.295 -682.54 -661.344 -644.727 -624.694 -624.694 -613.405 -579.152 -546.561 -524.304 -520.7 -516.668 -517.049 -510.487 -503.925 -497.363 -490.801 -489.62 -487.52 -477.677 -477.677 -474.396 -464.553 -449.603 -448.148 -444.867 -444.867 -444.867 -435.024 -428.462 -424.611 -412.388 -405.495 -402.214 -402.214 -385.809 -382.528 -369.404 -359.685 -349.718 -346.437 -346.437 -322.626 -184.984 -303.784 -290.66 -267.693 -234.011 0 0 0 0
0 -57.0433 -173.382 -346.843 -505.848 -603.639 -679.925 -679.925 -757.086 -752.067 -797.435 -806.659 -815.694 -816.73 -821.406 -809.933 -786.75 -773.77 -770.309 -759.268 -758.912 -758.912 -762.833 -751.883 -755.553 -744.079 -737.969 -705.295 -710.854 -678.475 -661.942 -647.2 -628.309 -613.405 -584.338 -546.561 -556.124 -526.701 -526.166 -517.049 -510.487 -503.925 -497.09 -497.363 -494.082 -494.082 -487.52 -484.239 -477.677 -474.396 -474.396 -464.553 -461.272 -454.71 -444.867 -441.586 -431.743 -428.462 -421.9 -418.619 -408.776 -398.933 -378.336 -375.966 -372.685 -372.685 -359.561 -351.59 -343.156 -336.594 -320.189 -320.189 -320.189 -247.917 0 0 -182.693 0 0
0 -18.873 -245.453 -245.453 -378.556 -512.911 -635.189 -730.769 -828.695 -826.469 -879.759 -846.979 -840.599 -833.128 -826.622 -800.923 -786.092 -774.683 -785.683 -780.322 -784.203 -771.942 -771.671 -763.521 -769.106 -769.106 -775.6 -752.026 -719.045 -685.399 -669.178 -649.077 -656.039 -632.962 -613.742 -591.354 -567.06 -543.886 -533.057 -533.057 -524.591 -510.536 -500.644 -497.363 -497.363 -494.082 -487.52 -487.52 -480.958 -474.396 -471.115 -464.553 -461.272 -454.71 -454.71 -448.148 -438.305 -428.462 -421.9 -418.619 -408.776 -408.776 -398.933 -389.09 -382.528 -369.404 -362.842 -362.842 -362.842 -369.404 -352.999 -339.875 -286.968 0 0 -244.726 -244.726 0 0
