gis_data/PP1766_DIS_Layer10_Top_ASCII.txt
ncols         308
nrows         431
xllcorner     -321143.35392317
yllcorner     1277883.4776336
cellsize      1609.334
NODATA_value  -9999
[rows 245 to 279 of 431, columns 158 to 236 of 308]
-1250.45 -1246.78 -1239.17 -1237.03 -1227.19 -1231.62 -1222.54 -1215.87 -1207.56 -1200.97 -1188.65 -1174.44 -1174.44 -1148.5 -1100.71 -1073.34 -1049.12 -1041.34 -1018.24 -1037.16 -1029.84 -1029.91 -1009.35 -979.363 -949.463 -926.453 -926.453 -897.017 -963.294 -1079.72 -1114.69 -1110.27 -1091.59 -1068.62 -1068.62 -1045.87 0 0 0 0 0 0 0 0 0 0 0 0 0 0 0 0 0 0 0 0 0 0 0 0 0 0 0 0 0 0 0 0 0 0 0 -9999 -9999 -9999 -9999 -9999 -9999 -9999 -9999
-1253.01 -1255.33 -1249.76 -1245.41 -1240.05 -1233.23 -1223.32 -1219.13 -1219.13 -1209.57 -1199.76 -1188.44 -1176.78 -1148.2 -1106.06 -1079.98 -1079.98 -1063.72 -1047.77 -1040.91 -1045.03 -1028.44 -1010.2 -1000.32 -969.412 -936.822 -921.421 -904.972 -960.092 -1075.86 -1075.86 -1120 -1100.57 -1091.59 -1068.62 -1029.25 0 0 0 0 0 0 0 0 0 0 0 0 0 0 0 0 0 0 0 0 0 0 0 0 0 0 0 0 0 0 0 0 0 0 0 -9999 -9999 -9999 -9999 -9999 -9999 -9999 -9999
-1257.85 -1255.33 -1251.31 -1250.86 -1244.68 -1247.67 -1236.77 -1228.09 -1219.01 -1207.76 -1198.67 -1184.03 -1184.03 -1170.38 -1143.39 -1106.09 -1083.07 -1060.71 -1051.04 -1047.26 -1034.2 -1022.72 -1015.38 -990.437 -960.292 -932.419 -932.419 -916.787 -901.465 -945.029 -1073.72 -1106.46 -1094.87 -1084.89 -1084.89 -1065.34 -1018.22 0 0 0 0 0 0 0 0 0 0 0 0 0 0 0 0 0 0 0 0 0 0 0 0 0 0 0 0 0 0 0 0 0 0 0 -9999 -9999 -9999 -9999 -9999 -9999 -9999
-1260.8 -1260.8 -1256.4 -1254.61 -1251.58 -1247.67 -1239.44 -1228.09 -1228.77 -1216.9 -1207.32 -1195.49 -1183.1 -1170.38 -1134.84 -1134.84 -1103.76 -1078.46 -1056.34 -1047.26 -1029.79 -1022.72 -1008.64 -1006.27 -984.208 -952.037 -930.346 -915.758 -894.114 -938.217 -938.217 -1052.21 -1101.54 -1084.46 -1065.34 -1055.49 -1016.09 -1039.09 0 0 0 0 0 0 0 0 0 0 0 0 0 0 0 0 0 0 0 0 0 0 0 0 0 0 0 0 0 0 0 0 0 0 -9999 -9999 -9999 -9999 -9999 -9999 -9999
-1269.71 -1265.45 -1259.41 -1259.02 -1258.89 -1251.84 -1243.89 -1237.54 -1230.43 -1219.98 -1206.22 -1194.53 -1190.06 -1178.49 -1157.44 -1128.9 -1105.66 -1074.19 -1046.68 -1046.68 -1035.69 -1025.42 -1016.56 -1006.27 -979.071 -952.037 -948.648 -928.76 -912.433 -891.428 -941.036 -1052.21 -1086.9 -1086.9 -1083.62 -1065.34 -1076.16 -1039.09 -1024.36 0 0 0 0 0 0 0 0 0 0 0 0 0 0 0 0 0 0 0 0 0 0 0 0 0 0 0 0 0 0 0 0 0 0 -9999 -9999 -9999 -9999 -9999 -9999
-1277.12 -1277.12 -1271.56 -1263.22 -1257.17 -1255.53 -1248.58 -1243.39 -1247.17 -1235.93 -1225.04 -1207.23 -1187.87 -1178.73 -1178.65 -1178.65 -1150.11 -1101.43 -1063.89 -1044.37 -1030.23 -1023.55 -1011.33 -1011.33 -994.151 -973.089 -947.099 -928.249 -915.77 -903.237 -892.316 -938.46 -1038.08 -1086.34 -1082.14 -1091.59 -1045.65 -1045.65 -1039.09 -1020.08 0 0 0 0 0 0 0 0 0 0 0 0 0 0 0 0 0 0 0 0 0 0 0 0 0 0 0 0 0 0 0 0 0 0 -9999 -9999 -9999 -9999 -9999
-1298.82 -1280.98 -1271.56 -1261.08 -1261.08 -1258.1 -1256.43 -1250.48 -1247.17 -1243.37 -1226.95 -1206.38 -1206.35 -1194.34 -1182.97 -1180.89 -1119.85 -1090.97 -1060.47 -1060.47 -1041.62 -1027.48 -1014.26 -1005.28 -988.43 -969.944 -968.122 -950.584 -934.504 -917.72 -909.3 -949.744 -1068.25 -1068.25 -1088.31 -1069.78 -1062.06 -1048.93 -1048.93 -1021.75 -947.774 -947.774 0 0 0 0 0 0 0 0 0 0 0 0 0 0 0 0 0 0 0 0 0 0 0 0 0 0 0 0 0 0 0 0 -9999 -9999 -9999 -9999 -9999
-1294.34 -1294.68 -1282.35 -1271.81 -1260.47 -1256.41 -1253.41 -1253.89 -1253.89 -1254.37 -1243 -1226.67 -1206.35 -1195.9 -1182.97 -1157.06 -1143.01 -1109.29 -1085.57 -1061.4 -1041.62 -1027.82 -1027.82 -1013.14 -999.334 -987.663 -968.122 -949.675 -934.504 -920.858 -920.858 -900.569 -1017.84 -1077.23 -1088.31 -1075.18 -1065.34 -1065.34 -1082.78 -1062.06 -1031.45 -978.13 0 0 0 0 0 0 0 0 0 0 0 0 0 0 0 0 0 0 0 0 0 0 0 0 0 0 0 0 0 0 0 0 0 -9999 -9999 -9999 -9999
-1306.63 -1301.32 -1286.92 -1272.52 -1272.52 -1262.05 -1257.39 -1256.54 -1249.82 -1249.03 -1242.5 -1229.42 -1229.42 -1205.12 -1179.44 -1151.03 -1131.81 -1117.21 -1083.15 -1108.02 -1070.2 -1053.37 -1030.73 -1008.58 -994.323 -986.706 -986.706 -976.863 -957.567 -948.867 -934.519 -955.663 -1017.84 -1079.72 -1098.15 -1093.96 -1078.46 -1071.9 -1082.78 -1045.55 -1031.45 -1021.78 0 0 0 0 0 0 0 0 0 0 0 0 0 0 0 0 0 0 0 0 0 0 0 0 0 0 0 0 0 0 0 0 0 -9999 -9999 -9999 -9999
-1315.18 -1322.68 -1306 -1294.43 -1274.75 -1264.2 -1258.41 -1257.53 -1257.53 -1258.59 -1250.87 -1242.03 -1228.56 -1187.67 -1170.35 -1168.85 -1150.64 -1146.88 -1140.43 -1108.23 -1078.7 -1057.63 -1057.63 -1043.64 -1020.14 -1001.48 -988.43 -979.62 -962.839 -930.83 -930.83 -1005.01 -1042.13 -1110.66 -1101.43 -1094.87 -1081.74 -1096.12 -1083.12 -1062.06 -1045.65 -1026.92 -1008.23 0 0 0 0 0 0 0 0 0 0 0 0 0 0 0 0 0 0 0 0 0 0 0 0 0 0 0 0 0 0 0 0 0 -9999 -9999 -9999
-1333.89 -1322.68 -1311.11 -1294.43 -1296.81 -1278.12 -1271.73 -1262.3 -1263.54 -1258.59 -1251.81 -1251.81 -1238.83 -1218.28 -1190.97 -1168.85 -1156.08 -1146.88 -1137.64 -1124.94 -1105.73 -1092.72 -1070.81 -1047.24 -1021.56 -1007.42 -1007.42 -1000.34 -968.314 -972.558 -986.996 -1106.32 -1117.32 -1127.68 -1117.83 -1107.99 -1098.15 -1080.36 -1081.72 -1058.78 -1058.78 -1050.67 -1042.82 -1030.18 0 0 0 0 0 0 0 0 0 0 0 0 0 0 0 0 0 0 0 0 0 0 0 0 0 0 0 0 0 0 0 0 -9999 -9999 -9999
-1340.84 -1340.84 -1327.39 -1312.88 -1299.14 -1284.51 -1277.57 -1267.87 -1271.79 -1265.75 -1259.97 -1253.22 -1237.26 -1217.7 -1202.66 -1202.66 -1191.88 -1166.48 -1147.14 -1124.94 -1110.58 -1092.72 -1100.28 -1078.33 -1050.91 -1026.89 -1015.46 -1000.34 -976.748 -972.558 -1048.73 -1085.15 -1138.34 -1127.68 -1121.11 -1107.99 -1101.43 -1101.43 -1088.31 -1076.66 -1057.35 -1052.21 -1035.67 -1017.18 -1017.18 -1019.4 -1012.93 0 0 0 0 0 0 0 0 0 0 0 0 0 0 0 0 0 0 0 0 0 0 0 0 0 0 0 0 0 0 -9999 -9999
-1355.28 -1342.82 -1331.91 -1312.86 -1315.2 -1301.64 -1292.05 -1281.31 -1273.37 -1266.83 -1257.8 -1257.8 -1251.59 -1237.18 -1226.48 -1213.87 -1200.73 -1170.84 -1153.81 -1153.81 -1132.38 -1114.78 -1102.1 -1084.35 -1062.97 -1032.03 -1046.19 -1008.32 -1006.48 -1012.01 -1119.27 -1138.99 -1144.08 -1144.08 -1134.04 -1124.4 -1117.83 -1097.29 -1094.87 -1076.66 -1085.02 -1068.62 -1041.16 -1031.14 -1035.81 -1019.4 -1005.7 0 0 0 0 0 0 0 0 0 0 0 0 0 0 0 0 0 0 0 0 0 0 0 0 0 0 0 0 0 0 0 -9999
-1369.73 -1356.38 -1346.4 -1328.48 -1315.2 -1302.7 -1293.05 -1284.64 -1290.72 -1278.38 -1269.37 -1259.94 -1252.72 -1239.61 -1231.99 -1231.99 -1224.84 -1206.46 -1187.62 -1160.23 -1126.65 -1110.32 -1114.33 -1102.8 -1091.04 -1068.28 -1032.66 -1015.48 -1038.81 -1038.81 -1116.4 -1157.68 -1153.93 -1144.08 -1138.85 -1127.68 -1124.4 -1124.4 -1105.04 -1084.89 -1075.18 -1064.59 -1039.58 -1020.8 -1055.42 -1055.53 -1024.77 0 0 0 0 0 0 0 0 0 0 0 0 0 0 0 0 0 0 0 0 0 0 0 0 0 0 0 0 0 0 0 -9999
-1371.64 -1358.22 -1345.48 -1328.14 -1328.14 -1315.8 -1305.55 -1298.44 -1290.72 -1280.19 -1269.37 -1271.53 -1260.73 -1256.12 -1241.23 -1237.65 -1224.84 -1210.96 -1187.62 -1189.21 -1159.6 -1136.07 -1114.33 -1102.45 -1091.04 -1053.56 -1057.02 -1040.46 -1032.31 -1054.38 -1111.96 -1154.71 -1153.93 -1153.93 -1150.64 -1140.8 -1134.24 -1105.3 -1094.87 -1092.19 -1079.84 -1071.39 0 -1049.69 -1050.3 -1065.23 -1039.09 0 0 0 -955.772 0 0 0 0 0 0 0 0 0 0 0 0 0 0 0 0 0 0 0 0 0 0 0 0 0 0 0 0
-1383.42 -1370.69 -1357.79 -1349.61 -1331.13 -1315.59 -1304.62 -1300.48 -1300.48 -1293.24 -1286.7 -1278.71 -1264.67 -1262.2 -1250.65 -1256.33 -1243.65 -1233.13 -1213.69 -1193.95 -1167 -1145.34 -1145.34 -1118.62 -1100.06 -1072.94 -1057.02 -1040.71 -1032.31 -1032.14 -1053.25 -1091.93 -1148.12 -1160.49 -1150.64 -1141.95 -1134.24 -1127.68 -1114.55 -1102.55 -1079.84 -1086.35 0 -1065.72 -1065.72 -1042.81 -1047.2 -1016.24 -1017.39 -980.032 -970.935 -970.935 -950.503 0 0 -900.412 0 0 0 0 0 0 0 0 0 0 0 0 0 0 0 0 0 0 0 0 0 0 0
-1381.88 -1375.39 -1364.24 -1352.14 -1352.14 -1337.1 -1321 -1311.21 -1302.57 -1294.25 -1281.45 -1286.45 -1277.91 -1274.56 -1268.79 -1265.92 -1252.45 -1239.5 -1239.5 -1221.13 -1198.79 -1177.1 -1148.35 -1120.76 -1101.79 -1072.54 -1072.54 -1067.32 -1049.22 -1030.5 -1040.81 -1070.15 -1140.9 -1133.43 -1160.49 -1144.38 -1134.24 -1117.83 -1104.71 -1091.59 -1091.59 -1100.88 -1078.48 -1058.78 -1062.06 -1051.52 -1047.2 -1048.93 -1022.27 -1005.45 -989.875 -973.618 -950.503 -874.05 0 -958.815 -897.362 0 0 0 0 0 0 0 0 0 0 0 0 0 0 0 0 0 0 0 0 0 0
-1390.5 -1384.55 -1385.19 -1371.5 -1356.23 -1337.1 -1323.51 -1323.51 -1314.31 -1303.98 -1296.92 -1286.45 -1281.3 -1283.15 -1274.69 -1286.29 -1273.79 -1264.71 -1244.42 -1225.66 -1200.14 -1180.57 -1180.57 -1155.21 -1125.55 -1107.24 -1083.77 -1069.95 -1054.56 -1058.42 -1047.9 -1036.62 -1071.95 -1129.89 -1157.23 -1144.08 -1144.08 -1130.96 -1121.11 -1123.48 -1106.01 -1098.71 -1081.12 -1083.02 -1083.02 -1078.46 -1052.12 -1038.09 -1019.37 -1021.83 -989.875 -999.729 -987.752 -885.581 -759.111 -987.162 -959.328 0 0 0 0 0 0 0 0 0 0 0 0 0 0 0 0 0 0 0 0 0 0
-1389.38 -1390.27 -1384.96 -1374.97 -1374.84 -1358.54 -1345.46 -1329.73 -1315.87 -1308.52 -1301.39 -1301.39 -1297.23 -1289.93 -1291.33 -1286.29 -1284.7 -1264.71 -1269.91 -1249.29 -1228.26 -1203.27 -1181.9 -1155.21 -1132.4 -1107.24 -1113.33 -1090.81 -1071.29 -1058.42 -1053.84 -1036.62 -1066.6 -1073.85 -1127.95 -1147.78 -1140.8 -1127.68 -1121.11 -1115.3 -1115.3 -1104.71 -1085.02 -1094.87 -1082.43 -1068.9 -1048.93 -1068.62 -1039.43 -1042.37 -1019.4 -1009.56 -985.768 -933.782 -701.613 -974.179 -1075.18 -959.645 0 0 0 0 0 0 0 0 0 0 0 0 0 0 0 0 0 0 0 0 0
-1376.37 -1382.96 -1386.23 -1384.08 -1373.66 -1360.43 -1344.85 -1344.85 -1335.96 -1320.35 -1312.6 -1304.46 -1313.1 -1299.46 -1303.39 -1303.39 -1302.69 -1289.02 -1272.5 -1250.61 -1230.18 -1207.26 -1213.38 -1190.08 -1174.52 -1140.91 -1119.24 -1090.28 -1081.42 -1081.42 -1079.06 -1062.5 -1054.9 -1073.85 -1126.97 -1147.78 -1144.34 -1137.52 -1133.66 -1124.4 -1120.83 -1104.71 -1108.12 -1094.87 -1085.02 -1094.87 -1078.39 -1068.62 -1040.7 -1042.37 -1042.84 -1042.84 -994.81 -982.349 -997.258 -1101.93 -997.199 -975.396 -975.396 0 0 0 0 0 0 0 0 0 0 0 0 0 0 0 0 0 0 0 0
-1362.45 -1381.07 -1391 -1381.59 -1390.47 -1373.95 -1362.3 -1349.62 -1336.08 -1325.12 -1328.79 -1328.79 -1344.14 -1329.53 -1328.9 -1314.82 -1302.66 -1289.87 -1290.72 -1273.78 -1258.06 -1235.08 -1227.68 -1201 -1183.39 -1183.39 -1160.55 -1125.11 -1111.5 -1096.32 -1098.86 -1077.94 -1064.5 -1064.5 -1086.12 -1123.79 -1139.38 -1140.8 -1137.52 -1127.68 -1130.96 -1121.11 -1115.52 -1098.15 -1098.15 -1088.91 -1060.66 -1060.66 -1048.93 -1032.71 -1019.4 -1009.41 -1002.46 -987.88 -1002.17 -1014.91 -1081.74 -997.783 0 0 0 0 0 0 0 0 0 0 0 0 0 0 0 0 0 0 0 0 0
-1330.61 -1352.65 -1384.87 -1400.03 -1390.47 -1378.31 -1362.3 -1371.68 -1351.68 -1345.75 -1333.98 -1346.64 -1344.14 -1341.53 -1328.9 -1331.16 -1314.32 -1304.95 -1290.72 -1278.7 -1278.54 -1256.05 -1282.15 -1247.14 -1235.62 -1199.46 -1171.76 -1135.35 -1125.96 -1125.96 -1127.23 -1103.2 -1096.87 -1077.69 -1090.3 -1120.7 -1123.5 -1144.39 -1144.08 -1134.24 -1127.68 -1121.11 -1117.83 -1113.59 -1104.71 -1094.87 -1081.74 -1065.34 -1048.93 -1039.09 -1022.68 -1022.68 -1029.41 -1006.28 -1107.99 -1111.27 -997.566 -1018.88 -980.032 0 0 0 0 0 0 0 0 0 0 0 0 0 0 0 0 0 0 0 0
-1315.46 -1361.98 -1396.8 -1405.34 -1405.34 -1396.94 -1386.73 -1383.57 -1362.18 -1354.24 -1343.87 -1352.87 -1357.16 -1360.93 -1347.66 -1333.87 -1323.82 -1321.12 -1321.12 -1315.57 -1295.42 -1298.35 -1282.15 -1269.3 -1235.62 -1251.07 -1209.06 -1181.08 -1147.01 -1148.62 -1127.23 -1117.65 -1096.87 -1114.39 -1094.82 -1104.08 -1123.5 -1148.14 -1144.08 -1134.24 -1134.24 -1127.68 -1121.11 -1117.83 -1103.63 -1094.45 -1075.18 -1075.18 -1076.6 -1053.18 -1047.72 -1032.41 -1021.67 -1053.91 -1114.55 -1104.71 -1006.13 -990.573 0 0 0 0 0 0 0 0 -838.126 -822.08 0 0 0 0 0 0 0 0 0 0 0
-1210.57 -1289.49 -1370.1 -1411.77 -1409.81 -1408.93 -1392.86 -1413.26 -1393.59 -1396.38 -1373.91 -1370.74 -1366.76 -1373.84 -1373.84 -1367.05 -1344.55 -1329.8 -1328.45 -1311.55 -1303.67 -1300.38 -1300.38 -1293.84 -1278.57 -1257.46 -1217.07 -1187.47 -1165.93 -1181.89 -1168.79 -1160.56 -1138.19 -1131.03 -1114.49 -1114.16 -1114.16 -1142.03 -1145.63 -1140.8 -1137.52 -1127.68 -1121.11 -1124.4 -1114.55 -1104.85 -1095.91 -1078.46 -1076.6 -1066.29 -1047.72 -1045.65 -1032.53 -1127.68 -1114.55 -1008.6 -1006.13 -1001.23 -1001.23 0 0 0 0 0 0 0 -874.409 -822.906 0 0 0 0 0 0 0 0 0 0 0
-1199.18 -1289.49 -1378.22 -1411.77 -1436.6 -1432.16 -1443.11 -1432.73 -1407.88 -1412.22 -1383.69 -1393.59 -1384.15 -1389.64 -1386.15 -1378.21 -1353.26 -1328.25 -1328.25 -1315.49 -1306.69 -1307.99 -1301.24 -1299.65 -1287.14 -1292.81 -1264.13 -1240.5 -1204.23 -1196.82 -1180.33 -1173.09 -1151.6 -1167.71 -1147.87 -1129.78 -1134.41 -1152.98 -1150.64 -1141.24 -1141.24 -1130.95 -1124.4 -1114.55 -1107.99 -1098.15 -1094.87 -1094.87 -1078.46 -1062.06 -1052.21 -1042.37 -1035.81 -1048.93 -1048.93 -1019.4 -1016.12 -1016.12 -1015.13 0 -978.258 -970.189 -970.189 0 0 -898.007 -874.409 0 0 0 0 0 0 0 0 0 0 0 0
-1055.07 -1166.38 -1254.19 -1370.73 -1449.95 -1462.78 -1455.46 -1455.46 -1432.98 -1424.11 -1420.13 -1393.59 -1396.73 -1389.64 -1397.61 -1388.7 -1381.56 -1358.03 -1329.37 -1315.49 -1310.16 -1307.99 -1306.18 -1302.75 -1301.56 -1292.81 -1270.92 -1240.5 -1222.02 -1235.5 -1215.61 -1210.09 -1192.02 -1182.8 -1140.58 -1146.17 -1146.17 -1159.16 -1153.93 -1144.08 -1140.8 -1127.68 -1119.7 -1121.11 -1111.74 -1101.43 -1098.15 -1085.02 -1071.9 -1088.21 -1052.21 -1060.17 -1137.52 -1039.09 -1045.65 -1029.25 -1025.97 -1016.12 -1016.12 -1009.56 -993.156 -973.47 -963.627 -934.098 -920.469 -927.536 -903.151 0 0 0 0 0 0 0 0 0 0 0 0
-1005.73 -1129.4 -1248.75 -1248.75 -1368.75 -1439.34 -1439.63 -1442.24 -1427.73 -1434.27 -1417.83 -1417.83 -1407.29 -1405.25 -1400.79 -1392.42 -1374.31 -1354.31 -1351.53 -1330.81 -1319.19 -1312.58 -1312.64 -1307.57 -1308.79 -1308.79 -1308.72 -1287.42 -1272.19 -1235.5 -1229.6 -1210.09 -1220.25 -1202.59 -1166.28 -1154.05 -1162.12 -1159.16 -1150.64 -1144.08 -1140.8 -1134.24 -1124.4 -1121.11 -1111.27 -1101.43 -1094.87 -1094.87 -1153.93 -1075.18 -1149.46 -1139.2 -1048.93 -1039.09 -1039.09 -1045.65 -1035.81 -1029.2 -1019.4 -1006.72 -993.156 -993.156 -976.751 -965.377 -943.941 -945.595 -898.937 0 0 0 0 0 0 0 0 0 0 0 0
-857.557 -981.114 -1111.81 -1246.95 -1361.04 -1422.78 -1414.2 -1414.2 -1398.77 -1417.33 -1425.64 -1421.57 -1416.22 -1406.42 -1412.04 -1403.9 -1389.43 -1372.85 -1358.35 -1334.44 -1326.02 -1315.67 -1323.06 -1316.59 -1319 -1318.39 -1317.97 -1301.68 -1287.03 -1287.03 -1261.94 -1239.76 -1229.02 -1187.62 -1172.5 -1166.03 -1166.67 -1163.5 -1150.64 -1144.08 -1137.52 -1127.68 -1124.4 -1124.4 -1158.66 -1131.72 -1101.43 -1088.31 -1078.46 -1075.18 -1065.34 -1065.34 -1058.78 -1052.21 -1048.93 -1045.65 -1039.62 -1029.2 -1032.53 -1022.68 -1009.56 -993.156 -976.751 -965.377 -952.143 -952.143 -957.065 -927.536 0 0 0 0 0 0 0 0 0 0 0
-857.557 -969.754 -1111.81 -1141.4 -1255.35 -1329.69 -1391.95 -1385.93 -1398.77 -1421.27 -1425.64 -1430.44 -1424.89 -1424.15 -1412.04 -1404.12 -1385.67 -1366.94 -1366.85 -1354.96 -1345.64 -1330.33 -1326.9 -1321.18 -1324.88 -1324.88 -1332.2 -1323.29 -1315.84 -1290.12 -1267.92 -1251.02 -1235.6 -1214.74 -1192.75 -1174.2 -1191.65 -1158.81 -1150.64 -1145.25 -1190.02 -1188.46 -1130.96 -1122.37 -1117.83 -1107.99 -1101.43 -1101.43 -1094.87 -1083.78 -1078.46 -1068.62 -1068.62 -1062.06 -1066.33 -1058.78 -1048.93 -1039.09 -1035.81 -1022.68 -1009.56 -1009.56 -996.437 -985.403 -973.47 -975.931 -953.283 -917.693 0 0 0 0 0 0 0 0 0 0 0
-773.197 -895.368 -1011.12 -1168.7 -1257.1 -1313.2 -1360.14 -1373.09 -1389.93 -1432.72 -1438.18 -1437.23 -1429.61 -1429.07 -1429.07 -1413.15 -1401.21 -1377.8 -1366.85 -1358.87 -1345.64 -1353.29 -1335.4 -1333.52 -1328.9 -1337.4 -1332.2 -1328.95 -1315.84 -1310.73 -1285.6 -1271.15 -1235.6 -1218.48 -1192.75 -1199.86 -1173.61 -1163.77 -1153.93 -1163.77 -1147.36 -1137 -1130.96 -1130.96 -1127.68 -1117.83 -1105.43 -1096.83 -1096.75 -1088.31 -1088.43 -1080.08 -1081.74 -1075.18 -1070.36 -1062.06 -1052.21 -1045.65 -1041.33 -1032.53 -1019.4 -1006.28 -1012.84 -999.402 -986.594 -986.594 -971.01 -954.109 0 0 0 0 0 0 0 0 0 0 0
-805.378 -923.942 -1054.24 -1096.58 -1197.77 -1286.42 -1326.97 -1386.15 -1408.53 -1445.59 -1445.59 -1445.58 -1443.87 -1449.94 -1429.55 -1416.32 -1405.38 -1386.83 -1386.83 -1379.03 -1365.05 -1357.01 -1342.97 -1348.7 -1341.3 -1364.26 -1353.87 -1344.36 -1330.53 -1300.74 -1284.02 -1259.61 -1259.61 -1245.05 -1218.85 -1181.94 -1173.61 -1163.77 -1153.93 -1150.64 -1150.64 -1147.36 -1137.52 -1130.96 -1127.68 -1114.55 -1105.43 -1114.55 -1107.99 -1104.71 -1088.43 -1085.02 -1081.74 -1081.74 -1081.74 -1071.9 -1062.06 -1052.21 -1045.65 -1030.63 -1032.53 -1032.53 -1019.4 -1016.12 -999.718 -983.313 -989.739 -973.47 0 0 0 0 0 0 0 0 0 0 0
-723.467 -796.321 -960.963 -1112.11 -1218.23 -1279.14 -1336.3 -1345.51 -1385.59 -1411.46 -1433.12 -1453.29 -1450.71 -1459.38 -1459.38 -1442.93 -1417.88 -1418.2 -1398 -1386.96 -1374.83 -1385 -1372.74 -1383.87 -1373.8 -1378.63 -1361.14 -1342.22 -1322.51 -1308.88 -1293.72 -1283.66 -1261.08 -1234.28 -1198.85 -1176.89 -1176.89 -1170.33 -1160.49 -1160.49 -1153.93 -1144.08 -1140.8 -1140.8 -1134.24 -1129.56 -1121.11 -1119 -1113.5 -1104.71 -1104.71 -1098.15 -1089.94 -1088.31 -1078.46 -1075.18 -1065.34 -1058.78 -1058.78 -1053.28 -1039.09 -1035.81 -1019.4 -1012.84 -999.718 -1009.56 -999.718 -996.437 -978.764 0 0 -802.089 -802.089 -931.076 -912.299 0 0 0 0
-778.3 -824.312 -973.923 -973.923 -1125.07 -1224.81 -1291.34 -1345.51 -1388.85 -1411.46 -1416.47 -1435.82 -1467.7 -1465.51 -1467.52 -1442.93 -1417.46 -1418.2 -1418.51 -1402.74 -1394.86 -1385 -1392.78 -1393.05 -1391.74 -1394.08 -1377.38 -1355.29 -1332.54 -1311.34 -1294.73 -1274.69 -1274.69 -1263.41 -1229.15 -1196.56 -1174.3 -1170.7 -1166.67 -1167.05 -1160.49 -1153.93 -1147.36 -1140.8 -1139.62 -1137.52 -1127.68 -1127.68 -1124.4 -1114.55 -1099.6 -1098.15 -1094.87 -1094.87 -1094.87 -1085.02 -1078.46 -1074.61 -1062.39 -1055.49 -1052.21 -1052.21 -1035.81 -1032.53 -1019.4 -1009.69 -999.718 -996.437 -996.437 -972.626 -834.984 -953.784 -940.66 -917.693 -884.011 0 0 0 0
0 -707.043 -823.382 -996.843 -1155.85 -1253.64 -1329.92 -1329.92 -1407.09 -1402.07 -1447.44 -1456.66 -1465.69 -1466.73 -1471.41 -1459.93 -1436.75 -1423.77 -1420.31 -1409.27 -1408.91 -1408.91 -1412.83 -1401.88 -1405.55 -1394.08 -1387.97 -1355.29 -1360.85 -1328.48 -1311.94 -1297.2 -1278.31 -1263.41 -1234.34 -1196.56 -1206.12 -1176.7 -1176.17 -1167.05 -1160.49 -1153.93 -1147.09 -1147.36 -1144.08 -1144.08 -1137.52 -1134.24 -1127.68 -1124.4 -1124.4 -1114.55 -1111.27 -1104.71 -1094.87 -1091.59 -1081.74 -1078.46 -1071.9 -1068.62 -1058.78 -1048.93 -1028.34 -1025.97 -1022.68 -1022.68 -1009.56 -1001.59 -993.156 -986.594 -970.189 -970.189 -970.189 -897.917 0 0 -832.693 0 0
0 -668.873 -895.453 -895.453 -1028.56 -1162.91 -1285.19 -1380.77 -1478.69 -1476.47 -1529.76 -1496.98 -1490.6 -1483.13 -1476.62 -1450.92 -1436.09 -1424.68 -1435.68 -1430.32 -1434.2 -1421.94 -1421.67 -1413.52 -1419.11 -1419.11 -1425.6 -1402.03 -1369.04 -1335.4 -1319.18 -1299.08 -1306.04 -1282.96 -1263.74 -1241.35 -1217.06 -1193.89 -1183.06 -1183.06 -1174.59 -1160.54 -1150.64 -1147.36 -1147.36 -1144.08 -1137.52 -1137.52 -1130.96 -1124.4 -1121.11 -1114.55 -1111.27 -1104.71 -1104.71 -1098.15 -1088.31 -1078.46 -1071.9 -1068.62 -1058.78 -1058.78 -1048.93 -1039.09 -1032.53 -1019.4 -1012.84 -1012.84 -1012.84 -1019.4 -1003 -989.875 -936.968 0 0 -894.726 -894.726 0 0
