gis_data/PP1766_DIS_Layer5_Top_ASCII.txt
ncols         308
nrows         431
xllcorner     -321143.35392317
yllcorner     1277883.4776336
cellsize      1609.334
NODATA_value  -9999
[rows 245 to 279 of 431, columns 158 to 236 of 308]
-121.577 -117.907 -110.446 -108.1 -98.4669 -102.765 -93.7173 -86.8992 -79.5113 -72.2274 -61.3922 -46.595 -46.595 -25.299 14.9951 39.3982 61.531 68.1845 90.3039 73.0474 85.996 88.6867 108.705 131.433 159.234 181.547 181.547 201.983 135.706 19.2786 -15.6911 -11.2651 7.414 30.381 30.381 53.1329 0 0 0 0 0 0 0 0 0 0 0 0 0 0 0 0 0 0 0 0 0 0 0 0 0 0 0 0 0 0 0 0 0 0 0 -9999 -9999 -9999 -9999 -9999 -9999 -9999 -9999
-124.531 -127.195 -120.995 -117.236 -111.453 -104.637 -94.4798 -89.9697 -89.9697 -80.7484 -70.8126 -59.297 -48.206 -24.1754 10.98 32.3374 32.3374 46.3331 61.0866 68.7856 71.3993 85.4412 103.16 108.392 139.091 171.178 186.579 194.028 138.908 23.1369 23.1369 -21.0025 -1.5708 7.414 30.381 69.753 0 0 0 0 0 0 0 0 0 0 0 0 0 0 0 0 0 0 0 0 0 0 0 0 0 0 0 0 0 0 0 0 0 0 0 -9999 -9999 -9999 -9999 -9999 -9999 -9999 -9999
-131.411 -127.195 -123.318 -122.525 -116.199 -119.273 -108.216 -99.5593 -90.0947 -79.3624 -70.2603 -55.1854 -55.1854 -43.1671 -21.732 6.79821 27.3954 48.5023 57.6292 61.3684 73.8014 85.278 93.3176 117.563 147.708 175.581 175.581 191.271 197.535 153.971 25.2807 -7.45811 4.133 14.107 14.107 33.662 80.785 0 0 0 0 0 0 0 0 0 0 0 0 0 0 0 0 0 0 0 0 0 0 0 0 0 0 0 0 0 0 0 0 0 0 0 -9999 -9999 -9999 -9999 -9999 -9999 -9999
-135.221 -135.221 -130.453 -127.451 -123.287 -119.273 -111.301 -99.5593 -100.982 -88.6914 -79.3423 -67.2356 -54.3667 -43.1671 -16.9831 -16.9831 7.71537 30.0709 51.7267 61.3684 78.2139 85.278 99.3622 101.728 123.792 155.963 177.654 192.242 204.886 160.783 160.783 46.7926 -2.54247 14.5369 33.662 43.505 82.9126 59.91 0 0 0 0 0 0 0 0 0 0 0 0 0 0 0 0 0 0 0 0 0 0 0 0 0 0 0 0 0 0 0 0 0 0 -9999 -9999 -9999 -9999 -9999 -9999 -9999
-141.822 -140.447 -133.937 -132.356 -132.745 -125.629 -117.522 -110.52 -103.217 -92.4198 -78.485 -66.426 -61.8105 -49.7475 -33.8862 -12.749 8.32845 33.807 61.3207 61.3207 72.3147 82.5774 91.4434 101.728 128.929 155.963 159.351 179.24 195.567 207.572 157.964 46.7926 12.0975 12.0975 15.3803 33.662 22.843 59.91 74.6368 0 0 0 0 0 0 0 0 0 0 0 0 0 0 0 0 0 0 0 0 0 0 0 0 0 0 0 0 0 0 0 0 0 0 -9999 -9999 -9999 -9999 -9999 -9999
-147.876 -147.876 -143.763 -136.389 -128.905 -127.918 -121.045 -116.697 -120.15 -108.817 -96.9638 -79.1437 -58.5077 -48.7424 -42.0666 -42.0666 -21.095 12.9949 45.5405 63.8888 77.7656 84.4475 96.7281 96.7281 114.115 135.017 161.31 179.751 192.23 195.763 206.684 160.54 60.925 12.664 16.8565 7.414 53.348 53.348 59.91 78.9243 0 0 0 0 0 0 0 0 0 0 0 0 0 0 0 0 0 0 0 0 0 0 0 0 0 0 0 0 0 0 0 0 0 0 -9999 -9999 -9999 -9999 -9999
-161.938 -151.596 -143.763 -132.85 -132.85 -129.321 -128.078 -122.437 -120.15 -116.065 -99.3649 -78.4404 -77.9793 -61.4798 -47.5854 -41.2942 -4.46845 19.9878 47.533 47.533 66.3814 80.5156 94.3355 103.042 119.961 138.743 140.429 157.416 173.496 190.28 189.7 149.256 30.7532 30.7532 10.695 29.2241 36.943 50.067 50.067 77.2461 151.226 151.226 0 0 0 0 0 0 0 0 0 0 0 0 0 0 0 0 0 0 0 0 0 0 0 0 0 0 0 0 0 0 0 0 -9999 -9999 -9999 -9999 -9999
-161.632 -163.561 -152.746 -142.461 -131.458 -127.211 -124.776 -125.867 -125.867 -126.914 -115.653 -98.4134 -77.9793 -62.8827 -47.5854 -35.8564 -23.6635 1.02999 22.4323 46.6016 66.3814 81.0986 81.0986 95.4493 108.874 120.452 140.429 158.325 173.496 187.142 187.142 198.431 81.1568 21.7695 10.695 23.819 33.662 33.662 16.2176 36.943 67.5537 120.87 0 0 0 0 0 0 0 0 0 0 0 0 0 0 0 0 0 0 0 0 0 0 0 0 0 0 0 0 0 0 0 0 0 -9999 -9999 -9999 -9999
-173.72 -170.001 -156.782 -142.47 -142.47 -132.116 -128.121 -128.225 -122.025 -121.241 -114.567 -100.229 -100.229 -78.216 -55.6248 -34.7341 -17.1118 -2.18377 24.964 11.459 40.9922 58.0827 79.1228 99.5875 113.717 121.294 121.294 131.137 150.433 159.133 173.481 143.337 81.1568 19.2803 0.85199 5.04059 20.538 27.1 16.2176 53.4493 67.5537 77.2173 0 0 0 0 0 0 0 0 0 0 0 0 0 0 0 0 0 0 0 0 0 0 0 0 0 0 0 0 0 0 0 0 0 -9999 -9999 -9999 -9999
-182.018 -188.942 -174.052 -163.204 -144.245 -134.141 -129.144 -128.907 -128.907 -129.871 -122.466 -113.007 -100.026 -69.4742 -53.418 -50.974 -33.4435 -23.3104 -13.0637 12.2564 36.0731 54.8889 54.8889 66.8649 87.8609 106.518 119.57 128.38 145.161 168.17 168.17 93.9899 56.8677 -11.664 -2.42899 4.133 17.257 2.87748 15.8779 36.943 53.348 72.0774 90.7734 0 0 0 0 0 0 0 0 0 0 0 0 0 0 0 0 0 0 0 0 0 0 0 0 0 0 0 0 0 0 0 0 0 -9999 -9999 -9999
-197.796 -188.942 -178.706 -163.204 -165.255 -147.354 -141.381 -132.74 -134.161 -129.871 -122.294 -122.294 -109.906 -92.8144 -70.142 -50.974 -35.6771 -23.3104 -11.2254 -2.3862 12.7817 23.6542 42.922 63.4773 87.0255 100.583 100.583 107.66 130.686 126.442 112.004 -7.32081 -18.3161 -28.677 -18.834 -8.991 0.85199 18.6383 17.2774 40.224 40.224 48.3294 56.1832 68.8221 0 0 0 0 0 0 0 0 0 0 0 0 0 0 0 0 0 0 0 0 0 0 0 0 0 0 0 0 0 0 0 0 -9999 -9999 -9999
-204.628 -204.628 -193.329 -180.259 -167.316 -153.438 -146.702 -137.696 -140.773 -135.348 -128.885 -122.705 -107.616 -91.2808 -76.0742 -76.0742 -63.5828 -41.3166 -22.5386 -2.3862 8.06482 23.6542 17.6728 37.305 59.3508 81.1144 92.5409 107.66 122.252 126.442 50.2665 13.8496 -39.3359 -28.677 -22.115 -8.991 -2.42899 -2.42899 10.695 22.3418 41.6494 46.786 63.3297 81.8189 81.8189 79.596 86.0726 0 0 0 0 0 0 0 0 0 0 0 0 0 0 0 0 0 0 0 0 0 0 0 0 0 0 0 0 0 0 -9999 -9999
-217.493 -206.895 -197.983 -180.116 -182.214 -169.45 -159.894 -149.719 -141.353 -135.307 -125.615 -125.615 -119.199 -106.109 -95.2782 -83.8684 -71.2782 -44.0802 -28.8944 -28.8944 -10.9019 4.29134 16.6584 34.0998 50.0666 76.8192 63.6639 90.678 92.5192 86.986 -20.2725 -39.9869 -45.082 -45.082 -35.0448 -25.396 -18.834 1.71034 4.133 22.3418 13.976 30.381 57.8447 67.8572 63.191 79.596 93.3006 0 0 0 0 0 0 0 0 0 0 0 0 0 0 0 0 0 0 0 0 0 0 0 0 0 0 0 0 0 0 0 -9999
-229.045 -218.939 -210.897 -194.526 -182.214 -169.93 -160.083 -152.159 -157.223 -145.302 -135.72 -126.861 -119.551 -107.328 -99.87 -99.87 -93.7527 -76.8017 -59.4671 -35.0023 -6.89069 8.3703 2.57442 15.1568 23.2317 44.0897 66.3445 83.5211 60.1899 60.1899 -17.3982 -58.6754 -54.925 -45.082 -39.8509 -28.677 -25.396 -25.396 -6.0385 14.1145 23.819 34.4113 59.4227 78.1979 43.5836 43.475 74.2281 0 0 0 0 0 0 0 0 0 0 0 0 0 0 0 0 0 0 0 0 0 0 0 0 0 0 0 0 0 0 0 -9999
-231.8 -221.402 -210.304 -193.585 -193.585 -181.31 -171.976 -164.468 -157.223 -146.083 -135.72 -137.044 -126.883 -122.277 -108.19 -105.293 -93.7527 -81.7443 -59.4671 -62.4684 -36.4512 -19.0115 2.57442 11.0824 23.2317 45.4381 41.9802 58.5428 66.6923 44.6187 -12.9566 -55.714 -54.925 -54.925 -51.644 -41.801 -35.239 -6.29564 4.133 6.81458 19.1568 27.6145 0 49.3114 48.6991 33.7744 59.91 0 0 0 143.228 0 0 0 0 0 0 0 0 0 0 0 0 0 0 0 0 0 0 0 0 0 0 0 0 0 0 0 0
-240.836 -231.258 -220.893 -212.34 -195.272 -180.101 -170.053 -165.309 -165.309 -157.602 -151.666 -143.532 -130.129 -127.68 -117.06 -122.155 -111.181 -102.7 -85.3022 -68.7235 -46.6329 -29.7937 -29.7937 -10.343 9.28229 26.062 41.9802 58.2915 66.6923 66.86 45.7501 7.07111 -49.1161 -61.487 -51.644 -42.9529 -35.239 -28.677 -15.553 -3.54616 19.1568 12.6515 0 33.2775 33.2775 56.189 51.8036 82.7635 81.611 118.968 128.065 128.065 148.497 0 0 198.588 0 0 0 0 0 0 0 0 0 0 0 0 0 0 0 0 0 0 0 0 0 0 0
-238.784 -233.1 -225.064 -212.018 -212.018 -198.906 -184.417 -173.891 -166.124 -157.779 -145.667 -150.148 -142.127 -138.498 -133.449 -130.942 -119.601 -109.264 -109.264 -93.5708 -74.5646 -58.1856 -35.2303 -12.7613 6.71989 26.4617 26.4617 40.7879 58.7821 68.5045 58.1917 28.8456 -41.8963 -34.4321 -61.487 -45.3788 -35.239 -18.834 -5.70999 7.414 7.414 -1.88376 20.5223 40.224 36.943 47.4843 51.8036 50.067 76.7328 93.5542 109.125 125.382 148.497 224.95 0 140.185 201.638 0 0 0 0 0 0 0 0 0 0 0 0 0 0 0 0 0 0 0 0 0 0
-243.376 -239.375 -238.199 -227.456 -213.739 -198.906 -185.338 -185.338 -176.084 -166.623 -159.902 -150.148 -144.896 -146.19 -138.286 -148.755 -137.897 -131.245 -114.298 -98.6272 -76.5186 -61.8921 -61.8921 -42.9263 -17.5451 0.760492 24.4365 38.0539 53.4446 49.579 60.098 62.376 27.0494 -30.8944 -58.2303 -45.082 -45.082 -31.958 -22.115 -24.4796 -7.0063 0.291081 17.8792 15.9809 15.9809 20.538 46.8829 60.9062 79.6272 77.173 109.125 99.2711 111.248 213.419 339.889 111.838 139.672 0 0 0 0 0 0 0 0 0 0 0 0 0 0 0 0 0 0 0 0 0 0
-241.221 -242.595 -235.413 -227.781 -226.672 -214.133 -203.637 -190.117 -177.109 -170.644 -164.082 -164.082 -160.039 -152.843 -153.538 -148.755 -148.242 -131.245 -136.916 -119.711 -101.501 -79.8426 -62.7108 -42.9263 -24.4023 0.760492 -5.3305 17.1902 36.7687 49.579 54.1572 62.376 32.3971 25.1505 -28.9524 -48.7793 -41.801 -28.677 -22.115 -16.3048 -16.3048 -5.70999 13.976 4.133 16.5654 30.1046 50.067 30.381 59.5672 56.629 79.596 89.4433 113.232 165.218 397.387 124.821 23.819 139.355 0 0 0 0 0 0 0 0 0 0 0 0 0 0 0 0 0 0 0 0 0
-228.291 -234.445 -236.836 -234.369 -226.204 -215.432 -202.727 -202.727 -195.672 -181.43 -174.412 -166.835 -175.371 -161.743 -165.104 -165.104 -164.653 -152.866 -140.189 -121.845 -103.611 -83.7164 -90.5011 -70.0848 -58.503 -32.2248 -11.241 17.7237 26.7131 26.7131 28.9358 45.5528 44.0994 25.1505 -27.9741 -48.7793 -45.3432 -38.52 -34.6621 -25.396 -21.8333 -5.70999 -9.12172 4.133 13.976 4.133 20.6137 30.381 58.3013 56.629 56.1608 56.1608 104.19 116.651 101.742 -2.93366 101.801 123.604 123.604 0 0 0 0 0 0 0 0 0 0 0 0 0 0 0 0 0 0 0 0
-214.519 -232.668 -242.404 -233.475 -243.907 -228.081 -219.182 -207.82 -196.075 -186.069 -190.382 -190.382 -205.973 -191.439 -190.364 -176.254 -165.143 -154.383 -155.661 -142.022 -129.811 -109.388 -106.977 -82.1683 -71.2245 -71.2245 -52.545 -17.1128 -3.2795 11.9559 9.34882 30.3227 34.4989 34.4989 12.8819 -24.7861 -40.379 -41.801 -38.52 -28.677 -31.958 -22.115 -16.5232 0.85199 0.85199 10.0939 38.3419 38.3419 50.067 66.2896 79.596 89.5941 96.536 111.12 96.8309 84.0931 17.257 101.217 0 0 0 0 0 0 0 0 0 0 0 0 0 0 0 0 0 0 0 0 0
-182.654 -205.047 -236.168 -252.93 -243.907 -234.363 -219.182 -229.988 -210.886 -205.024 -194.559 -208.098 -205.973 -203.151 -190.364 -192.455 -175.778 -167.576 -155.661 -147.585 -151.516 -132.417 -160.987 -129.171 -121.652 -89.8866 -63.7646 -27.351 -17.9644 -17.9644 -19.2348 4.80475 11.1318 21.3121 8.69652 -21.6956 -24.504 -45.3883 -45.082 -35.239 -28.677 -22.115 -18.834 -14.5887 -5.70999 4.133 17.257 33.662 50.067 59.91 76.315 76.315 69.5885 92.72 -8.991 -12.272 101.434 80.1169 118.968 0 0 0 0 0 0 0 0 0 0 0 0 0 0 0 0 0 0 0 0
-166.136 -197.397 -242.964 -260.5 -260.5 -254.826 -244.66 -241.667 -220.55 -212.496 -204.164 -213.538 -218.722 -222.586 -209.032 -195.13 -185.384 -184.515 -184.515 -183.728 -166.151 -173.509 -160.987 -152.044 -121.652 -137.513 -99.9061 -73.0834 -39.0073 -40.617 -19.2348 -9.64646 11.1318 -6.39248 4.17934 -5.08395 -24.504 -49.1426 -45.082 -35.239 -35.239 -28.677 -22.115 -18.834 -4.62652 4.5528 23.819 23.819 22.404 45.8204 51.2812 66.5909 77.3253 45.0931 -15.553 -5.70999 92.8667 108.427 0 0 0 0 0 0 0 0 260.874 276.92 0 0 0 0 0 0 0 0 0 0 0
-66.5676 -133.666 -199.505 -257.096 -266.166 -263.989 -250.623 -264.608 -248.934 -250.328 -231.67 -232.683 -228.571 -235.482 -235.482 -228.475 -205.609 -192.733 -194.214 -182.51 -176.328 -177.582 -177.582 -174.219 -161.138 -143.176 -107.294 -79.4685 -57.9288 -73.8859 -60.7881 -52.5582 -30.1885 -23.0279 -6.49071 -15.1623 -15.1623 -43.0277 -46.6319 -41.801 -38.52 -28.677 -22.115 -25.396 -15.553 -5.85107 3.08668 20.538 22.404 32.7054 51.2812 53.348 66.472 -28.677 -15.553 90.4046 92.8667 97.766 97.766 0 0 0 0 0 0 0 224.591 276.094 0 0 0 0 0 0 0 0 0 0 0
-58.9446 -133.666 -209.618 -257.096 -259.553 -274.502 -270.887 -269.734 -259.947 -263.523 -243.402 -256.467 -246.904 -251.951 -248.036 -239.523 -214.264 -196.032 -196.032 -189.303 -180.878 -185.388 -179.885 -179.848 -168.968 -174.058 -148.759 -128.943 -96.2338 -88.8178 -72.3296 -65.0887 -43.5991 -59.7059 -39.8723 -30.7817 -35.4055 -53.9807 -51.644 -42.2384 -42.2384 -31.9545 -25.396 -15.553 -8.991 0.85199 4.133 4.133 20.538 36.943 46.786 56.629 63.191 50.067 50.067 79.596 82.877 82.877 83.8712 0 120.742 128.811 128.811 0 0 200.993 224.591 0 0 0 0 0 0 0 0 0 0 0 0
73.1454 -28.7715 -105.974 -204.42 -264.34 -272.514 -272.158 -272.158 -272.044 -270.164 -273.283 -256.467 -259.543 -251.951 -259.83 -250.72 -243.199 -221.568 -203.179 -189.303 -187.157 -185.388 -184.626 -181.992 -181.533 -174.058 -154.495 -128.943 -114.022 -127.183 -107.607 -102.089 -84.0203 -74.7978 -41.5834 -47.1666 -47.1666 -60.1622 -54.925 -45.082 -41.801 -28.677 -20.7046 -22.115 -12.7379 -2.42899 0.85199 13.976 27.1 10.7938 46.786 38.826 -38.52 59.91 53.348 69.753 73.034 82.877 82.877 89.439 105.844 125.53 135.373 164.902 178.531 171.464 195.849 0 0 0 0 0 0 0 0 0 0 0 0
117.844 6.80195 -101.295 -101.295 -210.215 -264.075 -274.294 -274.83 -277.011 -282.025 -276.213 -276.213 -269.173 -267.622 -263.129 -254.791 -241.3 -225.451 -226.096 -207.251 -197.151 -190.785 -191.199 -186.746 -188.628 -188.628 -189.146 -169.959 -158.163 -127.183 -121.603 -102.089 -112.249 -94.592 -67.2775 -55.0488 -63.1159 -60.1622 -51.644 -45.082 -41.801 -35.239 -25.396 -22.115 -12.272 -2.42899 4.133 4.133 -54.925 23.819 -50.455 -40.1952 50.067 59.91 59.91 53.348 63.191 69.8002 79.596 92.2819 105.844 105.844 122.249 133.623 155.059 153.405 200.063 0 0 0 0 0 0 0 0 0 0 0 0
257.414 138.429 24.4028 -101.007 -211.797 -261.725 -274.331 -274.331 -271.923 -280.138 -287.264 -282.476 -278.023 -268.502 -274.072 -267.038 -256.986 -244.981 -234.492 -211.773 -203.699 -193.821 -200.702 -194.98 -197.792 -197.841 -197.742 -183.388 -172.095 -172.095 -153.944 -131.759 -121.016 -88.6216 -73.4995 -67.0341 -67.6696 -64.5029 -51.644 -45.082 -38.52 -28.677 -25.396 -25.396 -59.6637 -32.716 -2.42899 10.695 20.538 23.819 33.662 33.662 40.224 46.786 50.067 53.348 59.3795 69.8002 66.472 76.315 89.439 105.844 122.249 133.623 146.857 146.857 141.935 171.464 0 0 0 0 0 0 0 0 0 0 0
257.414 150.09 24.4028 -9.35173 -115.335 -195.212 -252.563 -261.39 -271.923 -285.753 -287.264 -291.145 -286.08 -285.717 -274.072 -267.537 -255.197 -241.41 -242.666 -231.323 -221.525 -207.122 -204.125 -199.432 -203.546 -203.546 -211.04 -203.163 -197.475 -176.614 -159.92 -143.02 -136.599 -115.743 -93.754 -75.201 -92.6474 -59.808 -51.644 -46.2454 -91.016 -89.4607 -31.958 -23.3731 -18.834 -8.991 -2.42899 -2.42899 4.133 15.2167 20.538 30.381 30.381 36.943 32.6672 40.224 50.067 59.91 63.191 76.315 89.439 89.439 102.563 113.597 125.53 123.069 145.717 181.307 0 0 0 0 0 0 0 0 0 0 0
340.618 220.815 112.178 -41.8781 -128.971 -187.215 -234.685 -241.766 -260.785 -293.342 -299.026 -298.038 -290.889 -290.647 -290.647 -274.493 -263.578 -250.508 -242.666 -233.674 -221.525 -227.806 -211.276 -210.623 -207.153 -215.857 -211.04 -209.034 -197.475 -195.093 -175.831 -163.146 -136.599 -119.482 -93.754 -100.864 -74.611 -64.768 -54.925 -64.768 -48.363 -37.9985 -31.958 -31.958 -28.677 -18.834 -6.43414 2.16653 2.25253 10.695 10.5722 18.9213 17.257 23.819 28.6444 36.943 46.786 53.348 57.6711 66.472 79.596 92.72 86.158 99.5982 112.406 112.406 127.99 144.891 0 0 0 0 0 0 0 0 0 0 0
309.292 202.681 76.6241 43.3766 -60.1905 -147.888 -192.188 -247.175 -270.023 -305.9 -305.9 -307.17 -305.691 -312.612 -291.276 -277.606 -267.061 -257.016 -257.016 -250.154 -238.085 -230.84 -218.414 -225.958 -219.52 -242.438 -232.423 -224.32 -211.646 -190.231 -176.016 -160.611 -160.611 -146.054 -119.853 -82.9448 -74.611 -64.768 -54.925 -51.644 -51.644 -48.363 -38.52 -31.958 -28.677 -15.553 -6.43414 -15.553 -8.991 -5.70999 10.5722 13.976 17.257 17.257 17.257 27.1 36.943 46.786 53.348 68.3661 66.472 66.472 79.596 82.877 99.282 115.687 109.261 125.53 0 0 0 0 0 0 0 0 0 0 0
375.533 322.642 175.162 27.4969 -78.5903 -140.311 -196.686 -207.09 -246.581 -272.761 -294.483 -316.352 -314.081 -323.801 -323.801 -308.636 -282.047 -281.359 -265.015 -257.76 -247.338 -257.694 -246.636 -259.839 -251.211 -257.063 -240.2 -223.6 -206.263 -199.22 -185.716 -175.661 -162.078 -135.276 -99.8513 -77.892 -77.892 -71.33 -61.487 -61.487 -54.925 -45.082 -41.801 -41.801 -35.239 -30.5576 -22.115 -19.9986 -14.5048 -5.70999 -5.70999 0.85199 9.06342 10.695 20.538 23.819 33.662 40.224 40.224 45.7162 59.91 63.191 79.596 86.158 99.282 89.439 99.282 102.563 120.236 0 0 296.911 296.911 167.924 186.701 0 0 0 0
320.7 301.513 161.578 161.578 13.0651 -86.0025 -154.105 -207.09 -250.6 -272.761 -279.386 -298.488 -334.225 -331.909 -334.757 -308.636 -287.168 -281.359 -287.151 -271.299 -266.278 -257.694 -267.128 -269.591 -269.391 -272.318 -256.383 -237.435 -217.894 -203.344 -186.727 -175.694 -175.694 -164.405 -130.152 -97.5608 -75.3043 -71.6996 -67.6683 -68.049 -61.487 -54.925 -48.363 -41.801 -40.6197 -38.52 -28.677 -28.677 -25.396 -15.553 -0.60268 0.85199 4.133 4.133 4.133 13.976 20.538 24.3895 36.612 43.505 46.786 46.786 63.191 66.472 79.596 89.3146 99.282 102.563 102.563 126.374 264.016 145.216 158.34 181.307 214.989 0 0 0 0
0 391.957 307.539 138.314 -18.499 -116.263 -191.635 -191.635 -265.259 -264.788 -311.166 -322.009 -337.011 -337.396 -343.285 -331.055 -308.864 -295.331 -290.945 -279.389 -280.823 -280.823 -286.686 -277.007 -283.039 -272.318 -268.068 -237.435 -247.711 -219.302 -203.942 -189.2 -179.309 -164.405 -135.338 -97.5608 -107.124 -77.7008 -77.1656 -68.049 -61.487 -54.925 -48.09 -48.363 -45.082 -45.082 -38.52 -35.239 -28.677 -25.396 -25.396 -15.553 -12.272 -5.70999 4.133 7.414 17.257 20.538 27.1 30.381 40.224 50.067 70.6635 73.034 76.315 76.315 89.439 97.4095 105.844 112.406 128.811 128.811 128.811 201.083 0 0 266.307 0 0
0 430.127 238.452 238.452 107.682 -17.8122 -137.018 -231.992 -328.267 -331.658 -380.581 -356.652 -352.604 -347.816 -345.803 -323.232 -307.58 -296.194 -307.657 -301.878 -306.686 -294.762 -296.895 -289.823 -297.985 -297.985 -306.924 -285.464 -261.045 -227.399 -211.178 -191.077 -198.039 -183.962 -164.742 -142.354 -118.06 -94.8862 -84.0567 -84.0567 -75.5915 -61.5358 -51.644 -48.363 -48.363 -45.082 -38.52 -38.52 -31.958 -25.396 -22.115 -15.553 -12.272 -5.70999 -5.70999 0.85199 10.695 20.538 27.1 30.381 40.224 40.224 50.067 59.91 66.472 79.596 86.158 86.158 86.158 79.596 96.001 109.125 162.032 0 0 204.274 204.274 0 0
