gis_data/PP1766_DIS_Layer10_Bot_ASCII.txt
ncols         308
nrows         431
xllcorner     -321143.35392317
yllcorner     1277883.4776336
cellsize      1609.334
NODATA_value  -9999
[rows 140 to 174 of 431, columns 79 to 157 of 308]
0 0 0 0 0 0 -1462.06 -1381.17 -1504.18 -1403.18 -1566.41 -1609.7 -1619.55 -1619.55 -1632.67 -1639.23 -1649.07 -1632.73 -1601.61 -1620.14 -1671.09 -1677.77 -1717.97 -1721.26 -1734.38 -1737.66 -1749.5 -1749.5 -1760.63 -1760.63 -1767.19 -1773.75 -1783.59 -1783.59 -1780.31 -1780.31 -1777.03 -1780.31 -1783.59 -1783.59 -1770.47 -1757.35 -1755.37 -1747.5 -1724.54 -1718.93 -1714.59 -1668.76 -1663.85 -1669.37 -1658.7 -1634.29 -1647.52 -1630.67 -1564.77 0 0 0 0 0 0 0 0 0 0 0 0 0 0 0 0 0 0 0 0 0 0 0 0
0 0 0 0 0 0 -1463.58 -1524.67 -1357.35 -1357.35 -1414.54 -1596.58 -1619.55 -1629.33 -1645.79 -1642.51 -1655.64 -1655.64 -1652.31 -1645.28 -1698.29 -1709.86 -1711.41 -1711.41 -1725.12 -1740.94 -1750.79 -1757.35 -1767.19 -1767.19 -1773.75 -1773.75 -1780.31 -1783.81 -1777.03 -1781.6 -1780.31 -1783.59 -1780.31 -1783.59 -1781.33 -1770.47 -1744.22 -1740.83 -1717.97 -1717.97 -1714.69 -1688.01 -1652.03 -1669.37 -1658.12 -1634.29 -1632.6 -1639.23 -1616.35 -1588.19 0 0 0 0 0 0 0 0 0 0 0 0 0 0 0 0 0 0 0 0 0 0 0
0 0 0 0 0 0 0 0 -1363.09 -1411.1 -1551.53 -1593.3 -1616.26 -1629.39 -1645.79 -1645.79 -1658.92 -1672.49 -1678.6 -1678.6 -1691.73 -1707.72 -1708.13 -1721.26 -1734.38 -1744.22 -1757.35 -1757.35 -1768.62 -1770.47 -1773.75 -1780.31 -1773.75 -1773.75 -1780.31 -1777.03 -1780.31 -1779.1 -1780.31 -1786.88 -1770.47 -1770.47 -1749.69 -1740.94 -1731.98 -1731.1 -1696.62 -1653.7 -1647.69 -1647.69 -1675.56 -1655.3 -1622.98 -1590.3 -1586.74 -1576.8 -1540.52 -1404.66 0 0 0 0 0 0 0 0 0 0 0 0 0 0 0 0 0 0 0 0 0
0 0 0 0 0 0 0 0 -1363.99 -1381.36 -1474.78 -1586.73 -1616.26 -1626.11 -1645.79 -1658.92 -1658.92 -1668.76 -1672.04 -1678.6 -1691.73 -1698.29 -1708.13 -1714.69 -1724.54 -1734.38 -1747.5 -1760.63 -1768.62 -1773.75 -1773.75 -1777.03 -1783.59 -1783.59 -1783.59 -1783.59 -1783.59 -1780.31 -1778.55 -1780.28 -1779.63 -1760.63 -1757.72 -1744.22 -1734.38 -1734.38 -1717.59 -1697.32 -1648.58 -1658.66 -1652.07 -1653.67 -1636.68 -1606.37 -1550.64 -1565.79 -1532.02 0 0 0 -1412.84 0 0 0 0 0 0 0 0 0 0 0 0 0 0 0 0 0 0
0 0 0 0 0 0 0 0 0 -1284.43 -1478.7 -1590.02 -1590.02 -1609.68 -1632.31 -1649.07 -1662.2 -1672.04 -1672.04 -1675.26 -1675.26 -1704.85 -1711.41 -1717.97 -1721.71 -1737.66 -1747.5 -1754.07 -1763.91 -1773.75 -1774.98 -1780.31 -1783.59 -1777.61 -1777.61 -1786.88 -1783.59 -1780.31 -1778.55 -1790.16 -1779.63 -1770.12 -1760.63 -1757.53 -1754.05 -1731.1 -1717.59 -1694.86 -1648.58 -1695.49 -1674.78 -1630.56 -1609.73 -1595.96 -1539.69 -1539.24 -1540.8 -1615.24 -1519.9 -1458.78 0 0 0 0 0 0 0 0 0 0 0 0 0 0 0 0 0 0 0
0 0 0 0 0 0 0 0 0 0 -1321.57 -1485.55 -1580.17 -1616.26 -1635.55 -1655.64 -1655.64 -1672.04 -1678.6 -1694.53 -1681.82 -1711.41 -1721.26 -1724.54 -1724.54 -1731.1 -1740.94 -1763.91 -1770.47 -1773.75 -1773.75 -1777.7 -1780.31 -1783.59 -1778.08 -1783.59 -1786.88 -1783.59 -1783.59 -1786.88 -1786.88 -1770.47 -1763.91 -1749.99 -1744.22 -1737.66 -1721.26 -1701.57 -1678.6 -1688.38 -1642.51 -1588.09 -1588.09 -1582.99 -1565.79 -1521.11 -1540.8 -1603.09 -1519.9 0 0 0 0 0 0 0 0 0 0 0 0 0 0 0 0 0 0 0 0
0 0 0 0 0 0 0 0 0 0 -1450.49 -1485.55 -1480.24 -1599.86 -1619.55 -1642.51 -1665.48 -1672.04 -1688.45 -1698.29 -1698.29 -1717.97 -1714.69 -1734.38 -1731.1 -1746.91 -1750.79 -1760.63 -1764.17 -1777.03 -1777.03 -1780.31 -1783.59 -1783.59 -1783.59 -1780.97 -1780.31 -1783.59 -1783.59 -1790.16 -1786.88 -1783.59 -1777.03 -1757.35 -1745.49 -1748.36 -1724.72 -1716.88 -1698.29 -1668.76 -1639.23 -1635.18 -1609.54 -1615.5 -1550.64 -1665.48 -1665.48 -1592.42 -1524.4 0 0 0 0 0 0 0 0 0 0 0 0 0 0 0 0 0 0 0 0
0 0 0 0 0 0 0 0 0 0 -1305.06 -1472.99 -1563.45 -1606.42 -1639.23 -1655.64 -1665.42 -1670.01 -1685.17 -1692.79 -1704.85 -1717.97 -1727.82 -1727.82 -1737.66 -1734.38 -1754.07 -1760.63 -1770.47 -1777.03 -1777.03 -1780.31 -1783.59 -1783.59 -1786.88 -1780.97 -1800 -1783.59 -1790.16 -1783.59 -1786.88 -1777.69 -1767.19 -1757.35 -1749.31 -1737.66 -1727.82 -1708.24 -1704.85 -1694.44 -1654.88 -1734.9 -1734.9 -1668.76 -1683.97 -1649.07 -1550.64 -1514.94 -1503.11 0 0 0 0 0 0 0 0 0 0 0 0 0 0 0 0 0 0 0 0
0 0 0 0 0 0 0 0 0 0 -1481.51 -1447.29 -1539.74 -1525.72 -1639.23 -1649.07 -1668.76 -1678.6 -1691.73 -1691.73 -1701.57 -1711.41 -1727.82 -1737.88 -1744.22 -1744.22 -1754.07 -1754.07 -1763.91 -1770.47 -1777.03 -1780.31 -1783.59 -1783.59 -1786.88 -1784.22 -1783.59 -1786.88 -1783.59 -1783.59 -1783.07 -1783.07 -1770.47 -1760.63 -1754.07 -1737.66 -1727.82 -1708.24 -1714.69 -1682.32 -1734.38 -1717.97 -1688.45 -1668.76 -1655.64 -1649.07 -1593.3 -1549.63 -1501.57 0 0 0 0 0 0 0 0 0 0 0 0 0 0 0 0 0 0 0 0
0 0 0 0 0 0 0 0 0 0 -1330.86 -1407.02 -1502.16 -1604.67 -1635.95 -1658.92 -1665.48 -1678.6 -1688.45 -1691.73 -1708.13 -1721.26 -1727.82 -1727.82 -1737.66 -1744.22 -1751.7 -1760.63 -1769.75 -1773.75 -1777.14 -1780.31 -1783.59 -1786.88 -1790.16 -1786.88 -1783.59 -1783.59 -1783.59 -1780.31 -1774.16 -1779.49 -1773.75 -1752.03 -1751.75 -1751.75 -1733.94 -1729.84 -1717.97 -1720.82 -1717.97 -1704.18 -1688.45 -1675.32 -1645.03 -1626.11 -1560.49 -1527.68 -1488.18 -1488.18 0 0 0 0 0 0 0 0 0 0 0 0 0 0 0 0 0 0 0
0 0 0 0 0 0 0 0 0 0 -1330.86 -1484.53 -1484.53 -1526.11 -1620.15 -1652.35 -1665.48 -1681.88 -1688.45 -1695.01 -1698.29 -1714.69 -1724.54 -1732.67 -1737.66 -1750.79 -1761.14 -1761.14 -1763.91 -1773.75 -1777.03 -1780.31 -1786.88 -1787.91 -1790.16 -1790.16 -1786.88 -1780.31 -1780.31 -1780.69 -1777.03 -1777.03 -1780.31 -1782.89 -1763.91 -1753.62 -1727.82 -1714.21 -1758.82 -1759.34 -1714.69 -1701.57 -1681.07 -1667.62 -1611.9 -1585.08 -1556.71 -1530.31 -1514.55 -1578.4 0 0 0 0 0 0 0 0 0 0 0 0 0 0 0 0 0 0 0
0 0 0 0 0 0 0 0 0 0 0 -1495.02 -1416.38 -1558.54 -1640.75 -1665.48 -1665.48 -1678.6 -1688.45 -1698.29 -1702.38 -1714.69 -1727.82 -1734.38 -1737.66 -1750.79 -1754.07 -1757.35 -1763.91 -1773.75 -1773.75 -1780.31 -1783.59 -1775.13 -1790.16 -1790.27 -1786.88 -1795.61 -1783.59 -1781.72 -1783.59 -1780.31 -1780.31 -1764.92 -1763.91 -1763.91 -1752.44 -1770.2 -1737.66 -1727.82 -1711.41 -1698.79 -1678.6 -1662.18 -1617.24 -1616.73 -1550.62 -1521.11 -1592.95 -1592.95 0 0 0 0 0 0 0 0 0 0 0 0 0 0 0 0 0 0 0
0 0 0 0 0 0 0 0 0 0 -1418.09 -1504.92 -1504.92 -1624.19 -1652.35 -1678.6 -1678.6 -1688.45 -1695.01 -1701.57 -1708.13 -1720.81 -1721.26 -1737.66 -1744.22 -1750.79 -1750.79 -1750.79 -1757.28 -1767.19 -1770.47 -1780.31 -1773.77 -1786.88 -1786.88 -1793.44 -1796.72 -1790.16 -1788.94 -1783.59 -1777.03 -1777.03 -1770.47 -1770.47 -1769.03 -1760.63 -1752.44 -1748.42 -1748.42 -1727.82 -1721.26 -1714.69 -1678.6 -1658.92 -1617.24 -1592.94 -1592.94 -1537.52 -1566.43 0 0 0 0 0 0 0 0 0 0 0 0 0 0 0 0 0 0 0 0
0 0 0 0 0 0 0 0 0 0 0 -1363.12 -1517.43 -1642.51 -1672.04 -1691.72 -1691.72 -1699.19 -1691.73 -1708.13 -1735.27 -1717.97 -1721.36 -1727.82 -1736.94 -1747.89 -1750.65 -1750.79 -1760.63 -1771.27 -1771.27 -1780.31 -1783.59 -1786.88 -1790.16 -1777.03 -1780.31 -1786.88 -1790.16 -1783.59 -1783.59 -1773.75 -1770.47 -1763.91 -1754.07 -1760.63 -1761.85 -1740.94 -1728.15 -1731.1 -1724.54 -1685.17 -1685.17 -1649.07 -1637.67 -1611.55 -1569.32 -1573.02 -1567.06 -1645.58 0 0 0 0 0 0 0 0 0 0 0 0 0 0 0 0 0 0 0
0 0 0 0 0 0 0 0 0 0 -1123.37 -1406.98 -1535.02 -1639.45 -1678.62 -1693.77 -1682.46 -1699.19 -1698.29 -1698.29 -1708.13 -1717.97 -1724.54 -1727.82 -1756.23 -1747.89 -1750.79 -1754.07 -1760.63 -1760.63 -1778.42 -1780.31 -1778.77 -1783.59 -1783.59 -1796.72 -1780.31 -1783.59 -1783.21 -1780.31 -1777.03 -1773.75 -1770.47 -1770.47 -1763.91 -1757.35 -1750.79 -1744.22 -1744.22 -1737.66 -1734.38 -1672.22 -1656.02 -1649.07 -1639.23 -1629.31 -1595.92 -1658.92 -1627.51 -1635.23 -1564.44 0 0 0 0 0 0 0 0 0 0 0 0 0 0 0 0 0 0
0 0 0 0 0 0 0 0 0 0 0 -1445.97 -1642.51 -1655.64 -1668.76 -1668.76 -1685.17 -1695.01 -1701.57 -1701.57 -1714.69 -1721.26 -1734.38 -1734.38 -1740.94 -1747.5 -1754.07 -1754.07 -1763.91 -1767.19 -1770.47 -1773.75 -1780.31 -1783.59 -1790.16 -1796.72 -1786.88 -1786.88 -1790.16 -1793.44 -1783.59 -1773.75 -1773.75 -1770.47 -1770.47 -1763.91 -1757.35 -1754.07 -1740.94 -1737.66 -1714.69 -1672.22 -1668.76 -1655.64 -1676.68 -1601.27 -1598.17 -1659.43 -1682.19 -1645.8 -1616.06 -1593.2 0 0 0 0 0 0 0 0 0 0 0 0 0 0 0 0 0
0 0 0 0 0 0 0 0 0 0 0 -1629.69 -1328.74 -1571.71 -1640.85 -1655.64 -1695.01 -1698.29 -1704.85 -1704.85 -1714.69 -1721.26 -1731.1 -1734.38 -1740.94 -1750.79 -1747.5 -1754.07 -1767.19 -1767.6 -1773.75 -1777.03 -1786.88 -1786.88 -1793.44 -1793.44 -1790.16 -1794.69 -1796.72 -1789.37 -1786.88 -1786.88 -1783.59 -1777.6 -1770.47 -1763.91 -1754.07 -1744.22 -1747.5 -1737.23 -1695.01 -1685.17 -1685.17 -1678.6 -1649.23 -1649.23 -1697.1 -1675.29 -1689.84 -1645.8 -1642.2 -1593.2 0 0 0 0 0 0 0 0 0 0 0 0 0 0 0 0 0
0 0 0 0 0 0 0 0 0 0 0 0 -1328.74 -1629.83 -1640.85 -1650.03 -1685.17 -1704.85 -1704.85 -1708.13 -1721.26 -1727.82 -1734.38 -1734.38 -1747.5 -1747.5 -1759.9 -1763.91 -1770.47 -1770.47 -1777.03 -1777.03 -1783.59 -1793.44 -1793.44 -1773.75 -1783.59 -1783.59 -1786.88 -1796.72 -1783.59 -1783.59 -1783.59 -1780.27 -1773.75 -1767.19 -1757.35 -1754.07 -1744.22 -1731.1 -1705.64 -1686.03 -1695.01 -1698.29 -1635.11 -1672.77 -1704.11 -1695.67 -1688.45 -1688.45 -1668.76 -1662.2 -1615.98 -1583.92 -1535.76 0 0 0 0 0 0 0 0 0 0 0 0 0 0
0 0 0 0 0 0 0 0 0 0 0 0 0 -1551.32 -1599.09 -1645.95 -1695.01 -1704.85 -1711.41 -1717.97 -1717.97 -1727.82 -1734.38 -1744.22 -1747.5 -1747.5 -1747.5 -1763.91 -1767.19 -1773.75 -1777.03 -1780.31 -1783.59 -1790.16 -1793.44 -1800 -1786.88 -1793.44 -1786.88 -1786.88 -1783.59 -1790.16 -1790.16 -1780.31 -1773.75 -1770.47 -1755.31 -1744.72 -1714.69 -1737.66 -1727.82 -1708.13 -1705.12 -1675.32 -1714.63 -1714.63 -1697.92 -1679.62 -1678.6 -1612.42 -1590 -1653.43 -1610.79 -1522.71 -1571.04 -1518.26 0 0 0 0 0 0 0 0 0 0 0 0 0
0 0 0 0 0 0 0 0 0 0 0 0 0 -1584.94 -1632.32 -1665.48 -1681.69 -1701.57 -1708.13 -1724.54 -1724.54 -1734.38 -1737.66 -1744.22 -1744.22 -1754.07 -1754.07 -1767.19 -1773.75 -1780.31 -1780.31 -1783.59 -1787.07 -1793.44 -1793.44 -1793.44 -1793.44 -1796.72 -1800 -1792.24 -1790.16 -1796 -1790.16 -1780.31 -1780.31 -1770.47 -1763.91 -1744.22 -1714.69 -1731.1 -1727.82 -1711.41 -1711.41 -1708.9 -1698.29 -1715.35 -1697.92 -1681.88 -1678.6 -1584.73 -1593.12 -1527.72 -1520.72 -1596.28 -1443.4 -1497.04 -1512.06 0 0 0 0 0 0 0 0 0 0 0 0
0 0 0 0 0 0 0 0 0 0 0 0 0 -1588.73 -1650.69 -1663.28 -1691.73 -1711.41 -1717.97 -1724.54 -1729.45 -1734.38 -1740.94 -1753.1 -1750.79 -1759.95 -1759.95 -1767.19 -1773.75 -1780.31 -1783.59 -1790.16 -1790.16 -1793.44 -1796.72 -1796.72 -1800 -1800 -1796.72 -1796.9 -1800 -1790.16 -1780.31 -1780.31 -1773.75 -1767.19 -1763.91 -1743.3 -1743.3 -1734.38 -1732.43 -1717.97 -1714.69 -1721.26 -1717.97 -1704.85 -1690.98 -1686.14 -1672.04 -1582.44 -1552.77 -1609.43 -1609.43 -1585.3 -1500.93 -1576.01 -1512.06 0 0 0 0 0 0 0 0 0 0 0 0
0 0 0 0 0 0 0 0 0 0 0 0 0 -1588.73 -1652.35 -1652.35 -1698.29 -1704.85 -1721.26 -1724.54 -1734.38 -1734.38 -1740.94 -1747.5 -1760.63 -1760.63 -1763.91 -1767.19 -1773.75 -1783.59 -1783.59 -1790.16 -1790.16 -1799.6 -1796.72 -1796.72 -1796.72 -1796.72 -1790.16 -1800 -1793.44 -1783.59 -1780.31 -1773.75 -1773.75 -1770.47 -1763.91 -1744.22 -1747.5 -1731.1 -1724.54 -1738.52 -1736.75 -1727.82 -1714.69 -1695.01 -1698.29 -1622.82 -1626.61 -1598.51 -1612.98 -1647.93 -1567.61 -1594.59 -1588.79 -1571.62 -1571.62 -1509.64 0 0 0 0 0 0 0 0 0 0 0
0 0 0 0 0 0 0 0 0 0 0 0 0 0 -1656.75 -1678.6 -1711.41 -1715.11 -1731.1 -1731.1 -1738.69 -1744.22 -1754.07 -1757.35 -1763.91 -1767.6 -1773.75 -1767.23 -1773.75 -1780.31 -1783.59 -1790.16 -1793.44 -1793.44 -1796.72 -1796.72 -1800 -1796.72 -1789.28 -1800 -1786.88 -1786.88 -1780.31 -1777.03 -1770.47 -1770.47 -1757.35 -1744.22 -1747.5 -1737.66 -1742.7 -1731.3 -1728.52 -1714.69 -1721.21 -1704.46 -1685.09 -1653.5 -1633.34 -1663.17 -1665.81 -1611.93 -1611.93 -1592.5 -1616.26 -1562.71 -1566.96 0 0 0 0 0 0 0 0 0 0 0 0
0 0 0 0 0 0 0 0 0 0 0 0 0 -1454.87 -1672.68 -1672.68 -1714.69 -1717.97 -1731.1 -1737.66 -1744.22 -1750.79 -1757.35 -1760.63 -1770.19 -1770.68 -1777.03 -1773.75 -1780.31 -1780.31 -1786.88 -1790.16 -1793.44 -1777.25 -1796.72 -1796.72 -1798.9 -1798.9 -1800 -1789.14 -1790.16 -1783.59 -1777.03 -1775.93 -1773.75 -1767.19 -1757.35 -1754.07 -1747.5 -1737.66 -1750.79 -1750.79 -1724.54 -1717.97 -1696.1 -1704.46 -1663.31 -1653.5 -1673.22 -1673.22 -1647.75 -1577.88 -1565.91 -1592.5 -1614.21 -1562.71 -1555.39 -1559.43 -1455.29 0 0 0 0 0 0 0 0 0 0
0 0 0 0 0 0 0 0 0 0 0 0 0 -1520.14 -1648.21 -1701.57 -1721.26 -1727.82 -1737.66 -1737.66 -1750.79 -1750.79 -1763.91 -1763.91 -1773.75 -1780.31 -1780.31 -1780.31 -1783.59 -1783.59 -1786.88 -1790.16 -1800 -1800 -1796.72 -1796.72 -1796.72 -1790.16 -1790.48 -1793.44 -1790.16 -1790.16 -1780.31 -1777.03 -1770.47 -1763.91 -1757.35 -1750.79 -1750.79 -1754.07 -1744.31 -1734.38 -1732.79 -1721.26 -1675.55 -1675.55 -1688.45 -1668.76 -1685.17 -1607.5 -1609 -1522.67 -1618.31 -1595.5 -1580.17 -1589.58 -1530.4 -1516 -1517.83 -1517.83 0 0 0 0 0 0 0 0 0
0 0 0 0 0 0 0 0 0 0 0 0 0 -1552.8 -1677.69 -1685.17 -1708.13 -1724.54 -1734.38 -1747.5 -1750.79 -1757.35 -1757.35 -1770.47 -1770.47 -1780.31 -1780.31 -1783.59 -1783.59 -1790.16 -1790.16 -1793.44 -1793.44 -1796.72 -1796.72 -1793.44 -1796.72 -1796.72 -1789.7 -1788.79 -1794.31 -1790.16 -1780.31 -1777.03 -1773.75 -1767.19 -1760.63 -1754.07 -1754.07 -1760.07 -1740.94 -1740.94 -1738.72 -1724.54 -1680.55 -1708.13 -1689.59 -1688.44 -1623.26 -1623.26 -1634.28 -1618.57 -1585.07 -1570.33 -1533.54 -1484.2 -1473.02 -1478.87 -1543.02 -1461.67 0 0 0 0 0 0 0 0 0
0 0 0 0 0 0 0 0 0 0 0 0 0 -1642.51 -1658.92 -1695.01 -1708.92 -1727.82 -1740.94 -1747.5 -1748.54 -1765.51 -1763.91 -1773.75 -1776.83 -1783.59 -1783.59 -1786.88 -1790.16 -1793.44 -1793.44 -1793.44 -1796.72 -1796.72 -1796.72 -1796.72 -1796.72 -1796.72 -1789.7 -1791.37 -1791.37 -1790.16 -1786.88 -1780.31 -1773.75 -1767.19 -1760.63 -1760.63 -1760.63 -1753.21 -1744.22 -1747.5 -1738.72 -1727.82 -1680.55 -1715.66 -1709.71 -1701.57 -1671.14 -1645.82 -1649.07 -1583.63 -1539.04 -1498.66 -1418.02 -1402.13 -1550.98 -1557.21 -1534.92 -1534.92 -1497.42 0 0 0 0 0 0 0 0
0 0 0 0 0 0 0 0 0 0 0 0 0 -1658.91 -1678.6 -1695.01 -1708.13 -1727.82 -1740.94 -1754.07 -1753.48 -1767.19 -1767.19 -1780.31 -1777.03 -1786.88 -1790.16 -1791.5 -1790.16 -1793.44 -1793.44 -1793.44 -1796.72 -1799.14 -1793.44 -1796.72 -1787.97 -1796.72 -1793.44 -1800 -1793.44 -1790.16 -1783.59 -1777.03 -1777.03 -1770.47 -1767.19 -1770.47 -1763.91 -1754.07 -1750.84 -1744.22 -1734.38 -1737.66 -1724.54 -1708.13 -1698.62 -1660.62 -1660.62 -1660.73 -1619.55 -1536.76 -1539.04 -1481.56 -1418.02 -1525.81 -1525.81 -1570.28 -1549.17 -1526.44 -1497.42 0 0 0 0 0 0 0 0
0 0 0 0 0 0 0 0 0 0 0 0 0 0 -1677.47 -1695.01 -1721.26 -1727.82 -1727.05 -1747.5 -1757.35 -1763.91 -1777.03 -1783.59 -1783.59 -1790.16 -1790.16 -1793.44 -1793.44 -1796.72 -1793.44 -1796.72 -1796.72 -1796.72 -1796.72 -1791.73 -1800 -1800 -1794.59 -1793.44 -1793.44 -1790.16 -1786.88 -1780.31 -1773.75 -1773.75 -1770.47 -1770.47 -1769.7 -1763.91 -1750.01 -1744.22 -1737.66 -1734.38 -1721.26 -1695.6 -1711.41 -1645.97 -1673.1 -1596.43 -1626.11 -1534.24 -1534.24 -1590.18 -1465.09 -1320.63 -1563.2 -1557.09 -1527.68 -1504.98 -1401.39 -1394.22 0 0 0 0 0 0 0
0 0 0 0 0 0 0 0 -1583.38 0 0 0 0 0 -1673.71 -1673.71 -1697.61 -1734.38 -1747.5 -1744.22 -1763.91 -1773.75 -1780.31 -1782.04 -1787.03 -1790.16 -1793.44 -1793.44 -1796.72 -1796.72 -1796.72 -1793.44 -1796.72 -1796.72 -1793.44 -1791.73 -1803.28 -1803.28 -1800.14 -1796.3 -1793.44 -1790.16 -1783.59 -1780.31 -1780.31 -1780.31 -1773.75 -1780.25 -1766.73 -1761.39 -1754.07 -1747.33 -1753.42 -1731.1 -1727.82 -1704.85 -1710.28 -1670.23 -1670.23 -1621.23 -1570.33 -1547.52 -1627.07 -1553.93 -1498.48 -1603.14 -1603.14 -1602.74 -1485.46 -1527.68 -1481.61 -1385.91 0 0 0 0 0 0 0
0 0 0 0 0 0 -1698.29 -1657.04 0 0 -1688.45 -1688.45 -1727.96 -1660.57 -1724.33 -1722.04 -1721.26 -1740.94 -1750.79 -1757.35 -1767.19 -1770.47 -1780.31 -1786.88 -1793.44 -1796.72 -1793.44 -1796.72 -1796.72 -1800 -1796.72 -1800 -1800 -1800 -1800 -1796.72 -1793.44 -1806.4 -1803.28 -1800 -1796.72 -1793.44 -1790.16 -1783.59 -1780.31 -1780.31 -1783.59 -1783.59 -1763.91 -1760.88 -1754.07 -1747.33 -1734.38 -1731.1 -1725.53 -1725.53 -1689.53 -1676.71 -1654.99 -1621.23 -1639.23 -1547.52 -1655.64 -1647.7 -1502.31 -1604.99 -1619.55 -1535.97 -1484.47 -1572.57 -1517.79 -1465.51 -1498.15 0 0 0 0 0 0
0 0 0 0 0 0 -1698.29 -1714.69 -1629.35 -1683.1 -1743.61 -1740.94 -1737.66 -1751.92 -1735 -1735 -1744.22 -1727.82 -1763.91 -1763.91 -1773.45 -1780.31 -1783.59 -1785.67 -1793.44 -1796.72 -1796.72 -1796.72 -1800 -1800 -1796.72 -1790.46 -1800 -1800 -1796.72 -1803.28 -1803.28 -1791.45 -1803.28 -1796.72 -1793.44 -1793.44 -1790.16 -1783.59 -1783.59 -1783.59 -1783.59 -1770.47 -1764.8 -1754.07 -1747.5 -1747.5 -1734.38 -1731.1 -1717.97 -1714.69 -1701.57 -1687.92 -1645.48 -1638.82 -1668.76 -1655.64 -1649.07 -1624.9 -1591.87 -1591.87 -1565.08 -1554.84 -1541.97 -1572.57 -1540.8 -1465.51 0 0 0 0 0 0 0
0 0 0 0 0 0 -1715.27 -1740.94 -1740.94 -1763.91 -1743.61 -1773.75 -1757.35 -1763.91 -1754.07 -1747.5 -1744.22 -1753.01 -1753.01 -1767.19 -1763.91 -1776.73 -1783.59 -1786.88 -1793.44 -1795.25 -1795.25 -1800 -1800 -1800 -1800 -1800 -1803.28 -1803.28 -1800 -1803.28 -1806.51 -1796.72 -1796.72 -1793.44 -1796.72 -1796.72 -1793.44 -1790.16 -1793.44 -1790.16 -1777.03 -1777.03 -1767.19 -1760.63 -1740.94 -1744.22 -1727.82 -1724.54 -1714.69 -1714.69 -1704.85 -1698.29 -1697.25 -1681.24 -1610.63 -1618.2 -1606.17 -1537.52 -1507.59 -1439.09 -1514.95 -1487.24 -1479.71 -1479.71 -1435.4 -1429.23 -1343.19 0 0 0 0 0 0
0 0 0 -1696.31 0 -1724.54 -1740.49 -1764.21 -1757.35 -1785.27 -1786.88 -1790.16 -1780.31 -1777.03 -1753.95 -1777.03 -1770.14 -1773.75 -1761.01 -1767.19 -1770.47 -1780.87 -1780.87 -1783.59 -1786.9 -1790.16 -1800 -1800 -1800 -1798.2 -1799.25 -1802.87 -1803.28 -1803.28 -1800 -1803.28 -1803.28 -1803.28 -1803.28 -1792.23 -1796.72 -1796.72 -1793.44 -1793.44 -1793.44 -1790.16 -1780.31 -1770.47 -1767.19 -1754.07 -1740.94 -1747.5 -1739.92 -1741.51 -1731.1 -1714.69 -1714.69 -1704.39 -1698.29 -1685.17 -1635.26 -1652.35 -1548.14 -1570.93 -1550.64 -1550.64 -1546.9 -1464.93 -1523.7 -1396.57 -1222.97 -1062.25 -1379.99 -1379.99 0 0 0 0 0
0 0 0 -1705.54 -1705.54 -1783.59 -1769.93 -1780.31 -1773.75 -1796.72 -1796.98 -1796.72 -1796.72 -1796.72 -1786.88 -1789.98 -1783.59 -1784.05 -1784.05 -1740.94 -1754.38 -1757.35 -1770.47 -1770.47 -1787.42 -1773.75 -1790.16 -1796.72 -1800 -1798.34 -1800 -1803.28 -1800 -1803.28 -1796.9 -1800 -1805.58 -1794.76 -1800 -1800 -1800 -1800 -1796.72 -1790.16 -1793.44 -1783.59 -1780.31 -1774.75 -1770.47 -1757.35 -1754.07 -1744.22 -1739.92 -1731.14 -1731.14 -1727.91 -1711.41 -1714.66 -1698.29 -1669.62 -1635.26 -1571.42 -1571.42 -1595.91 -1541.28 -1645.4 -1546.9 -1576.89 -1523.7 -1404.68 -1360.21 -1451.84 0 0 0 0 0 0 0
