gis_data/PP1766_DIS_Layer1_Top_ASCII.txt
ncols         308
nrows         431
xllcorner     -321143.35392317
yllcorner     1277883.4776336
cellsize      1609.334
NODATA_value  -9999
[rows 72 to 107 of 431, columns 82 to 163 of 308]
213 226 210 203 197 187 177 171 157 157 144 135 125 125 112 128 135 144 151 167 171 187 203 226 345 489 509 509 719 912 610 1175 810 932 902 902 1499 2028 1450 2202 2162 1611 2838 1096 2415 -9999 -9999 -9999 -9999 -9999 -9999 -9999 -9999 -9999 -9999 -9999 -9999 -9999 -9999 -9999 -9999 -9999 -9999 -9999 -9999 -9999 -9999 -9999 -9999 -9999 -9999 -9999 -9999 -9999 -9999 -9999 -9999 -9999 -9999 -9999 -9999 -9999
213 217 217 194 197 184 167 164 151 151 141 135 125 121 125 125 125 135 141 157 174 187 194 210 190 335 449 463 407 866 860 860 614 1129 1050 1050 1303 1706 1043 1214 1988 2198 1536 1043 1834 1834 -9999 -9999 -9999 -9999 -9999 -9999 -9999 -9999 -9999 -9999 -9999 -9999 -9999 -9999 -9999 -9999 -9999 -9999 -9999 -9999 -9999 -9999 -9999 -9999 -9999 -9999 -9999 -9999 -9999 -9999 -9999 -9999 -9999 -9999 -9999 -9999
200 194 207 187 184 171 171 154 154 141 141 128 125 121 121 115 125 131 141 154 154 171 184 180 190 213 266 266 322 469 476 449 637 584 554 906 902 1161 902 902 1326 1673 1509 1739 2539 2559 -9999 -9999 -9999 -9999 -9999 -9999 -9999 -9999 -9999 -9999 -9999 -9999 -9999 -9999 -9999 -9999 -9999 -9999 -9999 -9999 -9999 -9999 -9999 -9999 -9999 -9999 -9999 -9999 -9999 -9999 -9999 -9999 -9999 -9999 -9999 -9999
187 180 180 184 177 161 154 144 154 144 138 121 118 118 121 118 118 125 135 148 157 164 171 167 167 171 180 226 322 335 476 328 436 509 554 1139 902 902 902 2146 1558 1575 1509 2392 2539 2851 3251 -9999 -9999 -9999 -9999 -9999 -9999 -9999 -9999 -9999 -9999 -9999 -9999 -9999 -9999 -9999 -9999 -9999 -9999 -9999 -9999 -9999 -9999 -9999 -9999 -9999 -9999 -9999 -9999 -9999 -9999 -9999 -9999 -9999 -9999 -9999
177 171 171 174 161 154 154 138 138 135 131 118 105 112 118 112 115 131 138 144 144 148 154 151 157 161 194 180 213 249 302 325 404 430 430 981 1198 1309 906 2090 2539 1516 1516 2038 2539 2444 3071 -9999 -9999 -9999 -9999 -9999 -9999 -9999 -9999 -9999 -9999 -9999 -9999 -9999 -9999 -9999 -9999 -9999 -9999 -9999 -9999 -9999 -9999 -9999 -9999 -9999 -9999 -9999 -9999 -9999 -9999 -9999 -9999 -9999 -9999 -9999
171 171 154 164 154 154 141 138 131 131 125 125 95 112 112 112 112 115 125 131 141 138 148 138 144 148 154 184 203 253 272 276 312 486 951 1486 1434 1345 1345 984 1965 1896 2402 2195 2320 2231 2936 1965 -9999 -9999 -9999 -9999 -9999 -9999 -9999 -9999 -9999 -9999 -9999 -9999 -9999 -9999 -9999 -9999 -9999 -9999 -9999 -9999 -9999 -9999 -9999 -9999 -9999 -9999 -9999 -9999 -9999 -9999 -9999 -9999 -9999 -9999
157 154 148 164 144 144 131 138 121 125 115 115 102 102 108 108 112 115 121 131 128 135 131 138 141 148 161 161 200 236 243 276 407 486 778 1319 1368 1588 899 1424 2044 1873 1873 1992 2339 2431 2471 1896 -9999 -9999 -9999 -9999 -9999 -9999 -9999 -9999 -9999 -9999 -9999 -9999 -9999 -9999 -9999 -9999 -9999 -9999 -9999 -9999 -9999 -9999 -9999 -9999 -9999 -9999 -9999 -9999 -9999 -9999 -9999 -9999 -9999 -9999
151 151 141 151 141 135 125 128 118 118 112 112 105 108 105 105 108 112 112 112 121 128 131 131 131 138 154 171 177 207 249 249 387 640 1132 1319 1368 1588 1624 899 1188 1135 1913 1992 2313 2313 1568 1447 1014 -9999 -9999 -9999 -9999 -9999 -9999 -9999 -9999 -9999 -9999 -9999 -9999 -9999 -9999 -9999 -9999 -9999 -9999 -9999 -9999 -9999 -9999 -9999 -9999 -9999 -9999 -9999 -9999 -9999 -9999 -9999 -9999 -9999
144 144 138 141 128 128 118 118 108 105 105 102 102 105 108 108 102 108 108 115 112 115 118 125 131 135 151 151 174 190 240 269 541 974 1011 1017 1178 1332 1417 899 997 997 1453 1640 1765 1946 1955 1434 2231 2231 -9999 -9999 -9999 -9999 -9999 -9999 -9999 -9999 -9999 -9999 -9999 -9999 -9999 -9999 -9999 -9999 -9999 -9999 -9999 -9999 -9999 -9999 -9999 -9999 -9999 -9999 -9999 -9999 -9999 -9999 -9999 -9999
144 135 135 135 138 121 118 108 108 102 98 105 102 102 108 102 102 102 105 108 112 115 118 118 121 131 138 151 148 194 207 207 322 610 728 1184 801 997 1089 902 899 932 1053 899 951 951 1837 2251 2205 2257 -9999 -9999 -9999 -9999 -9999 -9999 -9999 -9999 -9999 -9999 -9999 -9999 -9999 -9999 -9999 -9999 -9999 -9999 -9999 -9999 -9999 -9999 -9999 -9999 -9999 -9999 -9999 -9999 -9999 -9999 -9999 -9999
144 135 131 131 131 121 115 102 102 95 95 102 102 95 95 105 98 98 102 105 105 105 112 118 121 128 138 135 135 148 151 233 322 449 449 984 866 594 1089 899 899 899 899 938 1211 1663 1916 2198 1404 1404 2569 -9999 -9999 -9999 -9999 -9999 -9999 -9999 -9999 -9999 -9999 -9999 -9999 -9999 -9999 -9999 -9999 -9999 -9999 -9999 -9999 -9999 -9999 -9999 -9999 -9999 -9999 -9999 -9999 -9999 -9999 -9999
141 135 125 118 121 112 105 95 92 92 95 95 89 92 102 102 102 95 98 98 102 105 108 108 115 121 128 128 131 141 141 171 220 322 840 364 925 571 571 899 899 902 899 1050 1211 988 1427 1139 925 1332 2569 -9999 -9999 -9999 -9999 -9999 -9999 -9999 -9999 -9999 -9999 -9999 -9999 -9999 -9999 -9999 -9999 -9999 -9999 -9999 -9999 -9999 -9999 -9999 -9999 -9999 -9999 -9999 -9999 -9999 -9999 -9999
135 135 121 118 108 108 102 98 92 89 95 95 95 92 95 95 92 89 95 95 95 98 102 105 115 115 128 115 121 138 141 387 472 240 240 295 367 282 486 1155 899 1083 1529 2175 1034 902 958 2008 1614 3051 2438 2710 -9999 -9999 -9999 -9999 -9999 -9999 -9999 -9999 -9999 -9999 -9999 -9999 -9999 -9999 -9999 -9999 -9999 -9999 -9999 -9999 -9999 -9999 -9999 -9999 -9999 -9999 -9999 -9999 -9999 -9999
125 125 115 115 108 102 98 95 85 85 92 95 95 92 92 95 89 92 85 92 95 98 102 102 105 112 115 115 138 161 161 187 223 203 243 266 512 528 528 1027 997 1572 1306 1837 1627 1683 1266 1883 2858 2799 2654 2582 2582 -9999 -9999 -9999 -9999 -9999 -9999 -9999 -9999 -9999 -9999 -9999 -9999 -9999 -9999 -9999 -9999 -9999 -9999 -9999 -9999 -9999 -9999 -9999 -9999 -9999 -9999 -9999 -9999 -9999
121 115 108 108 105 105 92 92 85 85 92 79 95 89 98 89 85 89 85 85 89 92 95 102 105 112 112 112 135 131 148 187 171 203 157 187 282 410 558 1027 1079 1079 1431 1519 2015 1683 2346 1883 3163 2369 2490 2477 2753 -9999 -9999 -9999 -9999 -9999 -9999 -9999 -9999 -9999 -9999 -9999 -9999 -9999 -9999 -9999 -9999 -9999 -9999 -9999 -9999 -9999 -9999 -9999 -9999 -9999 -9999 -9999 -9999 -9999
112 112 102 102 98 95 92 85 82 82 89 92 85 85 85 85 82 85 82 85 85 92 95 95 98 105 105 108 138 174 141 171 131 135 154 220 367 367 371 591 906 1266 1900 1558 1867 1867 2543 2753 3035 2369 2812 2477 2477 3015 -9999 -9999 -9999 -9999 -9999 -9999 -9999 -9999 -9999 -9999 -9999 -9999 -9999 -9999 -9999 -9999 -9999 -9999 -9999 -9999 -9999 -9999 -9999 -9999 -9999 -9999 -9999 -9999
121 105 102 98 98 92 92 85 82 82 89 66 66 82 82 79 75 82 82 82 82 85 89 92 95 102 105 105 138 138 138 135 138 128 144 233 240 285 518 696 840 840 1595 1847 1601 2300 2129 2307 2362 2300 2238 2290 2549 3097 -9999 -9999 -9999 -9999 -9999 -9999 -9999 -9999 -9999 -9999 -9999 -9999 -9999 -9999 -9999 -9999 -9999 -9999 -9999 -9999 -9999 -9999 -9999 -9999 -9999 -9999 -9999 -9999
115 105 98 89 92 85 85 82 82 75 82 82 82 75 79 75 75 75 82 75 82 85 89 85 92 95 98 108 138 138 138 115 115 210 144 217 354 354 499 577 850 863 1657 1493 1709 1709 1598 2057 1880 2202 2723 2612 2644 2743 2959 -9999 -9999 -9999 -9999 -9999 -9999 -9999 -9999 -9999 -9999 -9999 -9999 -9999 -9999 -9999 -9999 -9999 -9999 -9999 -9999 -9999 -9999 -9999 -9999 -9999 -9999 -9999
112 98 92 85 89 82 82 75 75 75 82 85 85 75 79 72 72 72 72 72 75 79 85 85 92 95 95 98 105 112 118 105 151 174 174 167 223 331 499 676 850 627 827 1270 1309 1476 1598 2031 2031 2290 2192 2320 2644 2562 2959 2316 -9999 -9999 -9999 -9999 -9999 -9999 -9999 -9999 -9999 -9999 -9999 -9999 -9999 -9999 -9999 -9999 -9999 -9999 -9999 -9999 -9999 -9999 -9999 -9999 -9999 -9999
102 102 85 79 82 75 75 72 72 72 75 59 79 72 72 72 72 69 72 72 75 79 82 82 85 89 95 98 108 112 112 95 118 118 154 167 410 266 371 538 627 617 1076 1480 1365 1106 1408 1670 2034 2477 2008 2651 2651 2923 2618 2313 -9999 -9999 -9999 -9999 -9999 -9999 -9999 -9999 -9999 -9999 -9999 -9999 -9999 -9999 -9999 -9999 -9999 -9999 -9999 -9999 -9999 -9999 -9999 -9999 -9999 -9999
102 95 79 79 82 82 72 72 66 72 82 59 75 72 72 72 72 69 69 69 72 75 79 82 82 89 89 95 98 105 105 112 121 131 131 125 148 269 404 525 413 669 604 1083 1378 883 1139 2261 2261 2533 2569 1814 2349 2674 2946 2330 2034 -9999 -9999 -9999 -9999 -9999 -9999 -9999 -9999 -9999 -9999 -9999 -9999 -9999 -9999 -9999 -9999 -9999 -9999 -9999 -9999 -9999 -9999 -9999 -9999 -9999
95 95 82 75 72 75 69 66 59 69 72 66 72 72 66 66 66 66 66 69 72 72 79 79 79 85 89 95 98 105 102 105 108 115 118 125 174 174 341 436 338 669 719 1083 1119 827 1211 1936 2438 2060 1624 2087 2087 2303 3022 2976 2087 -9999 -9999 -9999 -9999 -9999 -9999 -9999 -9999 -9999 -9999 -9999 -9999 -9999 -9999 -9999 -9999 -9999 -9999 -9999 -9999 -9999 -9999 -9999 -9999 -9999
89 89 75 72 69 69 66 62 66 69 69 69 72 66 66 66 66 66 66 66 69 72 72 75 82 85 85 92 92 98 95 102 102 112 108 112 148 269 292 259 509 509 725 804 1063 827 1723 1936 1729 2001 1519 1637 1929 2303 3251 3251 2769 1906 -9999 -9999 -9999 -9999 -9999 -9999 -9999 -9999 -9999 -9999 -9999 -9999 -9999 -9999 -9999 -9999 -9999 -9999 -9999 -9999 -9999 -9999 -9999 -9999
89 85 82 72 72 66 66 62 62 66 75 72 66 62 62 62 62 59 62 62 59 69 69 69 79 82 89 92 95 95 79 95 92 112 105 115 141 141 230 240 322 515 768 810 659 892 1355 1483 1706 1506 1476 1739 1887 1795 2402 3025 1391 1729 -9999 -9999 -9999 -9999 -9999 -9999 -9999 -9999 -9999 -9999 -9999 -9999 -9999 -9999 -9999 -9999 -9999 -9999 -9999 -9999 -9999 -9999 -9999 -9999
92 92 82 69 69 66 62 62 62 75 75 69 69 62 66 62 62 62 62 59 62 66 72 75 79 82 82 92 92 95 79 92 92 92 102 102 105 161 200 335 400 400 581 564 676 899 1716 1421 1598 1460 1526 1598 1772 1677 2585 2585 1982 1125 2425 -9999 -9999 -9999 -9999 -9999 -9999 -9999 -9999 -9999 -9999 -9999 -9999 -9999 -9999 -9999 -9999 -9999 -9999 -9999 -9999 -9999 -9999 -9999
105 89 85 72 66 62 62 62 62 69 69 62 62 62 62 56 56 56 56 59 66 69 72 75 75 82 85 89 92 92 92 75 85 92 102 92 105 118 180 213 276 394 581 623 623 820 1230 1188 1598 1526 1526 1837 1850 1375 1555 2543 1952 1890 2165 2165 -9999 -9999 -9999 -9999 -9999 -9999 -9999 -9999 -9999 -9999 -9999 -9999 -9999 -9999 -9999 -9999 -9999 -9999 -9999 -9999 -9999 -9999
95 79 75 66 66 59 59 59 62 69 69 62 62 59 59 56 52 56 56 59 62 69 72 75 79 82 82 82 85 85 92 75 95 85 85 95 102 118 177 174 348 345 308 568 640 906 1161 1184 1184 2087 1654 1929 1850 778 1555 2067 1040 1995 1900 2070 -9999 -9999 -9999 -9999 -9999 -9999 -9999 -9999 -9999 -9999 -9999 -9999 -9999 -9999 -9999 -9999 -9999 -9999 -9999 -9999 -9999 -9999
85 85 72 72 62 59 56 59 59 66 66 62 56 59 56 56 46 56 56 62 66 66 66 69 72 75 82 82 85 85 85 75 85 75 89 98 105 112 125 325 223 381 535 617 617 801 814 1243 1312 2011 2018 1752 1949 643 1181 2136 1772 1965 1936 2152 2366 -9999 -9999 -9999 -9999 -9999 -9999 -9999 -9999 -9999 -9999 -9999 -9999 -9999 -9999 -9999 -9999 -9999 -9999 -9999 -9999 -9999
95 85 72 66 62 59 56 56 62 66 62 62 56 56 52 52 52 56 59 59 79 75 75 69 72 75 75 82 82 82 75 75 85 85 89 85 102 112 148 305 305 322 361 430 522 787 1037 1257 1257 1919 1536 1680 1381 692 1739 1585 1677 1591 1791 1732 1739 -9999 -9999 -9999 -9999 -9999 -9999 -9999 -9999 -9999 -9999 -9999 -9999 -9999 -9999 -9999 -9999 -9999 -9999 -9999 -9999 -9999
92 92 72 66 59 56 56 59 56 56 66 59 56 52 49 49 49 56 72 69 98 95 105 85 69 72 75 79 79 82 79 75 69 82 85 108 108 108 125 200 509 322 367 430 597 518 909 1713 1227 1919 1083 1083 1099 610 883 1585 1516 1591 1581 1581 2438 2795 -9999 -9999 -9999 -9999 -9999 -9999 -9999 -9999 -9999 -9999 -9999 -9999 -9999 -9999 -9999 -9999 -9999 -9999 -9999 -9999
95 82 72 62 62 56 56 56 52 66 62 62 56 49 46 46 49 62 180 180 413 285 259 79 72 72 72 72 75 75 69 72 82 82 82 92 105 105 118 190 217 669 407 302 584 689 692 909 1365 1805 633 620 1421 1171 1486 1486 1949 1913 2126 2041 2471 2795 2753 -9999 -9999 -9999 -9999 -9999 -9999 -9999 -9999 -9999 -9999 -9999 -9999 -9999 -9999 -9999 -9999 -9999 -9999 -9999
98 79 72 62 56 52 56 49 49 56 59 59 56 49 46 46 49 105 75 446 413 233 233 262 249 72 69 72 72 72 72 66 79 79 82 92 92 92 125 115 148 633 253 328 345 315 367 778 1047 1260 1198 1198 1440 1450 1447 1755 2044 2011 2123 2142 2330 2510 2385 -9999 -9999 -9999 -9999 -9999 -9999 -9999 -9999 -9999 -9999 -9999 -9999 -9999 -9999 -9999 -9999 -9999 -9999 -9999
89 72 66 56 56 49 49 46 49 56 59 52 56 49 46 49 66 312 279 210 518 801 358 262 82 69 69 66 69 72 72 75 79 75 75 82 92 92 125 98 98 210 548 174 345 233 367 689 1158 1037 659 935 1266 1480 1499 1499 1926 2159 2067 2300 2300 2208 2677 2635 -9999 -9999 -9999 -9999 -9999 -9999 -9999 -9999 -9999 -9999 -9999 -9999 -9999 -9999 -9999 -9999 -9999 -9999
89 75 69 62 52 49 49 49 49 52 52 56 52 49 46 46 62 413 164 597 945 997 997 591 617 85 66 66 69 66 72 69 72 75 75 82 82 82 95 98 112 282 233 253 253 364 404 390 1158 299 659 771 1076 1204 1198 1742 1926 2257 2257 2405 2297 2802 2677 3005 -9999 -9999 -9999 -9999 -9999 -9999 -9999 -9999 -9999 -9999 -9999 -9999 -9999 -9999 -9999 -9999 -9999 -9999
82 75 69 62 62 56 49 46 49 52 52 52 56 49 49 46 72 154 154 981 965 843 1224 614 217 82 82 62 66 66 62 62 72 69 72 75 85 89 98 157 157 161 141 177 174 390 394 814 322 906 791 1342 1516 1345 1529 1634 1686 2139 2234 2454 2625 2513 2513 2822 3101 -9999 -9999 -9999 -9999 -9999 -9999 -9999 -9999 -9999 -9999 -9999 -9999 -9999 -9999 -9999 -9999 -9999
102 85 72 66 59 56 49 46 46 46 49 52 49 49 49 49 46 167 345 981 883 843 259 266 269 148 62 62 62 62 66 56 66 69 66 79 92 92 108 118 128 148 154 328 328 453 522 909 679 1132 1122 1414 1522 1644 1378 1578 1782 2336 2336 2369 2438 2543 2792 2786 2799 -9999 -9999 -9999 -9999 -9999 -9999 -9999 -9999 -9999 -9999 -9999 -9999 -9999 -9999 -9999 -9999 -9999
