gis_data/PP1766_DIS_Layer7_Top_ASCII.txt
ncols         308
nrows         431
xllcorner     -321143.35392317
yllcorner     1277883.4776336
cellsize      1609.334
NODATA_value  -9999
[rows 280 to 314 of 431, columns 158 to 236 of 308]
0 0 195.96 5.1727 -128.556 -260.763 -385.189 -403.229 -510.644 -616.774 -655.868 -628.035 -600.229 -597.9 -592.327 -577.32 -584.992 -561.983 -551.203 -537.747 -534.547 -534.547 -531.956 -527.122 -528.673 -528.355 -526.191 -506.229 -514.45 -489.402 -470.58 -429.358 -419.884 -389.922 -360.906 -335.53 -339.447 -322.388 -315.43 -296.526 -289.578 -261.938 -254.503 -254.503 -253.925 -250.644 -244.082 -237.52 -234.239 -227.677 -230.958 -226.871 -204.71 -211.272 -207.991 -198.148 -191.586 -191.586 -185.024 -178.462 -168.619 -158.776 -148.933 -145.652 -132.528 -132.528 -125.966 -112.842 -135.809 -119.404 -108.227 -89.875 -102.644 0 159.389 18.398 0 0 0
0 0 163.28 100.774 -17.2148 -186.838 -311.578 -449.87 -547.426 -636.425 -636.425 -662.671 -646.492 -616.292 -592.327 -594.952 -584.992 -604.185 -582.16 -559.672 -548.031 -544.404 -531.956 -533.152 -528.673 -543.004 -537.503 -528.302 -514.45 -505.901 -490.505 -453.679 -469.512 -425.591 -387.481 -361.727 -339.204 -324.368 -320.183 -320.183 -335.711 -308.027 -284.212 -261.833 -257.206 -250.644 -250.644 -247.363 -244.082 -233.992 -230.958 -224.396 -221.115 -214.553 -214.553 -207.991 -201.429 -194.867 -185.024 -178.462 -168.619 -168.619 -158.776 -148.933 -139.09 -132.06 -129.247 -148.933 -152.764 -139.09 -129.247 -112.842 -99.6638 -19.991 -57.1884 -57.1884 -43.941 -4.569 0
0 0 0 35.1142 -62.6524 -241.232 -364.201 -379.762 -483.656 -606.58 -655.099 -668.585 -655.394 -647.838 -647.838 -653.795 -619.414 -603.285 -578.716 -567.82 -558.056 -570.47 -552.726 -556.263 -548.534 -562.367 -545.652 -544.537 -544.537 -548.216 -526.648 -507.926 -469.512 -420.376 -387.481 -366.653 -366.653 -347.759 -329.234 -334.596 -335.711 -331.757 -284.212 -305.781 -264.451 -257.206 -250.644 -250.644 -244.082 -237.52 -237.52 -230.958 -227.677 -221.115 -205.892 -204.71 -194.867 -194.867 -188.305 -181.743 -171.9 -165.338 -155.495 -148.372 -145.652 -145.652 -135.809 -158.776 -155.495 -142.371 -135.809 -122.685 -135.809 0 -80.032 -66.2999 0 3.70667 0
0 0 350.247 304.456 37.9832 -147.37 -284.964 -424.068 -512.491 -622.867 -622.867 -673.525 -694.715 -705.777 -684.142 -663.422 -627.991 -635.451 -607.686 -594.35 -579.362 -600.409 -572.346 -579.787 -576.138 -597.3 -578.739 -587.555 -568.789 -564.162 -540.833 -506.049 -506.049 -464.707 -426.072 -430.01 -386.874 -376.279 -343.959 -391.915 -366.302 -384.812 -365.819 -332.456 -271.948 -261.962 -261.962 -253.925 -250.644 -244.082 -237.52 -230.958 -227.677 -218.278 -218.278 -211.272 -204.71 -198.148 -188.305 -175.3 -171.9 -165.338 -162.057 -158.776 -152.214 -148.202 -135.809 -166.121 -166.121 -158.776 -142.371 -139.09 -106.28 -82.1377 -83.313 -83.313 -80.032 -47.222 -38.6969
0 0 0 304.456 2.10452 -147.37 -201.59 -327.281 -470.178 -566.46 -638.037 -673.525 -713.531 -705.777 -716.213 -702.917 -675.246 -656.829 -617.737 -614.094 -606.165 -592.291 -586.865 -595.059 -600.979 -617.627 -600.156 -607.531 -607.531 -591.522 -566.485 -535.251 -502.129 -477.303 -452.04 -508.396 -462.27 -469.597 -432.871 -439.174 -404.377 -409.679 -392.9 -414.71 -358.425 -297.169 -263.438 -256.051 -250.644 -244.082 -244.082 -237.52 -230.958 -224.127 -217.834 -207.991 -201.429 -198.148 -194.867 -185.024 -178.462 -171.9 -159.68 -158.776 -158.776 -152.214 -145.652 -178.462 -165.338 -171.9 -155.423 -119.404 -119.404 -112.842 -98.4951 -93.156 -80.032 211.747 -38.6969
0 0 0 0 208.333 -58.1809 -243.239 -353.776 -482.517 -587.849 -603.778 -654.764 -705.684 -711.226 -709.646 -696.462 -696.832 -696.832 -674.846 -635.711 -608.114 -592.291 -589.369 -595.059 -629.143 -629.143 -635.197 -627.865 -622.846 -591.522 -565.893 -535.251 -540.581 -508.616 -530.839 -508.396 -501.306 -469.597 -484.154 -510.954 -471.143 -455.77 -423.17 -419.551 -375.578 -303.459 -303.459 -266.359 -257.206 -247.363 -240.801 -234.239 -227.677 -221.115 -221.115 -211.272 -204.728 -198.148 -193.464 -185.024 -175.181 -178.462 -168.619 -162.057 -155.495 -152.214 -145.652 -143.223 -143.223 -178.462 -176.065 -129.715 -120.157 -116.123 -106.28 -119.404 -102.999 -83.313 -68.1346
0 0 0 0 143.275 -89.4699 -54.4312 -243.65 -370.571 -496.921 -601.866 -674.006 -693.098 -701.653 -702.026 -699.6 -692.744 -702.237 -679.352 -643.647 -596.356 -596.356 -585.428 -600.012 -646.477 -643.824 -635.013 -629.966 -625.24 -624.97 -606.716 -568.109 -552.287 -538.409 -575.323 -575.323 -561.53 -540.248 -540.654 -510.954 -488.907 -455.77 -435.393 -435.393 -423.214 -389.507 -315.546 -266.359 -250.971 -247.363 -247.363 -237.52 -231.567 -227.677 -217.834 -211.272 -204.71 -204.71 -198.148 -191.586 -184.153 -175.181 -168.619 -165.338 -165.338 -158.776 -148.933 -148.933 -145.652 -139.09 -191.803 -134.919 -134.919 -125.966 -122.685 -115.004 -102.999 -83.313 -73.47
0 0 0 0 0 58.035 83.2974 -183.075 -372.571 -497.346 -529.064 -633.051 -688.207 -687.875 -684.429 -676.908 -684.185 -684.185 -672.388 -662.754 -609.729 -590.541 -587.15 -618.197 -642.759 -659.551 -639.685 -629.245 -619.171 -620.384 -598.64 -573.364 -580.2 -568.38 -585.36 -581.401 -572.299 -557.97 -549.924 -549.924 -532.198 -501.986 -475.348 -444.472 -417.532 -384.707 -385.923 -327.455 -268.675 -250.644 -244.082 -237.52 -229.181 -229.181 -224.396 -214.553 -214.553 -203.917 -198.148 -191.586 -185.024 -185.024 -175.181 -168.619 -165.338 -158.776 -155.495 -148.933 -152.214 -145.652 -145.652 -139.09 -139.09 -125.966 -129.247 -129.247 -116.123 -102.645 -89.875
0 0 0 0 0 381.393 381.393 129.012 -142.453 -370.276 -529.064 -648.95 -688.207 -698.417 -689.326 -672.347 -662.871 -656.911 -672.388 -651.081 -609.729 -610.708 -595.539 -608.989 -642.759 -660.272 -643.068 -625.078 -635.461 -618.326 -616.216 -600.313 -588.781 -579.593 -585.543 -585.543 -582.153 -577.199 -579.664 -558.063 -534.485 -505.679 -473.125 -473.125 -431.896 -405.823 -379.313 -335.301 -275.095 -247.726 -249.41 -244.082 -237.52 -230.958 -224.396 -217.834 -214.553 -214.553 -204.71 -198.148 -194.867 -185.024 -175.181 -168.619 -175.181 -168.619 -158.776 -158.776 -158.776 -149.879 -171.254 -144.988 -148.933 -143.504 -142.371 -129.247 -119.404 -106.28 -89.875
0 0 0 0 0 640.383 481.507 42.4366 -183.177 -382.327 -382.327 -548.109 -651.167 -681.262 -685.391 -675.279 -651.769 -643.655 -637.125 -637.19 -625.665 -618.108 -610.492 -619.092 -619.092 -652.717 -657.678 -656.772 -635.461 -641.946 -616.216 -606.164 -606.164 -599.369 -587.241 -587.84 -582.153 -589.755 -579.664 -583.447 -564.113 -535.451 -504.548 -463.901 -431.896 -399.702 -395.285 -374.41 -345.753 -282.09 -247.363 -242.019 -237.52 -237.52 -227.677 -224.396 -217.834 -211.272 -204.71 -198.148 -191.586 -191.586 -185.024 -178.462 -175.181 -170.834 -165.338 -162.057 -165.338 -158.776 -158.776 -152.214 -155.495 -152.214 -142.371 -142.371 -132.528 0 -96.437
0 0 0 0 0 0 0 663.749 263.616 -200.547 -402.549 -550.773 -662.705 -630.157 -644.074 -627.935 -666.601 -627.16 -618.564 -619.135 -615.588 -612.993 -608.075 -606.374 -623.327 -644.525 -656.013 -678.492 -678.492 -686.882 -663.961 -640.103 -609.82 -605.375 -595.136 -603.908 -601.221 -608.273 -597.79 -581.653 -559.758 -527.699 -527.699 -469.717 -441.161 -409.404 -395.285 -377.99 -345.753 -280.779 -280.779 -250.162 -244.082 -237.52 -227.677 -224.396 -217.834 -225.654 -211.272 -211.223 -194.867 -191.704 -185.024 -181.743 -181.743 -187.852 -168.619 -173.455 -171.9 -171.9 -200.216 -200.216 -165.338 -159.254 -155.495 -145.652 0 0 -99.718
0 0 0 0 0 0 0 663.749 453.939 -200.547 290.956 -376.208 -497.262 -554.351 -584.057 -609.371 -643.3 -674.028 -647.898 -665.4 -628.338 -602.362 -596.535 -596.785 -596.785 -618.947 -641.233 -662.44 -683.31 -684.883 -668.795 -657.643 -653.734 -642.444 -615.648 -615.49 -615.52 -615.44 -601.278 -602.227 -578.403 -550.179 -516.292 -452.324 -423.844 -409.016 -409.016 -402.319 -381.102 -362.44 -292.758 -246.72 -240.801 -242.92 -234.239 -227.677 -224.396 -215.659 -214.553 -210.486 -210.486 -201.429 -194.867 -191.586 -185.024 -175.181 -177.563 -176.724 -176.724 -176.085 -170.509 -168.619 -165.338 -162.057 -155.495 -158.776 -152.214 0 -116.123
0 0 0 0 0 0 0 0 0 609.638 485.529 -314.404 -444.78 -444.78 -483.306 -549.594 -632.097 -674.028 -702.957 -665.4 -617.446 -617.446 -578.7 -584.14 -600.652 -618.947 -644.814 -662.44 -650.001 -669.427 -668.865 -657.643 -655.22 -651.069 -623.821 -614.562 -613.101 -612.318 -614.38 -582.005 -571.837 -541.952 -541.952 -467.17 -435.548 -429.934 -419.293 -411.63 -392.082 -367.692 -367.692 -299.128 -254.625 -237.456 -234.239 -232.725 -238.244 -220.246 -216.087 -212.115 -207.991 -207.685 -197.073 -194.867 -194.867 -190.74 -185.024 -185.024 -178.462 -202.441 -171.9 -178.462 -171.9 -175.181 -165.338 -158.776 -148.933 -132.528 -122.685
0 0 0 0 0 0 0 0 0 0 0 610.258 269.15 -187.185 -470.431 -580.378 -651.451 -651.451 -676.402 -686.127 -638.627 -588.03 -587.174 -591.685 -627.07 -612.503 -617.821 -641.21 -641.767 -657.816 -662.956 -662.956 -661.886 -656.57 -632.417 -614.562 -599.719 -612.318 -596.136 -596.136 -578.677 -570.281 -528.782 -467.17 -438.138 -429.934 -457.857 -436.169 -421.816 -397.537 -366.327 -299.128 -255.155 -255.155 -231.624 -220.766 -219.625 -201.576 -206.951 -195.64 -195.64 -192.504 -204.567 -194.437 -194.867 -191.586 -191.586 -188.305 -188.305 -194.867 -181.743 -181.743 -178.462 -178.462 -171.9 -171.363 -158.776 -152.214 -142.466
0 0 0 0 0 0 0 0 0 0 0 0 501.253 501.253 -25.4112 -431.579 -502.917 -615.943 -620.023 -671.211 -661.525 -637.043 -611.517 -630.523 -651.446 -629.044 -623.505 -634.126 -635.727 -645.361 -661.535 -666.161 -652.93 -645.072 -610.32 -610.32 -594.053 -593.995 -603.052 -591.286 -585.967 -573.603 -573.891 -529.705 -492.403 -466.581 -487.208 -453.513 -422.215 -422.215 -373.22 -339.806 -278.628 -249.127 -226.204 -220.766 -201.649 -201.649 -183.268 -181.797 -176.669 -192.504 -198.952 -194.437 -212.211 -204.026 -198.148 -194.867 -191.586 -194.867 -185.024 -185.024 -185.024 -181.743 -181.743 -171.9 -162.057 -158.776 -158.776
0 0 0 0 0 0 0 0 0 0 0 0 0 577.882 -25.4112 -363.226 -502.917 -483.813 -570.666 -602.826 -625.569 -624.833 -567.464 -618.495 -600.35 -647.367 -645.228 -624.356 -636.855 -651.246 -647.143 -647.143 -639.919 -625.346 -600.083 -599.905 -597.168 -599.116 -609.449 -609.449 -604.14 -599.279 -570.159 -547.739 -518.141 -505.31 -513.17 -495.255 -453.369 -414.107 -350.726 -312.962 -269.423 -269.423 -254.879 -223.403 -206.027 -190.146 -173.926 -170.503 -179.426 -167.79 -171.316 -195.783 -196.563 -204.71 -204.71 -198.148 -214.553 -201.429 -194.867 -188.305 -188.305 -188.305 -181.743 -181.743 -178.462 -168.619 -165.338
0 0 0 0 0 0 0 0 0 0 0 0 0 0 631.172 386.583 -334.766 -493.768 -537.792 -595.917 -595.917 -574.474 -546.532 -524.61 -600.35 -636.898 -645.228 -618.385 -618.385 -634.768 -642.697 -625.537 -639.919 -601.05 -600.083 -594.519 -594.398 -612.218 -619.288 -619.904 -604.14 -589.525 -591.968 -564.695 -540.091 -522.594 -513.388 -489.96 -446.206 -446.206 -372.836 -328.273 -296.559 -273.273 -251.269 -233.088 -213.037 -213.037 -199.193 -185.558 -186.255 -167.185 -167.61 -183.569 -171.412 -194.452 -206.011 -217.67 -201.429 -198.148 -198.148 -198.148 -198.148 -194.867 -194.867 -185.024 -185.024 -175.181 -178.462
0 0 0 0 0 0 0 0 0 0 0 0 0 0 669.061 352.957 -268.696 -266.762 -447.379 -510.381 -570.139 -502.95 -481.878 -493.391 -493.391 -546.177 -595.276 -616.633 -625.467 -626.268 -625.857 -604.976 -617.367 -618.384 -617.543 -597.661 -596.849 -644.862 -644.862 -635.258 -612.726 -613.144 -591.968 -560.11 -540.091 -522.953 -522.953 -506.308 -480.022 -436.967 -372.836 -321.82 -296.559 -302.466 -274.69 -255.011 -232.85 -219.611 -199.193 -202.483 -202.483 -194.019 -183.84 -166.931 -167.611 -196.15 -195.042 -195.042 -203.55 -207.991 -207.991 -204.71 -204.71 -198.148 -198.148 -198.148 -198.148 -188.305 -181.743
0 0 0 0 0 0 0 0 0 0 0 0 0 0 0 0 281.3 -294.744 -441.206 -483.563 -483.563 -432.563 -451.809 -468.664 -489.257 -547.237 -594.319 -635.018 -635.018 -620.911 -620.072 -586.36 -587.901 -590.809 -602.466 -600.531 -599.355 -608.72 -640.034 -604.798 -609.004 -615.211 -615.211 -593.336 -540.047 -515.884 -510.277 -503.08 -480.165 -475.436 -439.87 -396.15 -341.045 -306.473 -279.367 -263.092 -243.511 -262.707 -242.512 -235.199 -210.77 -199.37 -183.84 -170.835 -170.835 -162.747 -178.612 -181 -203.55 -205.428 -207.991 -213.989 -204.71 -207.991 -201.429 -201.429 -198.148 -188.305 -188.305
0 0 0 0 0 0 0 0 0 0 0 0 0 0 0 0 180.635 180.635 -222.506 -441.311 -424.976 -432.563 -441.891 -468.664 -470.958 -489.033 -547.156 -608.307 -627.741 -670.088 -639.773 -612.355 -574.308 -566.372 -574.905 -620.917 -613.486 -603.331 -603.331 -599.81 -602.323 -597.141 -603.726 -567.657 -519.104 -506.67 -506.67 -498.034 -494.653 -470.894 -448.751 -411.559 -354.92 -369.645 -318.66 -308.159 -280.047 -283.15 -258.895 -244.239 -244.239 -229.656 -210.82 -195.489 -176.098 -163.881 -161.803 -153.865 -165.224 -158.143 -192.658 -200.59 -209.312 -211.272 -207.991 -210.718 -204.71 -198.148 -188.305
0 0 0 0 0 0 0 0 0 0 0 0 0 0 0 0 616.226 166.516 -223.392 -404.912 -358.145 -383.563 -402.423 -433.416 -473.609 -495.357 -545.901 -545.901 -575.457 -621.973 -648.24 -612.355 -569.283 -566.372 -590.504 -590.504 -615.819 -609.879 -605.068 -599.81 -596.283 -597.141 -582.318 -578.353 -543.077 -509.637 -500.628 -498.034 -484.188 -471.368 -460.619 -445.297 -417.621 -381.118 -339.487 -325.915 -325.915 -314.584 -292.322 -282.04 -254.189 -240.896 -217.733 -203.037 -203.037 -184.804 -164.878 -152.911 -148.049 -137.767 -167.46 -141.22 -168.647 -174.949 -202.217 -208.81 -204.71 -194.867 -194.867
0 0 0 0 0 0 0 0 0 0 0 0 0 0 0 0 0 522.283 97.0964 -213.701 -370.643 -428.739 -404.91 -450.346 -515.499 -480.126 -463.613 -535.137 -582.087 -618.192 -611.469 -611.469 -573.259 -566.572 -590.008 -607.029 -617.888 -615.064 -629.019 -614.79 -595.992 -589.245 -574.38 -565.106 -531.436 -506.704 -502.621 -495.754 -481.535 -471.368 -454.015 -445.297 -419.81 -419.81 -395.969 -355.705 -345.618 -314.584 -309.939 -282.04 -295.275 -264.816 -250.543 -223.39 -207.522 -184.804 -174.715 -174.715 -167.263 -157.234 -132.989 -125.145 -139.007 -128.523 -173.571 -134.406 -175.535 -182.193 -190.806
0 0 0 0 0 0 0 0 0 0 0 0 0 0 0 0 0 416.915 112.868 -201.86 -143.202 -273.573 -372.913 -463.23 -612.28 -500.872 -496.568 -496.568 -593.112 -623.292 -671.123 -630.209 -617.774 -594.438 -618.909 -618.909 -621.7 -625.27 -636.341 -616.569 -593.483 -583.717 -580.561 -565.381 -544.648 -525.343 -495.919 -486.95 -470.378 -470.378 -461.869 -456.653 -454.082 -428.483 -409.416 -376.004 -396.385 -364.086 -355.393 -324.254 -304.216 -275.616 -260.612 -234.221 -237.557 -211.296 -203.623 -182.796 -173.737 -157.234 -146.248 -146.248 -121.932 -119.342 -104.736 -134.406 -139.937 -182.193 -154.666
0 0 0 0 0 0 0 0 0 0 0 0 0 0 0 0 0 0 172.719 114.835 -143.202 -217.478 -372.913 -582.446 -582.446 -629.023 -536.791 -550.791 -593.112 -661.413 -671.123 -689.848 -679.591 -667.072 -621.802 -614.766 -644.581 -642.081 -668.06 -632.846 -611.268 -593.066 -575.226 -557.85 -535.833 -535.833 -502.658 -492.212 -476.161 -469.099 -468.171 -461.711 -469.112 -469.112 -463.677 -431.284 -421.527 -389.525 -370.798 -338.449 -346.502 -312.44 -289.369 -264.213 -245.138 -223.709 -212.696 -212.696 -200.375 -183.762 -168.893 -149.782 -132.137 -121.907 -120.606 -101.053 -90.8522 -111.493 -127.359
0 0 0 0 0 0 0 0 0 0 0 0 0 0 0 0 0 0 360.148 307.396 307.396 -88.354 -269.748 -475.905 -628.4 -625.179 -564.131 -590.383 -575.921 -598.226 -652.533 -703.674 -724.973 -697.27 -697.27 -687.504 -664.168 -687.945 -668.06 -637.949 -611.268 -601.306 -601.306 -576.997 -554.066 -536.08 -502.658 -484.83 -476.161 -474.673 -464.682 -483.206 -486.204 -493.503 -463.677 -457.145 -472.878 -440.584 -414.13 -377.706 -351.472 -316.472 -295.308 -295.308 -272.949 -253.803 -245.781 -223.06 -209.783 -190.238 -166.936 -166.936 -149.967 -132.957 -121.674 -110.863 -100.62 -90.2187 -83.2553
0 0 0 0 0 0 0 0 0 0 0 0 0 0 0 0 0 0 0 0 228.923 -43.1883 -256.294 -414.723 -414.723 -550.326 -587.701 -635.494 -593.525 -580.294 -623.373 -585.874 -682.335 -731.013 -734.107 -736.032 -712.891 -713.072 -713.072 -692.925 -648.29 -644.482 -614.115 -590.814 -559.783 -569.336 -548.532 -524.085 -484.263 -475.592 -479.693 -499.739 -506.868 -510.812 -497.973 -483.061 -472.878 -444.803 -414.13 -382.157 -382.157 -354.476 -322.19 -295.272 -272.949 -265.685 -245.781 -257.895 -236.926 -217.647 -192.153 -169.733 -149.967 -131.321 -131.321 -121.996 -109.981 -97.4027 -75.8957
0 0 0 0 0 0 0 0 0 0 0 0 0 0 0 0 0 0 0 0 0 247.625 242.081 -136.881 -308.96 -528.945 -645.674 -679.365 -665.022 -582.789 -527.38 -573.034 -668.458 -714.671 -714.671 -722.655 -745.637 -744.288 -732.057 -712.898 -674.431 -654.938 -654.938 -643.949 -602.806 -581.112 -560.869 -564.86 -489.069 -509.633 -477.915 -484.997 -511.272 -505.54 -500.065 -485.16 -485.16 -465.14 -442.89 -419.979 -387.243 -349.277 -323 -327.112 -305.476 -294.902 -276.835 -268.223 -245.161 -219.037 -197.252 -196.357 -173.523 -156.532 -136.558 -126.492 -111.341 -99.8238 -99.8238
0 0 0 0 0 0 0 0 0 0 0 0 0 0 0 0 0 0 0 0 0 0 183.592 183.592 16.7046 -287.516 -571.641 -679.365 -679.099 -582.789 -517.138 -517.138 -600.676 -675.243 -708.001 -722.655 -740.623 -744.288 -744.854 -741.82 -719.5 -690.113 -679.263 -665.774 -619.346 -628.524 -598.781 -637.319 -621.071 -516.91 -477.989 -485.02 -485.02 -494.71 -493.349 -487.782 -479.417 -465.468 -445.19 -427.31 -427.31 -382.872 -356.078 -331.484 -314.539 -301.497 -285.917 -293.68 -272.114 -236.878 -214.904 -194.853 -173.488 -158.926 -158.926 -141.928 -127.306 -114.376 -100.331
0 0 0 0 0 0 0 0 0 0 0 0 0 0 0 0 0 0 0 0 0 0 0 384.991 -58.8737 -369.431 -602.556 -602.556 -655.415 -665.214 -613.909 -562.19 -630.389 -685.195 -665.254 -700.098 -729.942 -735.463 -736.254 -742.823 -723.843 -712.074 -726.505 -704.669 -663.251 -628.524 -606.838 -637.319 -599.483 -599.483 -537.352 -494.117 -494.598 -494.71 -493.183 -487.782 -494.351 -483.143 -465.84 -444.283 -417.381 -382.872 -353.025 -353.025 -341.687 -329.811 -308.969 -299.853 -270.97 -239.671 -214.887 -217.497 -194.515 -177.186 -160.152 -142.103 -126.872 -110.372 -110.372
0 0 0 0 0 0 0 0 0 0 0 0 0 0 0 0 0 0 0 0 0 0 0 0 0 100.559 -474.114 -598.396 -619.934 -633.079 -597.234 -597.234 -603.488 -631.478 -656.649 -693.535 -711.049 -715.972 -703.964 -730.168 -733.057 -723.506 -697.126 -688.63 -645.151 -645.151 -638.147 -615.506 -614.164 -583.697 -562.684 -519.871 -527.147 -499.931 -500.913 -498.899 -503.077 -482.824 -453.224 -440.684 -437.336 -410.059 -382.73 -362.287 -345.616 -329.811 -314.321 -314.321 -290.737 -268.669 -241.59 -217.497 -198.459 -177.186 -180.483 -161.222 -142.536 -126.976 -113.181
0 0 0 0 0 0 0 0 0 0 0 0 0 0 0 0 0 0 0 0 0 0 0 0 0 0 -474.114 -454.313 -547.34 -622.767 -612.339 -600.714 -601.023 -628.238 -625.733 -658.24 -690.578 -696.788 -709.35 -730.836 -718.358 -718.358 -701.422 -678.657 -663.136 -654.592 -649.702 -619.282 -605.466 -605.466 -587.267 -571.038 -523.813 -504.712 -514.645 -522.978 -545.85 -517.027 -474.952 -453.999 -437.765 -410.009 -391.309 -391.309 -365.705 -348.33 -332.802 -313.18 -289.971 -269.653 -268.433 -244.342 -222.768 -201.194 -179.17 -159.033 -141.899 -125.934 -126.275
0 0 0 0 0 0 0 0 0 0 0 0 0 0 0 0 0 0 0 0 0 0 0 0 0 0 0 -476.762 -557.827 -599.709 -612.339 -600.998 -598.763 -575.158 -625.733 -659.61 -690.578 -695.762 -695.762 -720.584 -721.405 -698.552 -701.422 -677.328 -663.136 -673.435 -668.847 -646.137 -612.489 -605.354 -587.267 -564.741 -561.876 -521.987 -524.28 -519.608 -532.743 -509.715 -476.052 -457.844 -465.79 -439.229 -418.834 -395.637 -368.5 -352.605 -338.385 -338.385 -316.261 -289.195 -265.717 -245.796 -218.712 -198.226 -196.537 -176.339 -156.75 -141.965 -124.4
0 0 0 0 0 0 0 0 0 0 0 0 0 0 0 0 0 0 0 0 0 0 0 0 0 0 46.412 -220.094 -529.44 -576.837 -589.182 -593.547 -574.614 -574.206 -574.206 -615.859 -653.41 -686.901 -705.142 -708.433 -699.768 -680.904 -684.644 -674.422 -673.03 -673.785 -661.961 -636.864 -616.356 -617.742 -606.482 -594.137 -561.876 -535.424 -524.28 -519.076 -519.076 -524.464 -503.283 -484.942 -465.79 -442.285 -418.834 -424.935 -400.926 -372.292 -355.372 -339.266 -316.261 -287.611 -287.611 -263.169 -239.138 -218.671 -194.746 -176.128 -155.314 -140.738 -142.189
0 0 0 0 0 0 0 0 0 0 0 0 0 0 0 0 0 0 0 0 0 0 0 0 0 0 144.639 -234.643 -531.339 -565.341 -565.341 -560.532 -537.746 -511.292 -560.516 -595.868 -648.575 -717.691 -717.691 -711.053 -687.155 -665.799 -671.466 -668.904 -671.517 -675.078 -672.827 -659.515 -633.535 -616.984 -604.077 -607.796 -607.796 -591.836 -568.669 -560.996 -537.37 -532.318 -509.045 -517.094 -492.604 -474.899 -451.417 -428.575 -400.59 -371.803 -353.515 -350.769 -335.214 -307.631 -285.161 -257.72 -239.138 -215.544 -215.544 -189.854 -174.494 -157.498 -142.189
0 0 0 0 0 0 0 0 0 0 0 0 0 0 0 0 0 0 0 0 0 0 0 0 0 0 80.737 80.737 -268.737 -497.633 -563.196 -560.532 -482.441 -511.292 -473.042 -523.54 -592.35 -663.896 -742.108 -711.009 -674.557 -678.799 -648.969 -646.178 -669.799 -679.522 -682.12 -668.36 -638.072 -634.047 -615.227 -614.986 -612.602 -600.4 -581.792 -579.989 -579.989 -570.566 -543.326 -529.355 -502.903 -486.17 -456.379 -459.91 -426.528 -398.678 -374.567 -352.609 -330.075 -307.015 -307.015 -277.573 -254.665 -229.376 -210.551 -188.591 -172.441 -154.334 -154.334
