gis_data/PP1766_DIS_Layer4_Top_ASCII.txt
ncols         308
nrows         431
xllcorner     -321143.35392317
yllcorner     1277883.4776336
cellsize      1609.334
NODATA_value  -9999
[rows 280 to 314 of 431, columns 158 to 236 of 308]
0 0 395.96 279.126 145.919 24.757 -87.018 -109.944 -215.917 -329.241 -363.299 -331.753 -318.61 -333.761 -340.466 -319.427 -327.108 -303.648 -293.693 -281.644 -280.104 -280.104 -280.908 -278.454 -286.194 -287.774 -298.107 -286.397 -296.45 -271.402 -252.58 -211.358 -201.884 -171.922 -160.906 -135.53 -121.447 -122.388 -115.43 -96.5258 -89.5776 -61.9384 -54.503 -54.503 -53.925 -50.644 -44.082 -37.52 -34.239 -27.677 -30.958 -26.8708 -4.70999 -11.272 -7.991 1.85199 8.414 8.414 14.976 21.538 31.381 41.224 51.067 54.348 67.472 67.472 74.034 87.158 64.191 80.596 91.7731 110.125 97.356 0 359.389 218.398 0 0 0
0 0 437.903 381.53 261.259 97.5608 -22.3454 -157.126 -269.442 -359.171 -359.171 -379.615 -347.848 -356.59 -340.466 -340.077 -327.108 -347.508 -324.383 -301.632 -290.995 -290.651 -280.908 -287.646 -286.194 -304.922 -301.428 -308.825 -296.45 -287.338 -272.505 -235.679 -251.512 -207.591 -169.481 -143.727 -121.204 -124.368 -120.183 -120.183 -135.711 -108.027 -84.2121 -61.8334 -57.206 -50.644 -50.644 -47.363 -44.082 -33.9923 -30.958 -24.396 -21.115 -14.553 -14.553 -7.991 -1.42899 5.133 14.976 21.538 31.381 31.381 41.224 51.067 60.91 67.94 70.753 51.067 47.2364 60.91 70.753 87.158 100.336 180.009 142.812 142.812 156.059 195.431 0
0 0 0 323.15 224.024 56.7628 -64.8372 -72.8506 -180.943 -298.957 -364.969 -389.82 -372.342 -393.296 -393.296 -398.379 -365.518 -346.463 -320.5 -311.023 -301.892 -313.718 -300.06 -306.655 -305.951 -326.153 -315.971 -321.184 -321.184 -320.371 -304.5 -287.122 -251.512 -202.376 -169.481 -148.653 -148.653 -129.759 -111.234 -116.596 -135.711 -131.757 -84.2121 -105.781 -64.4507 -57.206 -50.644 -50.644 -44.082 -37.52 -37.52 -30.958 -27.677 -21.115 -5.89236 -4.70999 5.133 5.133 11.695 18.257 28.1 34.662 44.505 51.6278 54.348 54.348 64.191 41.224 44.505 57.629 64.191 77.315 64.191 0 119.968 133.7 0 203.707 0
0 0 550.247 504.456 334.462 160.108 22.2448 -99.2915 -195.234 -325.436 -325.436 -399.587 -417.664 -426.445 -417.085 -410.008 -375.893 -383.791 -353.602 -341.3 -323.666 -323.321 -314.093 -330.539 -334.239 -354.323 -341.188 -335.706 -327.84 -332.065 -314.795 -283.287 -283.287 -245.522 -208.072 -212.01 -168.874 -158.279 -125.959 -173.915 -148.302 -184.812 -165.819 -132.456 -71.9481 -61.9618 -61.9618 -53.925 -50.644 -44.082 -37.52 -30.958 -27.677 -18.2781 -18.2781 -11.272 -4.70999 1.85199 11.695 24.6998 28.1 34.662 37.943 41.224 47.786 51.798 64.191 33.8786 33.8786 41.224 57.629 60.91 93.72 117.862 116.687 116.687 119.968 152.778 161.303
0 0 0 504.456 306.993 160.108 111.291 -10.0478 -137.958 -250.485 -362.635 -399.587 -434.764 -426.445 -434.935 -431.181 -415.338 -400.32 -366.143 -347.323 -331.309 -332.209 -327.436 -344.02 -351.564 -372.368 -354.727 -350.83 -350.83 -352.971 -333.271 -306.925 -278.83 -258.045 -234.04 -290.396 -244.27 -251.597 -214.871 -221.174 -186.377 -209.679 -192.9 -214.71 -158.425 -97.1689 -63.4378 -56.0513 -50.644 -44.082 -44.082 -37.52 -30.958 -24.1275 -17.834 -7.991 -1.42899 1.85199 5.133 14.976 21.538 28.1 40.3203 41.224 41.224 47.786 54.348 21.538 34.662 28.1 44.5773 80.596 80.596 87.158 101.505 106.844 119.968 411.747 161.303
0 0 0 0 408.333 252.588 72.094 -31.7079 -170.735 -294.577 -305.332 -377.296 -438.515 -440.712 -430.454 -425.709 -418.606 -418.606 -404.102 -372.099 -343.487 -332.209 -337.687 -344.02 -374.347 -374.347 -388.158 -379.226 -376.465 -352.971 -332.176 -306.925 -313.873 -286.081 -312.107 -290.396 -283.306 -251.597 -266.154 -292.954 -253.143 -237.77 -205.17 -219.551 -175.578 -103.459 -103.459 -66.3595 -57.206 -47.363 -40.801 -34.239 -27.677 -21.115 -21.115 -11.272 -4.7278 1.85199 6.5365 14.976 24.819 21.538 31.381 37.943 44.505 47.786 54.348 56.7766 56.7766 21.538 23.9353 70.2853 79.8427 83.877 93.72 80.596 97.001 116.687 131.865
0 0 0 0 343.275 223.875 256.622 73.0639 -59.9426 -190.763 -318.797 -402.663 -443.408 -443.698 -437.219 -422.072 -416.948 -419.047 -400.856 -367.32 -342.534 -342.534 -330.657 -344.361 -376.478 -386.312 -387.155 -386.332 -385.835 -384.143 -372.205 -336.879 -328.104 -317.418 -357.171 -357.171 -343.53 -322.124 -322.654 -292.954 -270.907 -237.77 -217.393 -217.393 -223.214 -189.507 -115.546 -66.3595 -50.9706 -47.363 -47.363 -37.52 -31.5667 -27.677 -17.834 -11.272 -4.70999 -4.70999 1.85199 8.414 15.8475 24.819 31.381 34.662 34.662 41.224 51.067 51.067 54.348 60.91 8.19676 65.0813 65.0813 74.034 77.315 84.9962 97.001 116.687 126.53
0 0 0 0 0 362.732 383.041 119.766 -86.4599 -211.445 -265.914 -378.278 -438.585 -436.015 -427.909 -420.816 -411.483 -411.483 -409.354 -401.963 -353.989 -335.48 -332.444 -353.598 -366.518 -381.332 -384.435 -387.321 -384.915 -384.857 -368.13 -345.583 -354.289 -346.398 -366.818 -363.401 -354.299 -339.97 -331.924 -331.924 -314.198 -283.986 -257.348 -226.472 -217.532 -184.707 -185.923 -127.455 -68.6749 -50.644 -44.082 -37.52 -29.1806 -29.1806 -24.396 -14.553 -14.553 -3.91667 1.85199 8.414 14.976 14.976 24.819 31.381 34.662 41.224 44.505 51.067 47.786 54.348 54.348 60.91 60.91 74.034 70.753 70.753 83.877 97.3545 110.125
0 0 0 0 0 581.393 581.393 413.272 142.196 -102.3 -265.914 -398.26 -438.585 -446.623 -437.302 -397.61 -407.021 -400.166 -409.354 -394.077 -353.989 -353.316 -340.016 -355.177 -366.518 -381.699 -385.311 -387.399 -389.868 -384.996 -377.563 -368.796 -363.541 -358.944 -367.165 -367.165 -363.606 -358.611 -357.658 -339.06 -315.726 -287.679 -255.125 -255.125 -213.896 -205.823 -179.313 -135.301 -75.0949 -47.7261 -49.4103 -44.082 -37.52 -30.958 -24.396 -17.834 -14.553 -14.553 -4.70999 1.85199 5.133 14.976 24.819 31.381 24.819 31.381 41.224 41.224 41.224 50.1212 28.7463 55.0116 51.067 56.4959 57.629 70.753 80.596 93.72 110.125
0 0 0 0 0 840.383 681.507 316.481 89.5351 -125.865 -125.865 -295.624 -398.005 -421.148 -413.593 -379.131 -387.488 -373.924 -386.178 -378.311 -366.714 -359.732 -355.816 -364.188 -364.188 -374.509 -381.712 -393.662 -389.868 -388.421 -377.563 -371.298 -371.298 -373.775 -366.624 -368.441 -363.606 -364.872 -357.658 -356.267 -341.932 -316.436 -286.548 -245.901 -213.896 -181.702 -177.285 -174.41 -145.753 -82.0896 -47.363 -42.019 -37.52 -37.52 -27.677 -24.396 -17.834 -11.272 -4.70999 1.85199 8.414 8.414 14.976 21.538 24.819 29.1659 34.662 37.943 34.662 41.224 41.224 47.786 44.505 47.786 57.629 57.629 67.472 0 103.563
0 0 0 0 0 0 0 863.749 463.616 56.0949 -149.938 -296.092 -404.471 -371.024 -376.579 -354.301 -368.911 -359.192 -366.265 -363.11 -356.973 -354.84 -350.533 -348.992 -364.282 -378.004 -388.438 -404.457 -404.457 -406.324 -390.62 -380.617 -373.272 -376.114 -372.224 -376.561 -375.543 -373.566 -365.598 -352.526 -337.431 -309.374 -309.374 -251.717 -223.161 -191.404 -177.285 -177.99 -145.753 -80.7786 -80.7786 -50.1618 -44.082 -37.52 -27.677 -24.396 -17.834 -25.6538 -11.272 -11.2232 5.133 8.29646 14.976 18.257 18.257 12.1478 31.381 26.5452 28.1 28.1 -0.21648 -0.21648 34.662 40.7459 44.505 54.348 0 0 100.282
0 0 0 0 0 0 0 863.749 653.939 56.0949 490.956 -125.426 -245.773 -304.917 -329.712 -350.58 -360.618 -395.693 -365.855 -387.624 -368.062 -344.603 -338.329 -338.974 -338.974 -360.999 -382.686 -409.796 -416.818 -412.219 -395.498 -403.101 -393.327 -387.59 -380.847 -384.443 -382.862 -377.133 -364.955 -368.153 -353.892 -332.178 -298.292 -234.324 -205.844 -191.016 -191.016 -184.319 -181.102 -162.44 -92.7575 -46.7198 -40.801 -42.9202 -34.239 -27.677 -24.396 -15.6586 -14.553 -10.4856 -10.4856 -1.42899 5.133 8.414 14.976 24.819 22.4372 23.2755 23.2755 23.9152 29.4906 31.381 34.662 37.943 44.505 41.224 47.786 0 83.877
0 0 0 0 0 0 0 0 0 809.638 685.529 -67.9954 -202.681 -202.681 -251.158 -309.402 -383.258 -395.693 -419.248 -387.624 -359.289 -359.289 -320.709 -326.082 -342.775 -360.999 -387.246 -409.796 -406.919 -420.011 -414.217 -403.101 -395.681 -393.808 -387.352 -379.756 -380.949 -381.214 -377.295 -363.876 -353.837 -323.952 -323.952 -249.17 -217.426 -211.934 -201.293 -193.63 -192.082 -167.692 -167.692 -99.1284 -54.6253 -37.4558 -34.239 -32.7246 -38.2441 -20.2464 -16.0875 -12.1151 -7.991 -7.68499 2.92688 5.133 5.133 9.2604 14.976 14.976 21.538 -2.4414 28.1 21.538 28.1 24.819 34.662 41.224 51.067 67.472 77.315
0 0 0 0 0 0 0 0 0 0 0 810.258 469.15 12.8154 -252.431 -356.969 -415.571 -415.571 -433.367 -426.82 -378.368 -328.292 -328.8 -333.701 -369.07 -354.628 -359.611 -384.039 -400.358 -416.215 -416.075 -416.075 -402.829 -395.486 -385.684 -379.756 -370.832 -381.214 -372.606 -372.606 -360.677 -350.623 -309.234 -249.17 -220.138 -211.934 -239.857 -218.169 -203.816 -197.537 -166.327 -99.1284 -55.1553 -55.1553 -31.624 -20.7657 -19.6255 -1.57563 -6.95139 4.36001 4.36001 7.49641 -4.56742 5.56258 5.133 8.414 8.414 11.695 11.695 5.133 18.257 18.257 21.538 21.538 28.1 28.6375 41.224 47.786 57.5341
0 0 0 0 0 0 0 0 0 0 0 0 701.253 701.253 174.589 -213.579 -284.917 -390.878 -392.565 -430.187 -422.565 -377.108 -352.197 -372.665 -393.761 -371.181 -363.277 -377.001 -376.932 -396.096 -411.15 -410.547 -395.498 -392.357 -379.7 -379.7 -368.564 -369.734 -380.148 -372.68 -360.691 -348.485 -349.173 -310.705 -274.403 -248.581 -269.208 -235.513 -204.215 -204.215 -173.22 -139.806 -78.6284 -49.127 -26.2039 -20.7657 -1.64907 -1.64907 16.7315 18.2033 23.3309 7.49641 1.04777 5.56258 -12.2107 -4.02604 1.85199 5.133 8.414 5.133 14.976 14.976 14.976 18.257 18.257 28.1 37.943 41.224 41.224
0 0 0 0 0 0 0 0 0 0 0 0 0 777.882 174.589 -145.226 -284.917 -265.813 -349.195 -379.42 -389.882 -367.376 -311.381 -360.486 -342.572 -389.182 -386.594 -363.723 -378.109 -399.604 -405.481 -405.481 -388.74 -383.817 -371.963 -373.994 -368.291 -372.065 -381.625 -381.625 -372.152 -361.592 -352.159 -329.739 -300.141 -287.31 -295.17 -277.255 -235.369 -196.107 -132.726 -112.962 -69.4229 -69.4229 -36.879 -23.4032 -6.02675 9.85374 26.0739 29.4967 38.5741 32.2098 28.6838 4.21679 3.43666 -4.70999 -4.70999 1.85199 -14.553 -1.42899 5.133 11.695 11.695 11.695 18.257 18.257 21.538 31.381 34.662
0 0 0 0 0 0 0 0 0 0 0 0 0 0 831.172 586.583 -116.766 -275.768 -319.484 -370.304 -370.304 -338.611 -303.096 -282.84 -342.572 -383.254 -386.594 -359.117 -359.117 -378.764 -398.552 -387.14 -388.74 -365.359 -371.963 -355.853 -364.483 -375.676 -384.233 -384.425 -372.152 -358.398 -355.574 -342.596 -321.978 -304.594 -295.388 -271.96 -228.206 -228.206 -154.836 -110.273 -78.5591 -55.2732 -33.2687 -15.088 4.96334 4.96334 18.8074 32.4421 31.7449 32.815 32.3904 16.4309 28.5883 5.54762 -6.01059 -17.6697 -1.42899 1.85199 1.85199 1.85199 1.85199 5.133 5.133 14.976 14.976 24.819 21.538
0 0 0 0 0 0 0 0 0 0 0 0 0 0 869.061 552.957 -50.6961 -48.7617 -229.379 -282.498 -332.933 -269.682 -255.318 -268.535 -268.535 -328.177 -372.898 -375.023 -365.585 -375.35 -387.572 -367.259 -363.443 -351.717 -353.593 -353.031 -358.879 -399.453 -399.453 -383.187 -370.971 -358.058 -355.574 -335.103 -321.978 -304.953 -304.953 -288.308 -262.022 -218.967 -154.836 -103.82 -78.5591 -84.4661 -56.6904 -37.0109 -14.8502 -1.61079 18.8074 15.5165 15.5165 23.9805 34.1597 33.0685 32.3885 3.84975 4.95794 4.95794 -3.54984 -7.991 -7.991 -4.70999 -4.70999 1.85199 1.85199 1.85199 1.85199 11.695 18.257
0 0 0 0 0 0 0 0 0 0 0 0 0 0 0 0 481.3 -76.7443 -223.059 -246.845 -246.845 -199.008 -225.655 -250.664 -271.257 -329.237 -371.401 -383.162 -383.162 -364.044 -376.258 -349.962 -343.728 -343.41 -348.74 -343.388 -348.046 -347.627 -381.949 -346.834 -353.897 -350.162 -350.162 -331.563 -318.118 -297.884 -292.277 -285.08 -262.017 -257.436 -221.87 -178.15 -123.045 -88.4733 -61.3671 -45.092 -25.5106 -44.7066 -24.5115 -17.1992 7.22953 18.6304 34.1597 29.1648 29.1648 37.2532 21.3883 18.9998 -3.54984 -5.42846 -7.991 -13.9889 -4.70999 -7.991 -1.42899 -1.42899 1.85199 11.695 11.695
0 0 0 0 0 0 0 0 0 0 0 0 0 0 0 0 380.635 380.635 -22.5059 -219.064 -193.718 -199.008 -222.214 -250.664 -252.958 -271.033 -325.458 -372.205 -387.983 -411.898 -402.075 -374.576 -338.155 -332.687 -337.978 -343.952 -344.108 -339.365 -339.365 -340.197 -344.076 -339.604 -336.227 -308.091 -298.397 -288.67 -288.67 -280.034 -276.653 -252.894 -230.751 -193.559 -136.92 -151.645 -100.66 -90.1595 -62.0471 -65.1496 -40.8949 -26.2387 -26.2387 -11.6556 7.17999 22.5113 41.9016 36.1185 38.1966 46.1355 34.7764 41.8571 7.34232 -0.590149 -9.31164 -11.272 -7.991 -10.7183 -4.70999 1.85199 11.695
0 0 0 0 0 0 0 0 0 0 0 0 0 0 0 0 816.226 366.516 -23.392 -184.131 -138.736 -156.498 -184.423 -215.416 -255.579 -277.357 -323.533 -323.533 -354.834 -384.895 -402.316 -374.576 -327.136 -332.687 -338.812 -338.812 -348.75 -342.728 -344.557 -340.197 -339.753 -339.604 -325.648 -319.048 -292.372 -290.918 -282.628 -280.034 -266.188 -253.368 -242.619 -227.297 -199.621 -163.118 -121.487 -107.915 -107.915 -96.5841 -74.3218 -64.0401 -36.1891 -22.8959 0.266922 14.9628 14.9628 33.1958 35.1221 47.0893 51.9513 62.2332 32.5402 58.7802 31.3529 25.0506 -2.21732 -8.81005 -4.70999 5.133 5.133
0 0 0 0 0 0 0 0 0 0 0 0 0 0 0 0 0 722.283 297.096 -13.7007 -151.206 -192.596 -186.91 -232.346 -285.752 -260.167 -245.613 -316.175 -364.087 -387.142 -382.24 -382.24 -345.6 -320.814 -351.951 -351.551 -357.962 -353.591 -371.506 -357.327 -341.968 -334.502 -318.99 -307.549 -293.028 -288.704 -284.621 -277.754 -263.535 -253.368 -236.015 -227.297 -201.81 -201.81 -177.969 -137.705 -127.618 -96.5841 -91.9386 -64.0401 -77.2753 -46.8161 -32.5435 -5.39023 10.4779 33.1958 45.7687 45.7687 56.164 67.0121 67.0111 74.8546 60.993 71.4772 26.4292 65.5937 24.4647 17.8072 9.19438
0 0 0 0 0 0 0 0 0 0 0 0 0 0 0 0 0 616.915 312.868 -1.85995 56.7979 -48.1346 -139.01 -238.433 -345.245 -267.641 -277.215 -277.215 -374.912 -404.868 -453.094 -412.209 -386.526 -354.209 -363.213 -363.213 -363.656 -366.566 -380.915 -362.195 -341.021 -329.504 -326.865 -312.708 -298.285 -292.772 -277.919 -268.95 -252.378 -252.378 -243.869 -238.653 -236.082 -210.483 -191.416 -158.004 -178.385 -146.086 -137.393 -106.254 -86.2162 -57.6161 -42.6118 -16.2213 -19.5565 7.66056 21.4575 41.813 53.0517 67.0121 76.6368 76.6368 78.0682 80.6582 95.2641 65.5937 60.0627 17.8072 45.3344
0 0 0 0 0 0 0 0 0 0 0 0 0 0 0 0 0 0 372.719 314.835 56.7979 10.3234 -139.01 -330.617 -330.617 -392.058 -302.478 -332.791 -374.912 -443.413 -453.094 -469.498 -453.802 -418.59 -362.728 -356.441 -386.665 -385.379 -411.049 -376.874 -356.708 -340.138 -321.617 -307.683 -294.591 -294.591 -283.084 -274.212 -258.161 -251.099 -250.171 -243.711 -250.875 -250.875 -245.677 -213.284 -203.527 -171.525 -152.798 -120.449 -128.502 -94.4398 -71.369 -46.2131 -22.8336 0.732644 18.5516 18.5516 33.4318 45.9504 57.7142 73.1789 87.3084 96.0934 97.394 98.9467 109.148 88.5066 72.6413
0 0 0 0 0 0 0 0 0 0 0 0 0 0 0 0 0 0 560.148 507.396 507.396 111.646 -41.3539 -234.282 -389.407 -407.179 -346.131 -372.383 -357.919 -380.226 -434.533 -477.603 -484.352 -462.675 -462.675 -447.004 -407.037 -430.345 -411.049 -380.101 -356.708 -345.802 -345.802 -321.83 -303.645 -293.566 -283.084 -266.83 -258.161 -256.673 -246.682 -265.206 -264.169 -263.86 -245.677 -239.145 -254.878 -222.584 -196.13 -159.706 -133.472 -98.4725 -77.3077 -77.3077 -47.5487 -23.7948 -5.51258 14.6536 27.3072 41.128 58.8526 58.8526 70.8061 85.4871 96.3256 107.137 117.38 109.781 116.745
0 0 0 0 0 0 0 0 0 0 0 0 0 0 0 0 0 0 0 0 428.923 156.812 -31.8562 -176.106 -176.106 -319.008 -367.907 -417.494 -375.525 -362.242 -405.373 -367.874 -461.065 -513.013 -509.536 -489.8 -454.571 -454.208 -454.208 -433.564 -390.497 -385.857 -356.37 -334.03 -307.23 -314.454 -297.457 -284.065 -266.263 -257.592 -261.693 -270.785 -269.013 -271.818 -265.805 -264.665 -254.878 -226.803 -196.13 -164.157 -164.157 -136.476 -104.19 -76.0588 -47.5487 -26.0135 -5.51258 -9.65691 6.28823 20.0068 38.7958 54.0248 70.8061 86.6789 86.6789 96.0044 108.019 120.597 124.104
0 0 0 0 0 0 0 0 0 0 0 0 0 0 0 0 0 0 0 0 0 447.625 442.082 63.1189 -75.9994 -310.945 -425.91 -461.365 -446.814 -364.572 -309.38 -355.034 -450.458 -486.118 -486.118 -481.644 -487.429 -484.55 -471.863 -451.898 -414.612 -397.436 -397.436 -382.884 -344.532 -322.436 -303.656 -301.877 -264.955 -273.529 -259.915 -266.997 -273.31 -269.123 -270.619 -262.567 -262.567 -238.613 -221.68 -200.863 -169.243 -131.277 -105 -109.112 -80.1945 -49.9953 -27.0847 -14.3672 0.634862 15.5076 30.917 27.5942 46.9837 61.4678 81.442 91.508 106.659 118.176 118.176
0 0 0 0 0 0 0 0 0 0 0 0 0 0 0 0 0 0 0 0 0 0 383.592 383.592 216.705 -69.1558 -353.641 -461.365 -461.099 -364.572 -295.722 -295.722 -382.676 -453.221 -468.05 -481.644 -482.144 -484.55 -487.776 -480.56 -458.716 -431.946 -414.599 -393.895 -355.606 -360.207 -332.874 -360.083 -344.585 -277.294 -259.989 -267.02 -267.02 -263.394 -258.39 -250.393 -247.107 -231.42 -218.708 -205.205 -205.205 -164.872 -138.078 -104.769 -79.5657 -44.5934 -28.0731 -33.1987 -17.7925 -1.7126 14.2584 25.1383 44.5116 59.0743 59.0743 76.072 90.6943 103.624 117.669
0 0 0 0 0 0 0 0 0 0 0 0 0 0 0 0 0 0 0 0 0 0 0 584.991 141.126 -151.431 -384.556 -384.556 -437.415 -444.842 -381.967 -339.228 -393.13 -447.258 -444.944 -462.283 -472.807 -481.473 -482.741 -480.422 -463.376 -449.212 -453.254 -426.936 -393.744 -360.207 -332.659 -360.083 -325.929 -325.929 -280.705 -270.546 -268.868 -263.394 -255.469 -250.393 -248.477 -242.191 -226.319 -213.441 -191.065 -164.872 -131.448 -131.448 -102.255 -71.6929 -49.2704 -45.081 -24.9089 -9.42324 9.50857 3.10947 23.535 40.8145 57.8478 75.897 91.1283 107.628 107.628
0 0 0 0 0 0 0 0 0 0 0 0 0 0 0 0 0 0 0 0 0 0 0 0 0 300.559 -256.114 -380.396 -393.299 -403.13 -379.234 -379.234 -382.147 -407.457 -438.649 -457.654 -468.496 -478.667 -470.34 -476.059 -470.384 -461.643 -448.109 -423.879 -387.594 -387.594 -359.648 -337.875 -336.73 -308.731 -287.081 -277.144 -280.38 -269.232 -263.119 -253.758 -247.321 -236.043 -209.098 -204.93 -194.806 -176.662 -146.718 -127.218 -93.8455 -71.6929 -57.2551 -57.2551 -46.8983 -32.3341 -15.5108 3.10947 19.5407 40.8145 37.517 56.7776 75.4642 91.0243 104.819
0 0 0 0 0 0 0 0 0 0 0 0 0 0 0 0 0 0 0 0 0 0 0 0 0 0 -256.114 -236.313 -328.24 -387.112 -383.701 -382.714 -383.023 -410.133 -407.229 -440.123 -453.635 -461.959 -469.018 -469.539 -457.565 -457.565 -447.938 -437.474 -410.768 -389.394 -369.78 -340.994 -327.512 -327.512 -308.187 -294.092 -284.299 -272.768 -271.59 -264.365 -269.939 -251.362 -217.71 -204.138 -187.662 -166.684 -144.669 -144.669 -112.918 -92.6511 -81.024 -64.0288 -53.2873 -37.8876 -40.9299 -21.7842 -4.76779 16.806 38.8298 58.9665 76.1015 92.0663 91.7255
0 0 0 0 0 0 0 0 0 0 0 0 0 0 0 0 0 0 0 0 0 0 0 0 0 0 0 -258.762 -337.755 -379.762 -383.701 -382.998 -380.763 -357.158 -407.229 -439.571 -453.635 -463.008 -463.008 -464.895 -459.107 -440.442 -447.938 -424.611 -410.768 -407.649 -390.774 -368.972 -334.618 -327.481 -308.187 -297.159 -307.033 -290.827 -286.53 -275.513 -264.623 -242.03 -212.766 -201.408 -203.488 -182.416 -160.423 -141.325 -115.092 -99.977 -93.7623 -93.7623 -81.0677 -57.5458 -41.63 -25.3536 -0.71161 19.7737 21.4631 41.6612 61.2502 76.035 93.6189
0 0 0 0 0 0 0 0 0 0 0 0 0 0 0 0 0 0 0 0 0 0 0 0 0 0 246.412 -20.0942 -311.44 -358.837 -371.182 -375.547 -356.614 -356.206 -356.206 -397.859 -430.571 -454.193 -466.878 -450.741 -440.498 -424.987 -427.401 -417.735 -414.62 -407.252 -386.805 -363.79 -340.666 -344.576 -330.487 -322.984 -307.033 -297.987 -286.53 -270.554 -270.554 -255.964 -234.314 -217.096 -203.488 -179.836 -160.423 -163.301 -144.151 -123.48 -108.809 -101.581 -81.0677 -60.3331 -60.3331 -41.4544 -20.2253 -0.66319 23.2542 41.8716 62.6865 77.2621 76.0699
0 0 0 0 0 0 0 0 0 0 0 0 0 0 0 0 0 0 0 0 0 0 0 0 0 0 344.639 -34.6428 -313.3 -347.341 -347.341 -342.532 -319.746 -272.348 -330.825 -377.724 -420.58 -480.473 -480.473 -472.092 -442.109 -416.365 -415.074 -409.665 -411.058 -411.853 -406.012 -388.409 -363.472 -349.381 -334.483 -334.85 -334.85 -323.047 -307.397 -297.082 -274.231 -258.787 -236.965 -242.157 -221.12 -204.253 -184.72 -168.142 -147.178 -130.335 -114.444 -118.75 -104.001 -82.0674 -61.2462 -37.3139 -20.2253 2.55242 2.55242 28.2188 43.5063 60.7527 76.0699
0 0 0 0 0 0 0 0 0 0 0 0 0 0 0 0 0 0 0 0 0 0 0 0 0 0 280.737 280.737 -68.7371 -297.633 -345.196 -342.532 -260.238 -272.348 -252.82 -300.738 -365.624 -425.749 -503.883 -474.966 -436.976 -441.909 -411.105 -407.2 -409.73 -416.718 -408.381 -396.262 -370.976 -372.93 -352.844 -341.681 -333.999 -328.58 -314.013 -308.742 -308.742 -293.053 -265.943 -252.392 -228.751 -212.603 -188.192 -194.198 -171.591 -160.844 -140.189 -125.354 -103.68 -83.7986 -83.7986 -56.1078 -34.5348 -9.91505 8.05544 30.0882 45.9195 64.224 64.224
