gis_data/PP1766_DIS_Layer6_Top_ASCII.txt
ncols         308
nrows         431
xllcorner     -321143.35392317
yllcorner     1277883.4776336
cellsize      1609.334
NODATA_value  -9999
[rows 315 to 349 of 431, columns 158 to 236 of 308]
0 0 0 0 0 0 0 0 0 0 0 0 0 0 0 0 0 0 0 0 0 0 0 0 0 0 359.599 164.218 -78.5049 -271.55 -211.774 -295.83 -268.36 -265.972 -285.594 -320.749 -408.923 -506.549 -541.44 -562.399 -517.775 -480.799 -451.178 -448.178 -457.356 -457.356 -476.426 -494.736 -464.616 -436.047 -418.524 -416.986 -415.094 -415.218 -410.471 -399.03 -395.041 -372.566 -358.755 -373.095 -347.303 -325.344 -292.54 -259.321 -225.113 -208.473 -181.04 -186.518 -156.033 -135.724 -108.845 -72.6847 -50.5574 -28.9625 -28.9625 -4.48895 11.5285 29.8431 43.7038
0 0 0 0 0 0 0 0 0 0 0 0 0 0 0 0 0 0 619.395 619.395 559.379 600.275 521.127 0 0 0 352.195 352.195 140.965 -32.287 -103.848 -231.377 -221.106 -253.893 -230.742 -298.152 -367.704 -405.57 -547.378 -570.211 -557.207 -557.207 -492.391 -449.161 -437.2 -449.163 -458.551 -487.725 -477.133 -449.115 -436.657 -418.492 -418.526 -415.456 -415.57 -409.562 -414.179 -409.365 -394.552 -373.095 -357.508 -325.344 -294.861 -294.861 -261.318 -229.581 -214.646 -186.518 -159.791 -135.724 -132.852 -102.913 -71.7908 -50.2717 -24.3205 -4.48895 14.2283 14.2283 30.1629
0 0 0 0 0 0 0 0 0 0 0 0 0 0 0 0 0 0 622.625 541.217 559.379 516.309 521.127 459.673 499.71 0 0 304.547 168.359 74.5316 145.579 46.6411 46.7912 -96.9528 -216.483 -335.785 -414.272 -414.272 -494.523 -546.939 -527.93 -542.43 -456.591 -441.22 -437.756 -437.756 -458.836 -451.037 -483.822 -460.812 -448.299 -429.583 -439.45 -423.545 -426.103 -423.354 -423.302 -416.651 -402.037 -402.037 -374.41 -356.931 -335.689 -307.368 -279.733 -251.984 -263.263 -231.603 -194.935 -159.632 -130.663 -99.9047 -64.4473 -44.635 -39.8011 -21.8094 -1.92227 16.4827 27.1201
0 0 0 0 0 0 0 0 0 0 0 0 0 0 0 0 0 0 0 0 479.03 426.731 453.655 403.415 398.469 0 0 337.828 300.929 187.553 145.579 147.299 46.7912 -3.90677 -3.90677 -236.1 -396.749 -440.472 -494.523 -497.065 -527.93 -445.113 -469.381 -449.345 -438.853 -444.15 -454.109 -460.23 -485.9 -491.972 -497.793 -469.171 -438.35 -429.102 -428.158 -427.462 -433.279 -429.57 -422.553 -406.863 -387.727 -360.862 -353.2 -353.2 -329.548 -293.028 -270.335 -235.494 -199.958 -162.282 -173.456 -132.311 -91.7304 -61.9507 -43.3234 -21.9607 -6.2935 -6.2935 7.87958
0 0 0 0 0 0 0 0 0 0 0 0 0 0 0 0 0 0 0 457.398 439.355 390.291 396.853 347.638 341.076 298.423 344.357 236.084 211.365 182.384 182.384 169.576 147.497 118.364 10.589 -286.221 -420.273 -446.333 -533.992 -498.593 -448.124 -468.084 -473.956 -448.494 -440.57 -449.154 -445.296 -457.817 -485.9 -495.738 -497.793 -464.652 -464.652 -435.798 -428.727 -436.688 -433.279 -429.619 -422.553 -433.457 -415.267 -410.644 -378.781 -361.952 -329.548 -302.693 -323.359 -284.052 -251.463 -211.838 -175.65 -131.708 -98.5286 -65.9447 -71.207 -46.0251 -25.6207 -6.22656 8.97556
-9999 0 0 0 0 0 0 0 0 0 0 0 0 0 0 0 0 0 0 0 439.692 370.605 360.09 327.952 314.828 288.213 288.213 268.894 261.185 298.864 196.644 173.745 150.778 116.133 116.133 -44.4149 -303.762 -469.307 -539.476 -490.454 -463.999 -524.095 -513.181 -464.026 -451.259 -459.078 -460.256 -487.043 -487.043 -520.288 -504.821 -472.636 -436.183 -441.156 -443.041 -447.822 -446.475 -456.745 -446.503 -458.166 -435.039 -428.218 -397.74 -415.334 -379.781 -362.653 -323.359 -289.907 -251.463 -213.952 -213.952 -177.771 -137.33 -101.697 -71.207 -47.8675 -25.6207 -24.4277 -6.4294
-9999 -9999 0 0 0 0 0 0 0 0 0 0 0 0 0 0 0 0 0 0 403.362 370.605 344.357 344.357 321.39 304.985 288.58 268.894 321.39 298.864 314.904 200.968 173.745 131.092 108.125 -74.7042 -362.268 -369.448 -474.363 -474.794 -476.349 -520.065 -498.914 -462.583 -451.441 -446.069 -459.837 -515.916 -496.543 -516.763 -504.918 -465.373 -465.373 -451.135 -440.479 -447.073 -460.304 -478.008 -473.392 -499.928 -482.349 -477.684 -448.161 -439.481 -401.123 -373.2 -373.2 -340.336 -295.951 -257.016 -220.128 -176.447 -136.432 -97.7934 -97.7934 -65.6506 -43.8374 -21.0815 -0.982681
-9999 -9999 0 0 0 0 0 0 0 0 0 0 0 0 0 0 0 0 0 0 0 390.291 360.762 341.076 327.952 303.51 308.266 288.58 275.456 271.273 245.927 212.648 177.468 131.092 154.059 80.851 -129.588 -369.448 -477.711 -474.794 -502.7 -502.7 -518.78 -492.946 -470.145 -446.069 -497.533 -515.916 -554.307 -510.391 -535.11 -512.556 -498.091 -501.597 -455.771 -471.432 -462.18 -473.465 -494.826 -518.843 -496.674 -504.581 -477.468 -511.905 -472.439 -413.765 -372.18 -335.806 -296.736 -255.898 -255.898 -202.933 -166.068 -119.192 -91.2279 -59.3586 -41.6916 -35.5155 -17.04
-9999 -9999 -9999 0 0 0 0 0 0 0 0 0 0 0 0 0 0 0 0 0 0 496.733 448.832 448.832 366.135 336.087 324.671 288.58 295.142 275.374 308.266 291.966 308.266 206.607 180.307 95.8693 -183.654 -183.654 -414.839 -466.759 -481.789 -507.492 -526.844 -497.919 -488.884 -472.096 -500.563 -548.679 -598.93 -564.88 -580.488 -538.443 -595.78 -578.097 -538.637 -471.432 -467.756 -473.465 -501.697 -501.697 -523.205 -523.083 -546.548 -511.905 -458.229 -413.765 -383.804 -358.864 -327.875 -295.67 -244.896 -202.933 -152.671 -152.671 -110.814 -78.2319 -55.6542 -25.4599 -10.3191
-9999 -9999 -9999 0 0 0 0 0 0 0 0 0 0 0 0 0 0 0 0 0 0 0 0 0 0 404.851 493.562 329.409 324.671 314.828 453.787 425.658 428.924 268.894 325.163 192.199 -2.51148 -242.202 -430.345 -464.098 -508.33 -508.33 -513.287 -506.045 -485.465 -484.664 -551.852 -585.085 -628.934 -632.907 -627.502 -607.769 -644.086 -628.356 -550.91 -550.91 -528.644 -482.274 -492.918 -505.943 -529.545 -548.171 -541.44 -541.44 -508.886 -425.181 -382.226 -346.238 -298.45 -294.348 -268.668 -230.757 -166.869 -139.853 -103.647 -78.2319 -46.6241 -46.6241 -20.3348
-9999 -9999 -9999 -9999 0 0 0 0 0 0 0 0 0 0 0 0 0 0 0 0 0 0 0 0 0 0 493.562 389.29 324.671 347.638 347.638 606.882 486.981 418.06 325.163 205.041 -2.51148 -97.5103 -311.905 -417.681 -456.003 -499.411 -490.029 -487.713 -492.449 -503.688 -589.896 -607.961 -654.904 -655.698 -656.207 -646.212 -684.848 -679.21 -652.74 -603.174 -579.687 -517.453 -512.519 -512.519 -542.968 -544.22 -563.61 -549.693 -512.892 -435.805 -448.727 -391.457 -340.193 -296.41 -249.615 -204.582 -161.256 -161.256 -123.648 -94.2717 -59.9956 -38.1757 -17.7293
-9999 -9999 -9999 -9999 -9999 0 0 0 0 0 0 0 0 0 0 0 0 0 0 0 0 0 0 0 0 0 0 0 475.805 390.024 410.506 612.224 0 0 0 0 186.246 -165.265 -296.367 -380.09 -456.003 -450.995 -486.896 -488.427 -492.449 -543.793 -589.896 -634.85 -634.85 -667.464 -669.604 -688.427 -684.848 -661.53 -652.74 -620.781 -616.471 -599.789 -537.742 -560.797 -542.968 -548.927 -534.686 -544.756 -526.102 -506.195 -421.967 -385.507 -333.024 -285.551 -275.967 -240.357 -207.497 -165.248 -132.506 -87.6478 -57.4133 -57.4133 -32.0596
-9999 -9999 -9999 -9999 -9999 0 0 0 0 0 0 0 0 0 0 0 0 0 0 0 0 0 0 0 0 0 0 0 415.428 432.944 432.944 456.923 604.237 0 0 0 327.278 192.682 -77.7125 -255.568 -365.999 -431.787 -486.426 -509.129 -509.129 -550.891 -548.366 -565.145 -628.686 -672.553 -694.895 -708.796 -708.796 -668.36 -633.892 -640.706 -627.384 -666.586 -598.193 -688.18 -623.102 -559.032 -534.686 -537.975 -526.102 -457.735 -457.735 -393.661 -365.512 -318.624 -275.967 -246.967 -207.497 -221.612 -181.23 -139.805 -92.1747 -58.7886 -32.0596
-9999 -9999 -9999 -9999 -9999 -9999 0 0 0 0 0 0 0 0 0 0 0 0 0 0 0 0 0 0 0 0 0 0 0 546.928 462.473 473.45 647.777 629.45 0 0 0 0 9.29388 -193.777 -354.002 -320.427 -452.11 -563.182 -579.512 -581.82 -556.039 -581.754 -581.754 -650.714 -693.91 -749.423 -727.609 -699.192 -659.26 -723.397 -708.35 -759.944 -739.258 -747.998 -664.845 -582.914 -582.914 -564.515 -548.066 -514.642 -440.776 -372.537 -360.431 -294.199 -294.199 -265.429 -257.646 -240.201 -194.261 -140.121 -93.5014 -88.0331 -53.7068
-9999 -9999 -9999 -9999 -9999 -9999 0 0 0 0 0 0 0 0 0 0 0 0 0 0 0 0 0 0 0 0 0 0 677.215 546.928 524.812 483.977 475.597 629.45 672.58 0 0 0 0 71.1429 -105.529 -320.427 -422.991 -563.182 -555.544 -596.216 -602.391 -584.846 -622.067 -655.564 -684.228 -643.545 -697.69 -718.339 -737.791 -761.165 -762.078 -787.808 -785.116 -785.679 -770.307 -696.141 -610.494 -586.07 -559.316 -537.506 -537.506 -377.678 -337.798 -342.779 -279.009 -315.223 -283.628 -283.681 -235.668 -178.582 -131.095 -84.3388 -49.4504
-9999 -9999 -9999 -9999 -9999 -9999 -9999 0 0 0 0 0 0 0 0 0 0 0 0 0 0 0 0 0 0 0 0 0 0 620.139 568.396 501.845 469.035 469.035 496.504 669.829 0 0 0 0 0 -54.2975 -217.838 -407.919 -494.23 -586.977 -608.65 -602.138 -627.521 -649.683 -637.768 -643.545 -662.755 -718.339 -753.663 -753.663 -764.061 -776.063 -781.85 -785.679 -739.479 -696.141 -672.162 -623.381 -599.111 -577.071 -497.146 -377.678 -340.327 -392.981 -387.434 -402.732 -349.225 -260.345 -223.419 -173.429 -129.57 -129.976 -87.5265
-9999 -9999 -9999 -9999 -9999 -9999 -9999 0 0 0 0 0 0 0 0 0 0 0 0 0 0 0 0 0 0 0 0 0 0 811.148 0 592.1 530.034 468.28 449.937 523.841 656.158 656.158 0 0 0 0 -205.999 -367.673 -374.873 -492.294 -568.004 -613.479 -625.68 -640.791 -601.358 -601.358 -604.918 -648.209 -703.133 -745.87 -752.633 -766.15 -746.194 -746.194 -697.908 -687.836 -658.007 -621.282 -602.238 -578.415 -563.561 -449.613 -361.215 -392.981 -447.644 -402.732 -303.136 -303.136 -252.064 -217.412 -172.849 -129.976 -85.9408
-9999 -9999 -9999 -9999 -9999 -9999 -9999 -9999 0 0 0 0 0 0 0 0 0 0 0 0 0 0 0 0 0 0 0 0 0 0 0 679.474 530.034 560.443 492.002 417.83 380.625 527.523 547.518 0 0 0 0 -159.089 -388.35 -500.595 -564.852 -606.476 -593.086 -611.021 -553.348 -566.406 -612.129 -654.327 -699.841 -699.841 -714.878 -731.141 -705.707 -709.165 -673.891 -667.712 -658.249 -639.91 -606.903 -596.372 -536.693 -419.862 -419.651 -419.651 -564.147 -487.652 -380.43 -295.836 -257.296 -214.71 -175.315 -175.315 -126.799
-9999 -9999 -9999 -9999 -9999 -9999 -9999 -9999 -9999 0 0 0 0 0 0 0 0 0 0 0 0 0 0 0 0 0 0 0 0 0 0 0 738.676 815.978 478.694 383.6 380.625 349.091 403.708 500.699 0 0 0 -163.565 -163.565 -394.389 -498.883 -542.981 -593.086 -546.645 -553.348 -535.836 -567.734 -645.048 -669.143 -697.352 -708.806 -707.889 -689.262 -686.729 -684.784 -665.936 -648.439 -626.239 -602.681 -584.21 -581.883 -524.501 -506.069 -521.031 -573.483 -486.948 -374.99 -374.99 -319.372 -263.91 -228.962 -176.93 -116.821
-9999 -9999 -9999 -9999 -9999 -9999 -9999 -9999 -9999 0 0 0 0 0 0 0 0 0 0 0 0 0 0 0 0 0 0 0 0 0 0 0 0 0 689.891 480.129 399.501 304.382 354.2 454.107 454.107 647.432 0 0 -192.491 -392.958 -493.862 -507.919 -507.919 -508.625 -520.4 -569.898 -609.856 -680.143 -688.465 -711.358 -711.597 -700.355 -689.262 -687.698 -684.784 -666.177 -666.177 -648.198 -615.71 -603.64 -581.883 -553.788 -506.069 -569.928 -572.665 -535.762 -449.06 -369.604 -319.372 -274.168 -233.512 -233.512 -174.251
-9999 -9999 -9999 -9999 -9999 -9999 -9999 -9999 -9999 -9999 0 0 0 0 0 0 0 0 0 0 0 0 0 0 0 0 0 0 0 0 0 0 0 0 0 461.817 366.685 342.555 278.737 267.32 420.545 0 0 0 0 -266.783 -378.659 -456.792 -485.923 -531.338 -554.533 -607.14 -631.681 -702.634 -714.612 -724.501 -709.761 -686.526 -686.526 -673.262 -680.934 -663.773 -667.299 -602.921 -607.354 -598.151 -598.151 -595.228 -586.74 -578.152 -574.482 -512.936 -429.913 -441.009 -373.208 -338.073 -288.516 -235.134 -174.251
-9999 -9999 -9999 -9999 -9999 -9999 -9999 -9999 -9999 -9999 0 0 0 0 0 0 0 0 0 0 0 0 0 0 0 0 0 0 0 0 0 0 0 0 0 0 0 342.555 245.927 267.32 254.071 499.498 0 0 0 -335.11 -425.519 -459.872 -495.01 -591.002 -593.647 -692.366 -688.889 -752.4 -744.189 -748.406 -715.973 -681.045 -675.31 -659.479 -661.024 -628.487 -628.487 -573.704 -547.716 -516.379 -567.356 -563.443 -578.006 -542.004 -564.246 -535.61 -508.789 -434.046 -381.101 -342.572 -342.572 -284.205 -228.994
-9999 -9999 -9999 -9999 -9999 -9999 -9999 -9999 -9999 -9999 -9999 0 0 0 0 0 0 0 0 0 0 0 0 0 0 0 0 0 0 0 0 0 0 0 0 0 0 0 262.332 213.117 260.569 513.895 0 0 0 0 -378.608 -459.872 -555.995 -591.002 -692.79 -692.79 -771.008 -753.647 -773.78 -748.406 -701.616 -681.045 -669.076 -661.732 -655.582 -645.925 -607.754 -551.556 -509.24 -465.838 -465.838 -447.564 -508.612 -490.067 -530.643 -505.774 -484.075 -450.103 -420.215 -367.005 -331.812 -259.617 -215.626
-9999 -9999 -9999 -9999 -9999 -9999 -9999 -9999 -9999 -9999 -9999 -9999 0 0 0 0 0 0 0 0 0 0 0 0 0 0 0 0 0 0 0 0 0 0 0 0 0 0 262.332 190.15 180.307 261.115 417.292 0 0 0 -407.062 -407.062 -522.361 -609.217 -706.515 -755.405 -772.989 -780.747 -765.286 -765.286 -743.477 -699.093 -677.637 -656.177 -699.294 -659.349 -619.827 -587.098 -519.869 -476.316 -411.427 -447.564 -433.674 -433.674 -424.004 -484.962 -461.182 -450.103 -399.196 -367.005 -341.592 -303.28 -230.54
-9999 -9999 -9999 -9999 -9999 -9999 -9999 -9999 -9999 -9999 -9999 -9999 0 0 0 0 0 0 0 0 0 0 0 0 0 0 0 0 0 0 0 0 0 0 600.275 0 0 0 0 242.41 159.811 257.412 354.942 0 0 0 -295.777 -429.865 -550.123 -645.428 -727.019 -727.019 -733.713 -753.813 -760.341 -772.694 -765.136 -720.809 -733 -715.87 -678.6 -662.327 -552.432 -549.773 -468.749 -468.749 -347.878 -329.834 -280.189 -353.368 -354.876 -422.85 -406.83 -406.83 -373.622 -369.884 -320.6 -275.627 -192.862
-9999 -9999 -9999 -9999 -9999 -9999 -9999 -9999 -9999 -9999 -9999 -9999 -9999 0 0 0 0 0 0 0 0 0 0 0 0 0 0 0 0 0 0 0 0 0 654.285 528.093 0 0 0 221.553 221.553 157.34 221.623 302.173 0 0 -295.777 -371.878 -457.978 -582.531 -671.145 -716.105 -720.436 -749.376 -762.47 -762.47 -758.416 -755.506 -675.35 -677.555 -574.985 -564.566 -475.335 -482.95 -417.391 -396.526 -266.274 -252.769 -240.206 -240.206 -197.462 -256.058 -283.746 -346.187 -324.767 -331.195 -292.401 -285.7 -199.951
-9999 -9999 -9999 -9999 -9999 -9999 -9999 -9999 -9999 -9999 -9999 -9999 -9999 0 0 0 0 0 0 0 0 0 0 0 0 0 0 0 0 0 0 0 0 0 512.234 470.397 470.397 0 0 0 213.117 144.11 145.187 231.612 231.612 0 0 -409.431 -496.121 -604.139 -671.145 -672.24 -704.237 -722.924 -741.087 -746.714 -758.416 -688.194 -688.194 -592.128 -585.101 -480.492 -475.335 -416.152 -417.391 -352.962 -311.835 -247.277 -233.672 -218.648 -197.462 -202.383 -230.012 -230.012 -239.8 -278.598 -254.957 -240.264 -175.114
-9999 -9999 -9999 -9999 -9999 -9999 -9999 -9999 -9999 -9999 -9999 -9999 -9999 -9999 0 0 0 0 0 0 0 0 0 0 0 0 0 0 0 0 0 0 0 0 0 475.514 439.506 406.696 0 0 0 0 134.373 135.702 85.158 52.348 -166.884 -256.176 -472.065 -558.971 -608.385 -653.826 -701.336 -731.445 -731.445 -731.008 -723.861 -616.809 -596.777 -521.213 -500.666 -409.267 -409.267 -350.272 -363.668 -306.483 -276.925 -234.536 -226.139 -223.659 -215.231 -189.763 -185.607 -189.923 -239.8 -242.277 -242.277 -206.535 -203.037
-9999 -9999 -9999 -9999 -9999 -9999 -9999 -9999 -9999 -9999 -9999 -9999 -9999 -9999 -9999 0 0 0 0 0 0 0 0 0 0 0 0 0 0 0 0 0 0 0 0 475.514 438.299 377.167 377.167 0 0 0 144.216 167.183 228.966 0 0 -371.747 -491.904 -550.072 -601.691 -590.589 -647.064 -714.838 -736.847 -732.399 -667.156 -556.302 -556.302 -484.665 -459.384 -369.715 -348.437 -309.569 -318.194 -264.719 -258.677 -235.534 -228.698 -220.148 -209.8 -175.328 -166.054 -137.633 -156.362 -159.696 -191.982 -144.959 -151.71
-9999 -9999 -9999 -9999 -9999 -9999 -9999 -9999 -9999 -9999 -9999 -9999 -9999 -9999 -9999 0 0 0 0 0 0 0 0 0 0 0 0 0 0 0 0 0 0 0 0 514.697 403.961 377.167 357.481 0 0 0 0 167.183 341.873 0 0 0 -398.519 -475.369 -530.444 -590.589 -652.846 -714.838 -716.699 -747.23 -705.471 -608.754 -520.32 -454.768 -412.914 -329.9 -329.9 -276.855 -263.308 -224.262 -233.017 -224.786 -230.319 -223.981 -215.318 -168.77 -140.164 -99.8453 -132.692 -130 -130 -117.903 -120.802
-9999 -9999 -9999 -9999 -9999 -9999 -9999 -9999 -9999 -9999 -9999 -9999 -9999 -9999 -9999 -9999 0 0 0 0 0 0 0 0 0 0 0 0 0 0 0 0 0 0 0 471.875 472.316 397.758 341.076 333.194 0 0 199.993 199.993 310.944 0 0 0 -398.637 -444.427 -506.001 -506.001 -578.851 -660.694 -708.247 -736.9 -678.401 -584.496 -583.264 -510.559 -423.67 -376.855 -303.351 -276.855 -228.152 -228.152 -183.413 -207.191 -207.404 -223.981 -190.999 -168.77 -117.967 -77.9044 -62.2871 -104.493 -109.473 -117.903 -101.783
-9999 -9999 -9999 -9999 -9999 -9999 -9999 -9999 -9999 -9999 -9999 -9999 -9999 -9999 -9999 -9999 0 0 0 0 0 0 0 0 0 0 0 0 0 0 0 0 0 0 0 0 450.588 377.882 318.109 302.496 295.142 259.051 213.117 209.836 324.371 0 0 0 0 -375.427 -421.513 -495.288 -594.649 -659.632 -655.94 -692.374 -684.127 -661.997 -560.001 -496.87 -394.009 -394.009 -317.883 -273.272 -201.288 -188.665 -154.809 -176.796 -162.699 -162.699 -143.244 -146.325 -47.6017 -25.2499 -69.8071 -95.1028 -99.6482 -99.7268 -82.8815
-9999 -9999 -9999 -9999 -9999 -9999 -9999 -9999 -9999 -9999 -9999 -9999 -9999 -9999 -9999 -9999 -9999 0 0 0 0 0 0 0 0 0 0 0 0 0 0 0 0 0 0 0 0 0 360.762 327.952 295.142 0 213.117 191.414 215.955 247.373 114.339 0 -241.697 -352.837 -460.883 -460.883 -550.411 -606.158 -647.181 -676.09 -653.033 -617.673 -553.075 -511.207 -409.001 -362.608 -282.101 -243.453 -168.891 -168.891 -146.934 -141.765 -121.39 -126.641 -92.9714 -80.6123 -51.8935 -38.6728 -106.673 -109.144 -94.4448 -86.8804 -67.4416
-9999 -9999 -9999 -9999 -9999 -9999 -9999 -9999 -9999 -9999 -9999 -9999 -9999 -9999 -9999 -9999 -9999 0 0 0 0 0 0 0 0 0 0 0 0 0 0 0 0 0 0 0 0 489.007 396.853 0 0 0 253.479 180.712 223.101 165.637 114.339 100.253 5.23476 -226.162 -363.211 -487.548 -550.411 -606.131 -606.131 -629.678 -651.391 -591.722 -553.075 -444.857 -409.001 -346.97 -319.894 -260.295 -222.287 -162.754 -131.573 -125.252 -90.2424 -90.2424 -63.9602 -55.7121 -59.9627 -89.0237 -115.428 -107.057 -88.9969 -77.9358 -54.1851
-9999 -9999 -9999 -9999 -9999 -9999 -9999 -9999 -9999 -9999 -9999 -9999 -9999 -9999 -9999 -9999 -9999 -9999 0 0 0 0 0 0 0 0 0 0 0 0 0 0 0 0 0 0 0 0 0 0 0 0 198.211 196.56 183.65 167.183 147.497 121.249 10.0459 -224.181 -224.181 -320.572 -467.873 -500.471 -576.615 -565.955 -594.598 -495.929 -495.929 -388.932 -370.647 -293.015 -281.314 -240.846 -206.001 -170.628 -140.156 -108.865 -100.883 -71.4252 -63.9602 -53.4781 -53.4781 -89.12 -116.363 -98.775 -88.9969 -60.6166 -54.1851
