gis_data/PP1766_DIS_Layer4_Top_ASCII.txt
ncols         308
nrows         431
xllcorner     -321143.35392317
yllcorner     1277883.4776336
cellsize      1609.334
NODATA_value  -9999
[rows 315 to 349 of 431, columns 158 to 236 of 308]
0 0 0 0 0 0 0 0 0 0 0 0 0 0 0 0 0 0 0 0 0 0 0 0 0 0 361.599 166.218 -76.5049 -269.55 -209.774 -293.83 -266.36 -263.972 -283.594 -297.616 -370.177 -466.315 -501.43 -522.738 -485.268 -441.909 -415.465 -407.2 -409.128 -409.128 -418.949 -414.82 -397.085 -372.93 -354.651 -341.681 -343.202 -338.185 -336.552 -326.049 -316.997 -293.053 -278.247 -292.592 -267.407 -245.533 -216.087 -197.17 -175.563 -170.997 -149.552 -155.481 -128.221 -108.977 -83.9234 -48.5432 -27.9223 -6.71085 -6.71085 17.4883 32.7565 50.9043 64.4023
0 0 0 0 0 0 0 0 0 0 0 0 0 0 0 0 0 0 621.395 621.395 561.379 602.275 523.127 0 0 0 354.195 354.195 142.965 -30.287 -101.848 -229.377 -219.106 -251.893 -228.742 -296.152 -365.704 -369.684 -517.762 -534.9 -536.422 -536.422 -466.838 -419.402 -411.338 -414.146 -419.595 -423.112 -438.681 -391.346 -374.391 -354.906 -348.91 -342.369 -339.005 -333.016 -334.868 -328.283 -312.908 -292.592 -277.557 -245.533 -219.209 -219.209 -200.392 -181.89 -174.232 -155.481 -130.252 -108.977 -103.903 -76.7647 -46.3184 -26.6723 -1.21092 17.4883 35.8801 35.8801 51.3616
0 0 0 0 0 0 0 0 0 0 0 0 0 0 0 0 0 0 624.625 543.217 561.379 518.309 523.127 461.673 501.71 0 0 306.547 170.359 76.5316 147.579 48.6411 48.7912 -94.9528 -214.483 -333.785 -412.272 -412.272 -461.82 -510.622 -506.845 -522.43 -433.822 -417.221 -414.62 -414.62 -419.737 -429.012 -452.65 -403.77 -381.287 -360.866 -364.724 -350.844 -347.465 -343.247 -341.272 -333.805 -320.719 -320.719 -294.636 -277.03 -255.526 -228.929 -214.991 -195.308 -198.526 -174.924 -152.588 -126.401 -98.7839 -71.7898 -37.4443 -19.9076 -14.0356 2.07595 21.0548 38.4074 48.3181
0 0 0 0 0 0 0 0 0 0 0 0 0 0 0 0 0 0 0 0 481.03 428.731 455.655 405.415 400.469 0 0 339.828 302.929 189.553 147.579 149.299 48.7912 -1.90677 -1.90677 -234.1 -394.749 -416.731 -461.82 -462.77 -506.845 -425.113 -447.943 -429.345 -418.853 -417.58 -429.109 -440.23 -447.452 -457.2 -440.792 -389.908 -362.259 -352.795 -347.85 -345.186 -346.43 -343.579 -336.517 -324.977 -307.094 -280.761 -274.172 -274.172 -256.893 -225.216 -205.23 -176.879 -154.095 -124.834 -133.271 -97.8257 -59.818 -33.5748 -16.8021 2.50146 16.8924 16.8924 29.8664
0 0 0 0 0 0 0 0 0 0 0 0 0 0 0 0 0 0 0 459.398 441.355 392.291 398.853 349.638 343.076 300.423 346.357 238.084 213.365 184.384 184.384 171.576 149.497 120.364 12.589 -284.221 -418.273 -444.333 -513.992 -478.593 -428.124 -448.084 -453.956 -428.494 -420.297 -421.604 -419.899 -433.778 -447.452 -453.559 -440.792 -380.371 -380.371 -356.147 -348.238 -349.973 -346.43 -339.93 -336.517 -343.717 -331.511 -329.892 -299.064 -286.531 -256.893 -235.343 -256.62 -221.894 -197.436 -164.759 -133.541 -95.189 -65.4136 -36.6095 -41.5119 -19.1608 -0.891963 16.9535 30.7626
-9999 0 0 0 0 0 0 0 0 0 0 0 0 0 0 0 0 0 0 0 441.692 372.605 362.09 329.952 316.828 290.213 290.213 270.894 263.185 300.864 198.644 175.745 152.778 118.133 118.133 -42.4149 -301.762 -467.307 -519.476 -470.454 -443.999 -504.095 -493.181 -444.026 -426.577 -424.251 -428.737 -426.546 -426.546 -452.063 -447.582 -386.715 -355.914 -346.254 -349.24 -346.515 -350.465 -353.841 -350.626 -366.377 -350.612 -348.624 -320.817 -340.23 -307.429 -291.831 -256.62 -229.802 -197.436 -165.815 -165.815 -133.825 -99.3236 -68.2332 -41.5119 -21.1304 -0.891963 0.00140343 16.5387
-9999 -9999 0 0 0 0 0 0 0 0 0 0 0 0 0 0 0 0 0 0 405.362 372.605 346.357 346.357 323.39 306.985 290.58 270.894 323.39 300.864 316.904 202.968 175.745 133.092 110.125 -72.7042 -360.268 -367.448 -472.363 -472.794 -474.349 -499.892 -478.914 -442.421 -425.237 -420.828 -427.893 -495.916 -453.682 -457.218 -433.426 -374.474 -374.474 -346.665 -340.59 -345.586 -355.112 -362.672 -371.157 -398.482 -391.755 -388.774 -367.516 -357.356 -326.096 -300.408 -300.408 -276.335 -236.885 -200.926 -169.777 -131.502 -97.9622 -65.0682 -65.0682 -37.266 -17.6155 2.85909 21.6187
-9999 -9999 0 0 0 0 0 0 0 0 0 0 0 0 0 0 0 0 0 0 0 392.291 362.762 343.076 329.952 305.51 310.266 290.58 277.456 273.273 247.927 214.648 179.468 133.092 156.059 82.851 -127.588 -367.448 -475.711 -472.794 -482.7 -482.7 -498.638 -472.946 -449.111 -420.828 -475.292 -495.916 -534.307 -479.604 -466.135 -433.17 -396.647 -382.531 -344.778 -349.868 -343.77 -352.936 -377.56 -407.165 -399.639 -401.398 -384.447 -410.936 -372.387 -328.413 -301.603 -272.859 -236.311 -196 -196 -151.384 -122.79 -84.9292 -60.2063 -32.1658 -16.21 -10.7795 6.34405
-9999 -9999 -9999 0 0 0 0 0 0 0 0 0 0 0 0 0 0 0 0 0 0 498.733 450.832 450.832 368.135 338.087 326.671 290.58 297.142 277.374 310.266 293.966 310.266 208.607 182.307 97.8693 -181.654 -181.654 -412.839 -464.759 -479.789 -487.492 -506.844 -477.919 -468.675 -451.828 -480.563 -528.679 -556.229 -502.756 -500.521 -456.369 -517.836 -472.984 -425.656 -349.868 -344.922 -352.936 -380.88 -380.88 -402.221 -407.977 -440.067 -410.936 -360.724 -328.413 -313.381 -295.033 -267.349 -232.118 -183.916 -151.384 -114.317 -114.317 -79.9856 -50.7956 -29.5228 -1.33124 12.5194
-9999 -9999 -9999 0 0 0 0 0 0 0 0 0 0 0 0 0 0 0 0 0 0 0 0 0 0 406.851 495.562 331.409 326.671 316.828 455.787 427.658 430.924 270.894 327.163 194.199 -0.511484 -240.202 -428.345 -462.098 -488.33 -488.33 -493.057 -485.994 -464.89 -464.664 -531.852 -563.338 -596.45 -578.497 -580.455 -548.487 -569.644 -526.586 -458.334 -458.334 -426.24 -360.488 -370.893 -384.136 -408.059 -427.768 -458.405 -458.405 -408.491 -344.979 -309.548 -288.976 -256.501 -231.322 -209.348 -177.538 -132.185 -107.239 -75.1498 -50.7956 -21.1828 -21.1828 3.31318
-9999 -9999 -9999 -9999 0 0 0 0 0 0 0 0 0 0 0 0 0 0 0 0 0 0 0 0 0 0 495.562 391.29 326.671 349.638 349.638 608.882 488.981 420.06 327.163 207.041 -0.511484 -95.5103 -309.905 -397.681 -435.738 -479.061 -469.935 -467.338 -470.395 -480.574 -560.438 -581.086 -621.759 -616.582 -620.947 -596.638 -626.864 -596.693 -551.121 -503.689 -468.271 -398.092 -391.921 -391.921 -432.928 -423.731 -440.989 -448.784 -407.201 -348.242 -359.338 -311.799 -277.119 -240.292 -189.689 -162.208 -130.191 -130.191 -94.8442 -66.5186 -33.3574 -13.0753 5.42771
-9999 -9999 -9999 -9999 -9999 0 0 0 0 0 0 0 0 0 0 0 0 0 0 0 0 0 0 0 0 0 0 0 477.805 392.024 412.506 614.224 0 0 0 0 188.246 -163.265 -294.367 -360.064 -435.738 -430.995 -466.896 -468.427 -470.395 -512.982 -560.438 -600.403 -600.403 -636.428 -638.017 -648.741 -626.864 -572.39 -551.121 -519.646 -511.388 -485.203 -418.185 -449.25 -432.928 -427.167 -423.983 -420.824 -407.916 -404.793 -336.802 -305.473 -265.721 -222.779 -215.502 -182.093 -167.795 -134.245 -101.973 -59.3334 -30.5813 -30.5813 -7.73159
-9999 -9999 -9999 -9999 -9999 0 0 0 0 0 0 0 0 0 0 0 0 0 0 0 0 0 0 0 0 0 0 0 417.428 434.944 434.944 458.923 606.237 0 0 0 329.278 194.682 -75.7125 -234.784 -345.999 -410.214 -466.426 -483.205 -483.205 -514.789 -509.016 -523.729 -593.634 -645.555 -662.784 -656.72 -656.72 -590.615 -542.112 -539.929 -519.057 -552.004 -481.96 -576.143 -519.431 -461.088 -423.983 -418.276 -407.916 -362.791 -362.791 -313.158 -292.619 -255.277 -215.502 -187.812 -167.795 -179.712 -146.928 -106.887 -62.8567 -32.1503 -7.73159
-9999 -9999 -9999 -9999 -9999 -9999 0 0 0 0 0 0 0 0 0 0 0 0 0 0 0 0 0 0 0 0 0 0 0 548.928 464.473 475.45 649.777 631.45 0 0 0 0 11.2939 -168.285 -333.124 -281.681 -412.387 -529.327 -546.675 -542.062 -514.011 -549.458 -549.458 -630.714 -670.347 -703.922 -663.45 -623.904 -570.62 -638.621 -608.962 -650.098 -624.313 -634.555 -561.525 -484.534 -484.534 -457.584 -429.873 -392.34 -339.347 -302.927 -295.039 -239.694 -239.694 -213.906 -198.806 -188.737 -154.929 -106.861 -63.9927 -59.4636 -27.948
-9999 -9999 -9999 -9999 -9999 -9999 0 0 0 0 0 0 0 0 0 0 0 0 0 0 0 0 0 0 0 0 0 0 679.215 548.928 526.812 485.977 477.597 631.45 674.58 0 0 0 0 73.1429 -70.5309 -281.681 -384.472 -529.327 -525.319 -561.681 -561.967 -544.407 -602.067 -635.564 -661.358 -620.817 -656.047 -660.625 -666.318 -679.986 -664.561 -672.91 -666.119 -663.888 -653.506 -590.891 -511.595 -481.892 -443.252 -413.795 -413.795 -306.189 -290.644 -276.495 -234.841 -255.667 -221.006 -228.678 -189.48 -144.768 -99.7104 -56.928 -24.9437
-9999 -9999 -9999 -9999 -9999 -9999 -9999 0 0 0 0 0 0 0 0 0 0 0 0 0 0 0 0 0 0 0 0 0 0 622.139 570.396 503.845 471.035 471.035 498.504 671.829 0 0 0 0 0 -15.5149 -182.885 -376.136 -471.588 -553.743 -575.745 -580.779 -584.623 -616.466 -600.206 -620.817 -625.585 -660.625 -683.945 -683.945 -679.709 -679.677 -661.279 -663.888 -620.598 -590.891 -566.911 -531.935 -504.636 -463.403 -391.894 -306.189 -283.318 -311.7 -312.519 -323.229 -284.278 -223.635 -187.618 -140.235 -99.1545 -98.7399 -60.6977
-9999 -9999 -9999 -9999 -9999 -9999 -9999 0 0 0 0 0 0 0 0 0 0 0 0 0 0 0 0 0 0 0 0 0 0 813.148 0 594.1 532.034 470.28 451.937 525.841 658.158 658.158 0 0 0 0 -178.488 -345.235 -354.329 -467.821 -514.688 -564.579 -531.425 -568.327 -553.835 -553.835 -569.353 -604.77 -632.512 -667.833 -662.529 -666.409 -623.639 -623.639 -572.559 -570.036 -557.67 -544.921 -521.168 -473.13 -477.011 -365.111 -292.237 -311.7 -362.275 -323.229 -258.534 -258.534 -212.896 -181.687 -136.007 -98.7399 -58.9975
-9999 -9999 -9999 -9999 -9999 -9999 -9999 -9999 0 0 0 0 0 0 0 0 0 0 0 0 0 0 0 0 0 0 0 0 0 0 0 681.474 532.034 562.443 494.002 419.83 382.625 529.523 549.518 0 0 0 0 -134.32 -351.86 -450.8 -464.366 -503.348 -442.148 -478.297 -483.097 -523.488 -554.122 -588.849 -615.883 -615.883 -621.247 -632.661 -590.344 -580.228 -551.297 -553.051 -554.769 -556.297 -556.603 -530.669 -474.82 -354.855 -335.96 -335.96 -418.908 -392.463 -319.441 -241.737 -202.964 -170.753 -135.543 -135.543 -93.4978
-9999 -9999 -9999 -9999 -9999 -9999 -9999 -9999 -9999 0 0 0 0 0 0 0 0 0 0 0 0 0 0 0 0 0 0 0 0 0 0 0 740.676 817.978 480.694 385.6 382.625 351.091 405.708 502.699 0 0 0 -135.152 -135.152 -334.553 -410.015 -409.825 -442.148 -440.976 -483.097 -473.998 -512.706 -563.374 -586.054 -606.05 -601.21 -601.315 -575.596 -561.686 -552.436 -553.215 -561.08 -564.39 -561.975 -533.334 -536.797 -473.371 -438.149 -419.936 -447.001 -398.985 -309.955 -309.955 -254.694 -204.728 -178.353 -136.354 -81.9492
-9999 -9999 -9999 -9999 -9999 -9999 -9999 -9999 -9999 0 0 0 0 0 0 0 0 0 0 0 0 0 0 0 0 0 0 0 0 0 0 0 0 0 691.891 482.129 401.501 306.382 356.2 456.107 456.107 649.432 0 0 -160.463 -322.243 -388.005 -390.997 -390.997 -418.316 -443.599 -490.632 -532.242 -588.346 -597.14 -602.465 -598.622 -582.63 -575.596 -556.48 -552.436 -559.28 -559.28 -558.29 -568.618 -563.608 -536.797 -495.313 -438.149 -491.821 -471.228 -440.281 -372.756 -302.362 -254.694 -214.474 -185.316 -185.316 -135.152
-9999 -9999 -9999 -9999 -9999 -9999 -9999 -9999 -9999 -9999 0 0 0 0 0 0 0 0 0 0 0 0 0 0 0 0 0 0 0 0 0 0 0 0 0 463.817 368.685 344.555 280.737 269.32 422.545 0 0 0 0 -241.048 -312.584 -358.391 -388.195 -440.176 -470.503 -515.027 -541.708 -601.037 -607.703 -604.461 -590.233 -570.105 -570.105 -559.288 -556.099 -559.47 -560.992 -497.601 -546.593 -540.826 -540.826 -524.16 -516.499 -488.573 -476.05 -422.707 -356.782 -363.897 -303.62 -274.369 -230.885 -191.279 -135.152
-9999 -9999 -9999 -9999 -9999 -9999 -9999 -9999 -9999 -9999 0 0 0 0 0 0 0 0 0 0 0 0 0 0 0 0 0 0 0 0 0 0 0 0 0 0 0 344.555 247.927 269.32 256.071 501.498 0 0 0 -270.594 -345.412 -371.639 -396.535 -482.493 -492.926 -580.834 -584.385 -637.143 -624.266 -634.951 -602.792 -570.218 -561.641 -550.125 -551.768 -553.801 -553.801 -498.758 -448.155 -420.01 -481.578 -466.279 -491.275 -436.134 -462.89 -431.754 -412.379 -356.056 -311.779 -283.851 -283.851 -238.015 -188.834
-9999 -9999 -9999 -9999 -9999 -9999 -9999 -9999 -9999 -9999 -9999 0 0 0 0 0 0 0 0 0 0 0 0 0 0 0 0 0 0 0 0 0 0 0 0 0 0 0 264.332 215.117 262.569 515.895 0 0 0 0 -306.539 -371.639 -461.484 -482.493 -571.241 -571.241 -644.366 -633.737 -660.203 -634.951 -593.585 -570.218 -559.541 -553.619 -550.778 -553.779 -576.829 -504.352 -428.353 -351.298 -351.298 -326.221 -387.345 -379.095 -424.541 -402.028 -392.568 -368.448 -348.484 -313.011 -282.527 -218.192 -176.434
-9999 -9999 -9999 -9999 -9999 -9999 -9999 -9999 -9999 -9999 -9999 -9999 0 0 0 0 0 0 0 0 0 0 0 0 0 0 0 0 0 0 0 0 0 0 0 0 0 0 264.332 192.15 182.307 263.115 419.292 0 0 0 -357.671 -357.671 -453.983 -502.991 -577.682 -626.219 -651.562 -661.427 -661.076 -661.076 -636.46 -591.496 -571.974 -552.463 -600.706 -603.782 -589.172 -565.953 -483.719 -404.452 -292.804 -326.221 -318.267 -318.267 -315.124 -375.779 -367.358 -368.448 -337.663 -313.011 -300.42 -262.919 -191.213
-9999 -9999 -9999 -9999 -9999 -9999 -9999 -9999 -9999 -9999 -9999 -9999 0 0 0 0 0 0 0 0 0 0 0 0 0 0 0 0 0 0 0 0 0 0 602.275 0 0 0 0 244.41 161.811 259.412 356.942 0 0 0 -266.278 -395.344 -472.164 -524.625 -608.272 -608.272 -640.589 -657.677 -687.746 -672.703 -656.762 -613.047 -626.236 -611.039 -583.523 -587.686 -519.681 -515.545 -402.822 -402.822 -232.932 -225.073 -185.266 -248.992 -259.756 -321.223 -334.518 -334.518 -314.399 -320.068 -282.14 -236.911 -153.167
-9999 -9999 -9999 -9999 -9999 -9999 -9999 -9999 -9999 -9999 -9999 -9999 -9999 0 0 0 0 0 0 0 0 0 0 0 0 0 0 0 0 0 0 0 0 0 656.285 530.093 0 0 0 223.553 223.553 159.34 223.623 304.173 0 0 -266.278 -349.772 -426.178 -507.668 -586.069 -624.96 -651.437 -683.799 -703.511 -703.511 -651.116 -647.3 -571.158 -574.609 -504.596 -514.508 -427.45 -419.389 -322.467 -289.808 -167.776 -160.937 -154.506 -154.506 -150.484 -203.468 -229.725 -287.742 -283.516 -291.813 -252.327 -245.758 -159.482
-9999 -9999 -9999 -9999 -9999 -9999 -9999 -9999 -9999 -9999 -9999 -9999 -9999 0 0 0 0 0 0 0 0 0 0 0 0 0 0 0 0 0 0 0 0 0 514.234 472.397 472.397 0 0 0 215.117 146.11 147.187 233.612 233.612 0 0 -389.431 -462.43 -539.707 -586.069 -600.689 -630.966 -667.389 -703.541 -660.127 -651.116 -584.033 -584.033 -498.52 -501.85 -421.763 -427.45 -335.423 -322.467 -262.361 -215.488 -160.774 -149.788 -144.89 -150.484 -153.525 -180.508 -180.508 -198.225 -238.451 -214.975 -200.117 -135.331
-9999 -9999 -9999 -9999 -9999 -9999 -9999 -9999 -9999 -9999 -9999 -9999 -9999 -9999 0 0 0 0 0 0 0 0 0 0 0 0 0 0 0 0 0 0 0 0 0 477.514 441.506 408.696 0 0 0 0 136.373 137.702 87.158 54.348 -164.884 -254.176 -451.627 -519.165 -549.947 -586.946 -633.206 -655.079 -655.079 -600.264 -601.127 -520.633 -500.362 -440.467 -431.245 -361.323 -361.323 -298.843 -286.306 -223.137 -190.718 -154.355 -146.74 -147.657 -143.526 -127.129 -130.369 -144.012 -198.225 -202.138 -202.138 -167.225 -163.501
-9999 -9999 -9999 -9999 -9999 -9999 -9999 -9999 -9999 -9999 -9999 -9999 -9999 -9999 -9999 0 0 0 0 0 0 0 0 0 0 0 0 0 0 0 0 0 0 0 0 477.514 440.299 379.167 379.167 0 0 0 146.216 169.183 230.966 0 0 -369.747 -466.387 -506.495 -543.804 -527.722 -571.872 -606.632 -614.976 -559.653 -545.58 -466.288 -466.288 -403.703 -386.357 -319.083 -309.184 -262.34 -247.416 -197.902 -181.563 -157.405 -152.834 -148.497 -140.125 -118.776 -114.522 -94.4663 -114.615 -121.552 -152.763 -107.93 -114.172
-9999 -9999 -9999 -9999 -9999 -9999 -9999 -9999 -9999 -9999 -9999 -9999 -9999 -9999 -9999 0 0 0 0 0 0 0 0 0 0 0 0 0 0 0 0 0 0 0 0 516.697 405.961 379.167 359.481 0 0 0 0 169.183 343.873 0 0 0 -396.519 -443.982 -481.898 -527.722 -558.829 -606.632 -579.996 -577.194 -524.519 -490.852 -430.509 -372.455 -342.599 -283.036 -283.036 -231.386 -211.51 -153.434 -156.376 -144.939 -154.425 -146.04 -145.068 -112.196 -94.4276 -61.714 -95.0019 -95.2158 -95.2158 -84.7879 -86.6316
-9999 -9999 -9999 -9999 -9999 -9999 -9999 -9999 -9999 -9999 -9999 -9999 -9999 -9999 -9999 -9999 0 0 0 0 0 0 0 0 0 0 0 0 0 0 0 0 0 0 0 473.875 474.316 399.758 343.076 335.194 0 0 201.993 201.993 312.944 0 0 0 -396.637 -407.397 -452.031 -452.031 -490.413 -545.871 -556.379 -547.686 -524.969 -471.153 -473.984 -417.116 -339.362 -306.908 -250.346 -231.386 -165.377 -165.377 -103.828 -125.916 -124.452 -146.04 -120.731 -112.196 -64.6333 -38.3817 -26.4015 -70.3641 -77.3387 -84.7879 -70.2409
-9999 -9999 -9999 -9999 -9999 -9999 -9999 -9999 -9999 -9999 -9999 -9999 -9999 -9999 -9999 -9999 0 0 0 0 0 0 0 0 0 0 0 0 0 0 0 0 0 0 0 0 452.588 379.882 320.109 304.496 297.142 261.051 215.117 211.836 326.371 0 0 0 0 -373.427 -368.487 -428.368 -490.205 -531.677 -527.252 -545.48 -549.943 -534.019 -455.39 -401.513 -311.989 -311.989 -247.511 -211.453 -131.772 -114.439 -64.3423 -89.6923 -77.5494 -77.5494 -63.8625 -75.7122 11.6088 17.2265 -33.3767 -62.5652 -67.4235 -69.1668 -53.8998
-9999 -9999 -9999 -9999 -9999 -9999 -9999 -9999 -9999 -9999 -9999 -9999 -9999 -9999 -9999 -9999 -9999 0 0 0 0 0 0 0 0 0 0 0 0 0 0 0 0 0 0 0 0 0 362.762 329.952 297.142 0 215.117 193.414 217.955 249.373 116.339 0 -239.697 -350.837 -388.021 -388.021 -454.37 -495.221 -527.058 -545.515 -538.604 -506.756 -451.651 -412.932 -324.578 -282.856 -210.52 -173.235 -79.0531 -79.0531 -43.5925 -45.2301 -32.4606 -41.1162 -11.8978 -5.10398 30.1241 28.6116 -57.807 -71.5205 -62.9507 -57.532 -39.8552
-9999 -9999 -9999 -9999 -9999 -9999 -9999 -9999 -9999 -9999 -9999 -9999 -9999 -9999 -9999 -9999 -9999 0 0 0 0 0 0 0 0 0 0 0 0 0 0 0 0 0 0 0 0 491.007 398.853 0 0 0 255.479 182.712 225.101 167.637 116.339 102.253 7.23476 -224.162 -361.211 -400.851 -454.37 -496.364 -496.364 -519.916 -538.085 -488.269 -451.651 -354.74 -324.578 -269.464 -245.8 -186.899 -138.153 -58.7215 -33.9694 -31.7268 -5.25708 -5.25708 17.6994 26.6623 17.3737 -22.963 -70.6019 -70.6267 -55.5937 -48.0325 -27.3361
-9999 -9999 -9999 -9999 -9999 -9999 -9999 -9999 -9999 -9999 -9999 -9999 -9999 -9999 -9999 -9999 -9999 -9999 0 0 0 0 0 0 0 0 0 0 0 0 0 0 0 0 0 0 0 0 0 0 0 0 200.211 198.56 185.65 169.183 149.497 123.249 12.0459 -222.181 -222.181 -318.572 -375.134 -400.354 -470.86 -463.784 -491.09 -400.226 -400.226 -302.751 -289.053 -225.195 -213.745 -169.886 -113.479 -87.3647 -44.5965 -21.4864 -14.5964 8.77169 17.6994 25.5668 25.5668 -25.1571 -60.8829 -59.9939 -55.5937 -32.7775 -27.3361
