gis_data/PP1766_DIS_Layer3_Top_ASCII.txt
ncols         308
nrows         431
xllcorner     -321143.35392317
yllcorner     1277883.4776336
cellsize      1609.334
NODATA_value  -9999
[rows 175 to 209 of 431, columns 80 to 159 of 308]
0 0 0 -117.059 -133.595 -130.314 -130.314 -143.438 -136.876 -146.719 -146.719 -114.157 -146.719 88.9581 -140.157 -143.438 -146.719 -125.757 -51.57 -90.9001 -77.818 -77.818 -73.566 -107.347 -117.19 -133.595 -143.438 -150 -150 -150.391 -153.281 -153.281 -153.281 -153.281 -153.281 -153.281 -140.453 -142.55 -150 -150 -150 -143.438 -140.157 -140.157 -133.595 -133.595 -123.752 -129.327 -107.347 -116.443 -94.223 -94.223 -77.818 -73.093 -58.132 -58.132 -41.0704 -41.0704 -28.603 4.207 0.925995 4.207 11.5904 34.3496 -37.8262 136.042 66.546 95.0464 66.546 153.378 66.546 0 0 0 558.696 0 0 0 0 0
0 0 0 0 -107.347 -146.719 -143.438 -144.573 -146.719 -143.438 -143.438 -139.597 -40.7897 151.029 200.723 -146.719 -146.719 -82.9022 -48.289 -19.0818 -46.0113 -19.0055 -73.566 -77.4912 -77.4912 -90.942 -127.033 -136.876 -150 -143.254 -153.281 -153.281 -153.281 -156.562 -156.562 -143.421 -140.453 -153.281 -153.281 -153.281 -150 -150 -146.719 -140.157 -130.314 -130.359 -127.033 -130.314 -113.909 -112.223 -94.223 -87.661 -77.818 -77.818 -64.694 -55.2715 -41.727 -35.165 -18.76 -8.91701 0.0282589 0.0282589 -51.4346 31.002 86.232 77.0508 66.546 66.546 110.042 70.3509 206.612 0 0 0 571.416 571.416 0 0 0 0
0 0 0 0 -133.595 -146.719 -146.719 -146.719 -146.719 -146.719 -149.336 -143.438 -103.777 -150 -119.362 -146.719 -143.438 -120.471 -67.6825 4.207 0.181308 -27.0469 -64.694 -28.7509 -66.1695 -100.785 -117.394 -133.595 -133.595 -143.438 -150 -153.281 -150 -156.562 -153.281 -151.682 -150 -153.281 -153.281 -150 -150 -150 -150 -143.438 -140.157 -130.314 -127.033 -123.752 -113.909 -100.785 -100.785 -90.942 -84.5354 -74.537 -64.694 -51.57 -41.727 -41.727 -37.8425 -16.2168 -58.132 -54.851 -8.91701 2.52471 17.331 18.0127 38.2276 177.18 184.507 78.2848 260.837 260.837 333.596 385.286 603.444 583.263 0 0 0 0
0 0 0 0 -64.5955 -146.719 -146.719 -146.719 -146.719 -143.438 -143.438 -146.719 -150 -146.719 -146.719 -146.719 -149.138 -113.672 -62.7446 22.9925 32.8449 -14.9438 17.7467 -16.733 -16.733 -87.2035 -84.5636 -92.5102 -130.314 -150 -150 -150 -156.562 -150 -150 -156.562 -156.562 -156.562 -156.562 -156.562 -153.281 -150 -146.719 -140.157 -136.876 -127.033 -127.033 -120.471 -113.909 -104.066 -100.785 -85.5755 -81.099 -77.818 -71.256 -58.132 -51.57 -54.851 -37.8425 -61.413 -58.132 -2.66983 -17.9061 16.9883 17.331 39.9611 38.2276 132.088 132.088 250.637 322.387 304.073 333.596 575.673 603.444 471.066 0 0 0 0
0 0 0 0 126.967 -146.719 -143.438 -143.438 -150 -150 -146.719 -146.719 -150 -150 -150 -146.719 92.9277 -113.672 1.37993 22.9925 77.0743 77.0743 28.2237 31.5201 36.1099 -25.2506 -62.181 -103.528 -103.528 -153.281 -153.281 -153.281 -150 -153.281 -156.562 -156.562 -159.843 -156.562 -156.562 -156.562 -150 -150 -150 -140.157 -133.595 -127.033 -123.752 -113.909 -113.909 -104.066 -104.066 -94.223 -87.661 -77.818 -67.975 -58.132 -83.3809 -88.7322 -81.099 -38.1187 -30.2017 27.931 54.0482 77.6535 77.6535 124.733 142.009 89.2818 122.08 163.347 183.525 249.719 280.746 427.087 501.253 0 0 0 0 0
0 0 0 0 0 -77.8444 -149.156 -146.719 -146.719 -146.719 -146.719 -143.438 -146.719 -150 -150 -148.005 -140.157 -140.157 4.94923 -41.6755 107.503 97.4831 80.7459 -1.15979 -0.504262 -4.01946 1.16016 -35.881 -150 -153.281 -163.124 -163.124 -156.562 -153.281 -157.779 -156.562 -147.713 -156.562 -156.562 -156.562 -156.562 -153.281 -146.719 -140.157 -133.595 -123.752 -123.752 -117.19 -113.909 -109.519 -97.504 -87.7293 -84.38 -104.066 -83.7842 -94.223 -94.223 -48.289 -55.7149 7.02543 7.02543 33.736 69.0495 91.3081 92.4364 170.799 152.914 120.738 120.738 182.236 154.909 214.254 373.216 0 0 0 0 0 0 0
0 0 0 0 0 -143.438 -146.719 -150 -150 -150 -150 -150 -150 -150 -150 -150 -150 -136.938 -64.7603 77.0232 81.159 114.4 11.8503 73.3555 -38.0666 -29.6029 -74.0402 -75.8123 -150 -156.562 -166.405 -163.124 -156.562 -158.92 -156.562 -156.562 -159.843 -159.843 -156.562 -156.562 -150 -150 -150 -143.438 -136.876 -130.314 -122.944 -117.19 -107.347 -107.347 -104.066 -94.223 -87.661 -104.066 -74.537 -94.223 -58.132 -58.132 -51.57 -31.2578 -8.91701 33.736 75.0576 91.3081 113.382 119.042 238.233 229.785 195.832 119.418 178.889 226.619 384.644 0 0 0 0 0 0 0
0 0 0 0 0 0 -146.719 -146.719 -150 -150 -150 -150 -146.719 -146.719 -147.685 -150 -150 -150 -132.251 -13.1565 92.0724 5.50092 9.14849 49.2757 -88.8148 -25.3319 -129.604 -38.6305 -153.139 -163.124 -166.405 -166.405 -156.589 -159.843 -159.843 -159.843 -153.472 -159.843 -156.562 -156.562 -156.562 -153.281 -147.883 -143.438 -136.876 -126.633 -127.033 -120.471 -117.19 -110.628 -104.066 -100.785 -87.661 -87.661 -81.099 -74.537 -74.537 -58.132 -51.57 -30.0813 -11.2757 -18.76 17.331 66.2339 141.409 177.597 156.63 229.785 190.638 107.756 264.092 226.619 279.614 0 0 0 0 0 0 0
0 0 0 0 0 -140.114 -140.114 -146.719 -150 -150 -150 -146.719 -146.719 -146.719 -146.719 -146.719 -150 -150 -132.251 41.0194 41.0194 9.57308 45.9404 38.5631 -88.8148 -120.471 -129.604 -124.747 -124.747 -159.843 -159.843 -163.124 -150 -159.843 -156.562 -156.562 -159.843 -159.843 -155.714 -156.562 -156.562 -153.281 -153.281 -150 -140.157 -133.595 -127.033 -123.752 -120.471 -120.471 -110.628 -104.066 -94.223 -87.661 -81.099 -74.537 -71.256 -71.256 -58.132 -47.7446 -21.1589 -2.355 32.6415 96.075 102.088 63.5324 60.0652 175.303 87.4901 136.265 118.139 118.139 179.17 0 0 0 0 0 0 0
0 0 0 0 0 -136.996 -149.459 -150 -150 -150 -146.719 -146.719 -146.719 -146.719 -146.719 -147.148 -146.719 -146.719 -146.719 -148.403 74.7172 -113.589 54.3426 0.704358 0.704358 -150.158 -150 -153.281 -150 -150 -163.124 -150 -155.195 -159.379 -150 -159.843 -159.843 -159.843 -159.843 -151.682 -156.562 -153.281 -153.281 -150 -140.157 -133.595 -133.595 -130.314 -123.752 -117.19 -110.628 -100.785 -94.223 -94.223 -91.5126 -84.38 -77.818 -67.975 -51.5609 -42.6578 -31.8175 -2.39569 36.1473 43.579 110.178 78.3764 82.1516 82.1516 66.1659 40.298 66.7459 138.804 0 0 0 0 0 0 0 0
0 0 0 0 -90.0879 -150 -150 -150 -150 -150 -146.719 -150 -146.719 -150 -150 -150 -150 -143.438 -156.562 -144.229 -144.229 -146.719 -135.38 -150 -150 -156.562 -150 -159.843 -159.843 -156.562 -159.751 -159.805 -159.843 -159.843 -150 -150.001 -158.798 -159.843 -150 -156.562 -156.562 -150 -150 -150 -150 -140.157 -133.595 -130.314 -123.752 -120.471 -113.909 -107.347 -104.066 -100.785 -91.5126 -84.38 -77.818 -77.818 -67.975 -43.6846 -31.8175 -15.3567 36.1473 73.8143 73.8143 122.624 12.6138 43.5844 66.1659 79.2876 66.7459 190.609 54.7253 0 0 0 0 0 0 0
0 0 0 0 0 -150 -150 -150 -150 -150 -143.438 -150 -150 -150 -150 -150 -150 -150 -150.183 -150 -150 -150 -150 -159.843 -159.843 -156.562 -156.562 -153.281 -150 -156.562 -156.347 -156.562 -155.7 -150 -153.281 -156.416 -155.015 -163.124 -163.124 -159.843 -159.843 -156.562 -153.281 -150 -150 -140.157 -140.157 -133.595 -127.033 -120.471 -113.909 -107.347 -100.785 -100.785 -94.223 -90.942 -84.38 -74.537 -58.3396 -54.851 -54.851 -31.8525 -14.6272 40.298 52.315 15.1851 22.0826 -5.20247 43.689 41.8652 73.108 33.736 137.266 0 0 0 0 0 0 0
-9999 0 0 0 0 -150 -146.719 -146.719 -146.719 -143.438 -106.868 -146.719 -146.719 -146.719 -146.719 -150 -150 -150 -150 -150 -150 -146.719 -150 -152.436 -159.843 -156.562 -163.124 -163.124 -152.983 -156.562 -150 -156.562 -150 -150 -159.843 -159.843 -159.843 -156.562 -153.22 -159.843 -150 -156.562 -156.562 -150 -150 -146.719 -137.086 -130.314 -123.752 -130.314 -120.471 -113.909 -107.347 -100.785 -94.7038 -87.661 -87.661 -77.818 -71.256 -61.413 -54.851 -41.727 -29.0116 -20.3814 -20.3814 -18.76 -8.91701 63.6627 26.8798 177.167 30.455 66.804 229.105 324.316 0 0 0 0 0 0
-9999 0 0 0 0 0 -146.719 -143.438 -143.438 -143.438 0 0 0 -104.066 -125.509 -150 -124.251 -143.438 -133.477 -146.719 -150 -150 -150 -163.124 -150 -159.843 -150 -150 -159.843 -150 -153.281 -153.281 -150 -150 -153.702 -159.843 -156.562 -156.562 -153.281 -150 -159.843 -150 -156.562 -150 -150 -146.719 -143.438 -141.573 -130.314 -130.314 -120.471 -113.909 -106.152 -106.152 -97.504 -94.223 -84.38 -77.818 -67.975 -61.413 -58.132 -51.57 -41.727 -32.2208 -25.322 62.0385 77.0578 131.926 120.75 91.4277 220.244 89.513 171.538 318.474 0 0 0 0 0 0
-9999 -9999 0 0 0 0 0 0 -123.804 -113.909 -95.1375 0 0 0 0 -29.8505 -67.1978 -102.411 -117.19 -147.95 -116.236 -142.197 -129.556 -150 -145.153 -150 -150 -150 -150 -156.019 -153.281 -153.281 -150 -150.041 -150 -150 -153.281 -153.281 -159.843 -146.719 -159.843 -156.562 -156.562 -156.562 -152.998 -150 -143.438 -136.876 -130.314 -130.314 -123.752 -120.471 -110.628 -100.785 -97.504 -90.942 -90.942 -84.38 -74.537 -71.256 -61.413 -51.57 -53.3548 -32.2208 -3.59945 8.7286 87.0639 131.926 96.2865 91.4277 191.232 191.232 185.976 210.91 203.511 0 0 0 0 0
-9999 -9999 -9999 0 0 0 0 -140.157 -123.804 -117.19 25.7909 -34.6018 0 0 0 0 0 17.331 -67.975 -55.4111 -116.236 -111.526 -129.556 -115.166 -115.166 -123.752 -147.263 -146.719 -150 -150 -153.281 -153.281 -153.281 -156.562 -153.281 -150 -156.562 -155.572 -161.416 -159.843 -153.281 -156.562 -156.562 -153.281 -152.953 -152.953 -150 -143.438 -136.876 -130.314 -123.752 -117.19 -110.628 -110.628 -104.066 -94.223 -87.661 -81.099 -74.537 -67.975 -64.694 -58.132 -51.57 -48.289 -7.88344 61.0661 22.4658 22.4658 89.513 166.554 143.771 184.889 256.333 225.349 89.513 0 0 0 0 0
-9999 -9999 -9999 0 0 0 0 0 -133.595 -87.661 -64.694 -2.355 0 0 0 0 0 0 1.61946 -27.2752 -27.2752 -66.1861 -71.3513 -8.31264 -75.0711 -97.504 -131.106 -119.465 -143.438 -140.157 -153.281 -153.281 -153.281 -156.562 -156.562 -163.124 -159.031 -148.866 -161.416 -161.524 -153.281 -150 -150 -150 -153.281 -151.34 -150 -140.157 -133.595 -133.595 -127.033 -120.471 -113.909 -110.628 -100.785 -97.3259 -92.8172 -84.38 -81.099 -74.537 -64.694 -48.289 -48.289 -16.3721 -15.2872 -2.75104 39.2514 43.5955 71.6812 86.9807 143.143 143.143 223.149 117.671 129.059 0 0 0 0 0
-9999 -9999 -9999 -9999 0 0 0 -123.752 -123.636 -107.347 -58.132 22.9547 37.017 0 0 0 0 0 0 0 0 0 0 0 0 0 -84.4084 -106.499 -123.752 -136.876 -150 -150 -153.281 -159.843 -150 -163.124 -150 -163.124 -163.124 -163.124 -150 -159.843 -159.843 -156.562 -150 -150.618 -150 -143.438 -140.157 -133.595 -127.033 -119.619 -113.909 -113.909 -107.347 -100.785 -92.8172 -87.5708 -81.099 -71.256 -71.256 -64.694 -61.413 -38.446 -15.2872 28.8358 39.2514 47.4737 107.109 27.174 105.895 177.955 112.39 86.0302 92.8585 0 0 0 0 0
-9999 -9999 -9999 -9999 0 0 0 0 -107.347 -107.347 -17.8349 22.9547 92.4352 92.4352 0 0 0 0 0 0 0 0 0 0 0 -48.289 -71.256 -80.4419 -99.1997 -117.19 -136.876 -146.719 -153.281 -159.843 -159.843 -163.124 -159.843 -150 -156.562 -150 -163.124 -159.843 -159.843 -154.01 -156.562 -150 -150 -143.438 -140.157 -140.157 -130.314 -127.033 -120.471 -114.279 -107.347 -100.785 -100.785 -94.223 -83.9244 -77.818 -71.256 -67.975 -49.1016 -46.1149 -25.322 -3.17408 43.1865 0.925995 107.109 36.7799 105.895 120.409 108.419 56.3783 92.8585 0 0 0 0 0
-9999 -9999 -9999 -9999 -9999 0 4.33669 -100.785 -84.38 -84.38 -64.694 0 0 155.133 0 0 0 0 0 0 0 0 0 0 0 0 -54.851 -80.4419 -97.504 -117.19 -133.595 -133.595 -146.719 -156.562 -158.586 -159.843 -150 -146.719 -146.719 -157.182 -159.843 -156.562 -153.281 -153.281 -150 -150.525 -146.719 -140.157 -143.438 -136.876 -130.314 -120.471 -120.471 -120.471 -113.909 -104.066 -97.504 -87.661 -81.099 -74.537 -74.537 -67.975 -64.694 -54.851 -28.603 20.9971 40.298 -25.1871 -16.4342 27.9118 108.327 77.0763 80.4527 88.6616 88.6616 116.637 210.469 0 0 0
-9999 -9999 -9999 -9999 -9999 -9999 0 -51.57 -59.0612 -54.851 -12.8449 0 0 0 0 0 0 0 0 0 0 0 0 0 0 -28.603 -74.537 -74.537 -87.661 -100.796 -120.471 -133.595 -150 -159.843 -156.562 -150 -156.68 -146.719 -156.562 -157.182 -156.562 -156.562 -150 -153.281 -153.281 -150.525 -146.719 -140.157 -140.157 -140.157 -133.595 -133.595 -120.471 -120.471 -110.628 -100.785 -100.785 -90.942 -84.38 -76.267 -74.537 -64.8446 -58.132 -54.851 -48.289 -43.8602 -31.884 -23.3661 -2.355 30.9636 68.6202 35.2984 46.86 102.625 80.1289 90.9396 155.219 0 0 0
-9999 -9999 -9999 -9999 -9999 -9999 0 0.925995 0 0 61.0804 64.1225 0 0 0 0 0 0 0 0 0 0 0 0 0 0 -35.6822 -64.694 -90.942 -104.066 -127.033 -127.033 -147.461 -156.562 -156.562 -156.562 -150 -156.562 -156.562 -153.281 -153.281 -156.562 -153.281 -150 -150 -150 -150 -150 -143.438 -140.157 -133.595 -127.033 -127.033 -120.471 -110.628 -107.347 -97.504 -90.942 -84.38 -76.267 -74.537 -67.975 -64.694 -54.851 -45.008 -43.8602 -31.884 -31.884 -18.76 34.1611 4.207 35.2984 74.876 102.625 89.5756 50.141 101.363 0 0 0
-9999 -9999 -9999 -9999 -9999 -9999 -9999 0 0 0 61.0804 0 0 0 0 0 0 0 0 0 0 0 0 0 0 0 -38.446 -38.446 -72.1163 -97.504 -123.752 -133.595 -149.181 -154.777 -156.562 -150 -156.562 -150 -151.682 -153.281 -150 -150 -150 -150 -150 -150 -146.719 -143.438 -143.438 -143.438 -136.876 -133.595 -123.752 -117.19 -110.628 -104.066 -100.785 -94.223 -84.38 -79.2924 -74.537 -67.6181 -67.2235 -67.2235 -54.1325 -45.008 -34.3041 -31.884 9.74409 45.0852 6.50055 5.49297 47.7711 20.612 103.289 68.0008 150.867 0 0 0
-9999 -9999 -9999 -9999 -9999 -9999 -9999 0 0 0 0 0 0 0 0 0 0 0 0 0 0 0 0 0 0 0 0 0 -72.1163 -107.347 -123.752 -133.595 -143.438 -156.562 -156.562 -153.281 -156.562 -153.281 -153.281 -150 -153.281 -150 -150 -149.917 -149.582 -149.582 -142.658 -143.137 -140.157 -140.157 -133.595 -127.033 -127.033 -122.054 -113.909 -107.347 -97.504 -90.942 -84.38 -77.818 -77.818 -71.256 -64.694 -58.132 -45.008 -41.727 -18.76 -18.76 -7.19179 -18.76 0.925995 54.5486 36.5572 44.4319 29.3157 102.476 144.076 142.978 238.45 0
-9999 -9999 -9999 -9999 -9999 -9999 -9999 -9999 0 0 0 0 0 0 0 0 0 0 0 0 0 0 0 0 0 0 0 0 0 0 -116.839 -136.876 -146.719 -153.351 -153.351 -153.281 -156.562 -150 -150 -152.871 -153.225 -147.511 -148.349 -141.196 -148.556 -142.058 -142.658 -140.585 -140.157 -131.848 -132.81 -128.904 -127.033 -120.471 -113.909 -107.347 -107.347 -97.504 -94.223 -84.38 -77.818 -71.256 -64.694 -61.565 -54.851 -45.4841 -28.603 -3.76904 9.75695 17.9502 19.7702 -2.355 35.6101 30.3719 62.2829 29.6048 172.485 132.166 163.098 203.888
-9999 -9999 -9999 -9999 -9999 -9999 -9999 -9999 0 0 0 0 0 0 0 0 0 0 0 0 0 0 0 0 0 0 0 0 0 0 0 -122.003 -146.719 -150 -150 -150 -143.438 -150 -150 -144.677 -144.998 -136.182 -140.67 -135.642 -137.533 -126.481 -134.28 -127.867 -133.332 -120.545 -125.16 -117.554 -117.554 -119.612 -116.781 -107.347 -104.066 -94.223 -90.942 -87.661 -81.099 -74.537 -64.694 -54.851 -54.851 -41.727 -28.603 -31.2877 -4.21944 17.331 19.7702 10.769 35.6101 131.702 131.702 105.076 56.6206 99.0573 163.098 145.292
-9999 -9999 -9999 -9999 -9999 -9999 -9999 -9999 -9999 0 0 0 0 0 0 0 0 0 0 0 0 0 0 0 0 0 0 0 0 0 0 -120.553 -150 -150 -150 -150 -144.123 -142.57 -143.392 -129.889 -133.775 -126.484 -126.523 -127.319 -128.661 -128.614 -125.657 -125.004 -125.272 -116.638 -114.064 -105.893 -106.965 -106.578 -112.331 -107.311 -107.311 -100.785 -94.223 -87.661 -81.099 -67.975 -58.132 -58.132 -48.289 -38.446 -28.603 -15.479 -11.3371 4.207 4.207 43.975 59.984 59.984 69.827 119.042 41.817 78.7479 78.7479 109.199
-9999 -9999 -9999 -9999 -9999 -9999 -9999 -9999 -9999 -9999 0 0 0 0 0 0 0 0 0 0 0 0 0 0 0 0 0 0 0 0 0 0 -131.863 -143.993 -150 -150 -140.793 -142.57 -124.857 -127.205 -124.054 -126.484 -124.398 -127.319 -126.573 -126.573 -125.821 -125.734 -122.252 -116.638 -108.622 -100.928 -100.928 -91.2917 -96.3401 -99.5084 -103.783 -100.785 -94.223 -90.942 -84.38 -74.537 -64.694 -51.57 -45.008 -31.884 -25.322 -18.76 -15.479 0.0616071 14.2004 56.0055 59.984 83.9821 83.9821 73.7377 112.483 112.521 56.9006 90.2052
-9999 -9999 -9999 -9999 -9999 -9999 -9999 -9999 -9999 -9999 0 0 0 0 0 0 0 0 0 0 0 0 0 0 0 0 0 0 0 0 0 0 -149.111 -149.979 -138.717 -145.89 -117.094 -121.984 -116.911 -120.031 -122.382 -122.382 -118.485 -123.021 -123.497 -121.558 -120.732 -123.711 -119.932 -120.165 -108.888 -108.052 -96.3948 -91.2917 -91.1996 -99.5084 -96.2818 -100.785 -90.942 -90.942 -84.0995 -74.537 -59.5944 -59.5944 -51.57 -38.446 -28.603 -18.76 -14.1115 0.0616071 0.925995 11.5982 30.455 50.141 74.296 114.75 140.311 168.282 158.887 223.044
-9999 -9999 -9999 -9999 -9999 -9999 -9999 -9999 -9999 -9999 -9999 0 0 0 0 0 0 0 0 0 0 0 0 0 0 0 0 0 0 0 0 0 -64.1048 -109.884 -108.576 -123.578 -110.855 -110.855 -113.429 -116.391 -112.719 -117.725 -117.562 -121.824 -121.416 -121.416 -118.279 -119.291 -118.558 -113.154 -105.177 -100.974 -99.3132 -94.937 -85.7423 -86.3713 -95.3221 -97.1271 -87.661 -87.661 -77.818 -74.537 -64.694 -54.851 -38.629 -28.603 -18.76 -18.76 -5.636 -2.355 7.48801 11.5982 50.141 50.141 70.8116 102.637 130.419 168.282 148.021 223.044
-9999 -9999 -9999 -9999 -9999 -9999 -9999 -9999 -9999 -9999 -9999 0 0 0 0 0 0 0 0 0 0 0 0 0 0 0 0 0 0 0 0 0 -64.1048 -94.4039 -94.4039 -73.0273 -100.632 -102.202 -110.004 -113.257 -114.214 -114.214 -114.873 -118.401 -118.673 -117 -114.486 -115.359 -114.036 -115.723 -108.024 -100.636 -93.4523 -87.5673 -78.0466 -85.9508 -73.9652 -87.1264 -86.768 -84.38 -74.537 -67.975 -54.851 -54.851 -41.727 -36.0964 -25.322 -15.479 -5.636 4.207 8.30988 17.331 33.7497 43.1829 76.7163 38.4271 114.779 114.779 21.7298 166.608
-9999 -9999 -9999 -9999 -9999 -9999 -9999 -9999 -9999 -9999 -9999 -9999 0 0 0 0 0 0 0 0 0 0 0 0 0 0 0 0 0 0 0 0 0 0 -58.132 -37.8696 -73.8272 -75.6257 -104.346 -113.447 -110.948 -113.986 -114.873 -113.933 -118.673 -115.06 -116.987 -115.614 -114.036 -113.351 -108.024 -99.5198 -99.5198 -91.6238 -87.7494 -72.5575 -73.9652 -77.771 -82.6749 -82.6749 -73.1516 -71.256 -61.413 -50.2415 -38.446 -31.884 -28.603 -22.041 -8.91701 0.927066 17.331 17.331 27.174 50.141 33.4048 8.08716 79.67 -15.479 46.5631 13.6272
-9999 -9999 -9999 -9999 -9999 -9999 -9999 -9999 -9999 -9999 -9999 -9999 -9999 0 0 0 0 0 0 0 0 0 0 0 0 0 0 0 0 0 0 0 0 89.7623 89.7623 37.6553 -32.1626 -66.3414 -101.62 -108.935 -113.2 -100.726 -107.736 -97.5697 -110.471 -112.67 -116.376 -116.192 -116.192 -123.028 -111.202 -99.55 -98.6271 -84.1856 -78.9916 -71.6931 -65.8188 -63.9791 -71.4468 -69.2446 -73.1516 -64.694 -61.413 -58.132 -48.289 -35.165 -28.603 -15.479 -8.91701 4.207 4.207 -38.446 -38.6752 7.48801 33.4048 69.827 79.67 56.703 97.4007 112.48
-9999 -9999 -9999 -9999 -9999 -9999 -9999 -9999 -9999 -9999 -9999 -9999 -9999 0 0 0 0 0 0 0 0 0 0 0 0 0 0 0 0 0 0 0 0 0 100.011 61.4363 -11.2527 15.1102 -44.9612 -76.6462 -93.7539 -89.9122 -94.669 -88.1848 -97.6497 -92.2889 -106.234 -115.405 -116.661 -114.782 -110.617 -97.9746 -97.9746 -85.9752 -81.2702 -70.4026 -60.2437 -48.6915 -60.4143 -38.1501 -55.4349 -56.7145 -63.5233 -57.814 -48.289 -74.537 -74.537 -61.413 -22.041 -54.851 -48.289 -8.91701 0.925995 22.1311 22.1311 43.2649 50.141 94.6266 97.4007 86.7841
-9999 -9999 -9999 -9999 -9999 -9999 -9999 -9999 -9999 -9999 -9999 -9999 -9999 -9999 0 0 0 0 0 0 0 0 0 0 0 0 0 0 0 0 0 0 0 0 0 217.31 100.198 15.1102 -35.1273 -76.6462 -87.2915 -87.2915 -85.2801 -84.7685 -76.7403 -78.7688 -102.304 -108.675 -108.675 -112.449 -114.274 -98.5433 -94.539 -85.0392 -77.4018 -71.0173 -65.4861 -51.1149 -42.3467 -39.8521 -51.79 -39.1205 -58.9365 -54.3735 -49.324 -45.008 -67.975 -61.9024 -32.9166 -22.041 -22.041 13.2504 20.612 37.017 46.86 69.205 96.225 67.8452 100.246 93.3702
