gis_data/PP1766_DIS_Layer6_Top_ASCII.txt
ncols         308
nrows         431
xllcorner     -321143.35392317
yllcorner     1277883.4776336
cellsize      1609.334
NODATA_value  -9999
[rows 245 to 279 of 431, columns 158 to 236 of 308]
-152.447 -148.777 -141.169 -139.03 -129.192 -133.624 -124.541 -117.87 -109.563 -102.97 -90.6521 -76.4428 -76.4428 -50.5019 -2.70832 24.6552 48.8832 56.6639 79.7585 60.8445 68.1577 68.0867 88.648 118.637 148.537 171.547 171.547 200.983 134.706 18.2786 -16.6911 -12.2651 6.414 29.381 29.381 52.1329 0 0 0 0 0 0 0 0 0 0 0 0 0 0 0 0 0 0 0 0 0 0 0 0 0 0 0 0 0 0 0 0 0 0 0 -9999 -9999 -9999 -9999 -9999 -9999 -9999 -9999
-155.005 -157.329 -151.761 -147.408 -142.051 -135.233 -125.315 -121.132 -121.132 -111.569 -101.762 -90.4444 -78.7761 -50.1988 -8.05513 18.02 18.02 34.2824 50.2289 57.0907 52.9745 69.5569 87.7986 97.6789 128.588 161.178 176.579 193.028 137.908 22.1369 22.1369 -22.0025 -2.5708 6.414 29.381 68.753 0 0 0 0 0 0 0 0 0 0 0 0 0 0 0 0 0 0 0 0 0 0 0 0 0 0 0 0 0 0 0 0 0 0 0 -9999 -9999 -9999 -9999 -9999 -9999 -9999 -9999
-159.85 -157.329 -153.315 -152.857 -146.677 -149.674 -138.768 -130.088 -121.013 -109.758 -100.674 -86.0296 -86.0296 -72.3785 -45.3868 -8.08547 14.9299 37.2853 46.9635 50.7393 63.8014 75.278 82.6203 107.563 137.708 165.581 165.581 181.213 196.535 152.971 24.2807 -8.45811 3.133 13.107 13.107 32.662 79.785 0 0 0 0 0 0 0 0 0 0 0 0 0 0 0 0 0 0 0 0 0 0 0 0 0 0 0 0 0 0 0 0 0 0 0 -9999 -9999 -9999 -9999 -9999 -9999 -9999
-162.802 -162.802 -158.399 -156.611 -153.576 -149.674 -141.441 -130.088 -130.775 -118.896 -109.321 -97.4852 -85.1013 -72.3785 -36.8388 -36.8388 -5.76166 19.5411 41.6596 50.7393 68.2139 75.278 89.3622 91.7278 113.792 145.963 167.654 182.242 203.886 159.783 159.783 45.7926 -3.54247 13.5369 32.662 42.505 81.9126 58.91 0 0 0 0 0 0 0 0 0 0 0 0 0 0 0 0 0 0 0 0 0 0 0 0 0 0 0 0 0 0 0 0 0 0 -9999 -9999 -9999 -9999 -9999 -9999 -9999
-171.706 -167.453 -161.413 -161.016 -160.891 -153.84 -145.895 -139.538 -132.429 -121.983 -108.221 -96.5316 -92.0595 -80.4883 -59.4423 -30.8993 -7.66015 23.807 51.3207 51.3207 62.3147 72.5774 81.4434 91.7278 118.929 145.963 149.351 169.24 185.567 206.572 156.964 45.7926 11.0975 11.0975 14.3803 32.662 21.843 58.91 73.6368 0 0 0 0 0 0 0 0 0 0 0 0 0 0 0 0 0 0 0 0 0 0 0 0 0 0 0 0 0 0 0 0 0 0 -9999 -9999 -9999 -9999 -9999 -9999
-179.124 -179.124 -173.564 -165.221 -159.167 -157.528 -150.584 -145.394 -149.171 -137.925 -127.045 -109.226 -89.8687 -80.7332 -80.6537 -80.6537 -52.1083 -3.4273 34.1109 53.6325 67.7656 74.4475 86.6653 86.6653 103.849 124.911 150.901 169.751 182.23 194.763 205.684 159.54 59.925 11.664 15.8565 6.414 52.348 52.348 58.91 77.9243 0 0 0 0 0 0 0 0 0 0 0 0 0 0 0 0 0 0 0 0 0 0 0 0 0 0 0 0 0 0 0 0 0 0 -9999 -9999 -9999 -9999 -9999
-200.823 -182.98 -173.564 -163.085 -163.085 -160.101 -158.435 -152.478 -149.171 -145.371 -128.946 -108.381 -108.35 -96.3437 -84.9713 -82.8926 -21.8484 7.0306 37.533 37.533 56.3814 70.5156 83.7362 92.7151 109.57 128.056 129.878 147.416 163.496 180.28 188.7 148.256 29.7532 29.7532 9.69501 28.2241 35.943 49.067 49.067 76.2461 150.226 150.226 0 0 0 0 0 0 0 0 0 0 0 0 0 0 0 0 0 0 0 0 0 0 0 0 0 0 0 0 0 0 0 0 -9999 -9999 -9999 -9999 -9999
-196.341 -196.683 -184.35 -173.814 -162.47 -158.409 -155.412 -155.887 -155.887 -156.366 -145.002 -128.672 -108.35 -97.9013 -84.9713 -59.0564 -45.0132 -11.2888 12.4323 36.6016 56.3814 70.1759 70.1759 84.8582 98.6658 110.337 129.878 148.325 163.496 177.142 177.142 197.431 80.1568 20.7695 9.69501 22.819 32.662 32.662 15.2176 35.943 66.5537 119.87 0 0 0 0 0 0 0 0 0 0 0 0 0 0 0 0 0 0 0 0 0 0 0 0 0 0 0 0 0 0 0 0 0 -9999 -9999 -9999 -9999
-208.628 -203.323 -188.917 -174.52 -174.52 -164.053 -159.387 -158.542 -151.816 -151.033 -144.499 -131.424 -131.424 -107.121 -81.4411 -53.0295 -33.8138 -19.2074 14.8469 -10.0191 27.8003 44.6295 67.2732 89.4154 103.677 111.294 111.294 121.137 140.433 149.133 163.481 142.337 80.1568 18.2803 -0.14801 4.04059 19.538 26.1 15.2176 52.4493 66.5537 76.2173 0 0 0 0 0 0 0 0 0 0 0 0 0 0 0 0 0 0 0 0 0 0 0 0 0 0 0 0 0 0 0 0 0 -9999 -9999 -9999 -9999
-217.184 -224.682 -208 -196.43 -176.746 -166.197 -160.411 -159.532 -159.532 -160.589 -152.872 -144.034 -130.565 -89.6678 -72.349 -70.8494 -52.6389 -48.8765 -42.4282 -10.2332 19.3002 40.3735 40.3735 54.3566 77.8609 96.518 109.57 118.38 135.161 167.17 167.17 92.9899 55.8677 -12.664 -3.42899 3.133 16.257 1.87748 14.8779 35.943 52.348 71.0774 89.7734 0 0 0 0 0 0 0 0 0 0 0 0 0 0 0 0 0 0 0 0 0 0 0 0 0 0 0 0 0 0 0 0 0 -9999 -9999 -9999
-235.889 -224.682 -213.106 -196.43 -198.806 -180.116 -173.733 -164.3 -165.541 -160.589 -153.814 -153.814 -140.831 -120.276 -92.9723 -70.8494 -58.079 -48.8765 -39.6353 -26.9369 -7.73405 5.27677 27.1851 50.7591 76.4436 90.5833 90.5833 97.6603 129.686 125.442 111.004 -8.32081 -19.3161 -29.677 -19.834 -9.991 -0.14801 17.6383 16.2774 39.224 39.224 47.3294 55.1832 67.8221 0 0 0 0 0 0 0 0 0 0 0 0 0 0 0 0 0 0 0 0 0 0 0 0 0 0 0 0 0 0 0 0 -9999 -9999 -9999
-242.838 -242.838 -229.386 -214.882 -201.137 -186.513 -179.574 -169.872 -173.793 -167.749 -161.972 -155.224 -139.262 -119.696 -104.662 -104.662 -93.8839 -68.4771 -49.1377 -26.9369 -12.5782 5.27677 -2.2804 19.6736 47.0872 71.1144 82.5409 97.6603 121.252 125.442 49.2665 12.8496 -40.3359 -29.677 -23.115 -9.991 -3.42899 -3.42899 9.69501 21.3418 40.6494 45.786 62.3297 80.8189 80.8189 78.596 85.0726 0 0 0 0 0 0 0 0 0 0 0 0 0 0 0 0 0 0 0 0 0 0 0 0 0 0 0 0 0 0 -9999 -9999
-257.284 -244.825 -233.91 -214.857 -217.2 -203.638 -194.045 -183.311 -175.374 -168.83 -159.801 -159.801 -153.591 -139.182 -128.479 -115.874 -102.727 -72.8378 -55.8137 -55.8137 -34.3772 -16.78 -4.10316 13.6538 35.0339 65.9666 51.8101 89.678 91.5192 85.986 -21.2725 -40.9869 -46.082 -46.082 -36.0448 -26.396 -19.834 0.710339 3.133 21.3418 12.976 29.381 56.8447 66.8572 62.191 78.596 92.3006 0 0 0 0 0 0 0 0 0 0 0 0 0 0 0 0 0 0 0 0 0 0 0 0 0 0 0 0 0 0 0 -9999
-271.726 -258.381 -248.4 -230.479 -217.2 -204.701 -195.049 -186.642 -192.723 -180.382 -171.365 -161.944 -154.721 -141.609 -133.991 -133.991 -126.841 -108.456 -89.6237 -62.2334 -28.6461 -12.3228 -16.3306 -4.79544 6.96281 29.7235 65.3445 82.5211 59.1899 59.1899 -18.3982 -59.6754 -55.925 -46.082 -40.8509 -29.677 -26.396 -26.396 -7.0385 13.1145 22.819 33.4113 58.4227 77.1979 42.5836 42.475 73.2281 0 0 0 0 0 0 0 0 0 0 0 0 0 0 0 0 0 0 0 0 0 0 0 0 0 0 0 0 0 0 0 -9999
-273.635 -260.223 -247.48 -230.139 -230.139 -217.804 -207.552 -200.442 -192.723 -182.194 -171.365 -173.533 -162.729 -158.12 -143.232 -139.647 -126.841 -112.961 -89.6237 -91.2132 -61.6003 -38.0703 -16.3306 -4.45289 6.96281 44.4381 40.9802 57.5428 65.6923 43.6187 -13.9566 -56.714 -55.925 -55.925 -52.644 -42.801 -36.239 -7.29564 3.133 5.81458 18.1568 26.6145 0 48.3114 47.6991 32.7744 58.91 0 0 0 142.228 0 0 0 0 0 0 0 0 0 0 0 0 0 0 0 0 0 0 0 0 0 0 0 0 0 0 0 0
-285.418 -272.693 -259.794 -251.61 -233.127 -217.594 -206.616 -202.48 -202.48 -195.243 -188.703 -180.707 -166.666 -164.201 -152.646 -158.332 -145.646 -135.135 -115.687 -95.9512 -69.0027 -47.3366 -47.3366 -20.6243 -2.05822 25.062 40.9802 57.2915 65.6923 65.86 44.7501 6.07111 -50.1161 -62.487 -52.644 -43.9529 -36.239 -29.677 -16.553 -4.54616 18.1568 11.6515 0 32.2775 32.2775 55.189 50.8036 81.7635 80.611 117.968 127.065 127.065 147.497 0 0 197.588 0 0 0 0 0 0 0 0 0 0 0 0 0 0 0 0 0 0 0 0 0 0 0
-283.877 -277.393 -266.237 -254.141 -254.141 -239.097 -222.998 -213.21 -204.565 -196.253 -183.446 -188.451 -179.909 -176.562 -170.794 -167.915 -154.453 -141.503 -141.503 -123.134 -100.786 -79.1008 -50.3543 -22.7613 -3.78784 25.4617 25.4617 30.6836 48.7821 67.5045 57.1917 27.8456 -42.8963 -35.4321 -62.487 -46.3788 -36.239 -19.834 -6.70999 6.414 6.414 -2.88376 19.5223 39.224 35.943 46.4843 50.8036 49.067 75.7328 92.5542 108.125 124.382 147.497 223.95 0 139.185 200.638 0 0 0 0 0 0 0 0 0 0 0 0 0 0 0 0 0 0 0 0 0 0
-292.5 -286.547 -287.19 -273.504 -258.226 -239.097 -225.51 -225.51 -216.311 -205.983 -198.924 -188.451 -183.3 -185.15 -176.687 -188.29 -175.788 -166.711 -146.42 -127.665 -102.137 -82.5748 -82.5748 -57.2085 -27.5451 -9.23951 14.2338 28.0539 43.4446 39.579 50.098 61.376 26.0494 -31.8944 -59.2303 -46.082 -46.082 -32.958 -23.115 -25.4796 -8.0063 -0.708919 16.8792 14.9809 14.9809 19.538 45.8829 59.9062 78.6272 76.173 108.125 98.2711 110.248 212.419 338.889 110.838 138.672 0 0 0 0 0 0 0 0 0 0 0 0 0 0 0 0 0 0 0 0 0 0
-291.383 -292.269 -286.961 -276.968 -276.843 -260.538 -247.463 -231.729 -217.868 -210.52 -203.394 -203.394 -199.234 -191.933 -193.329 -188.29 -186.697 -166.711 -171.911 -151.286 -130.258 -105.27 -83.9029 -57.2085 -34.4023 -9.23951 -15.3305 7.19016 26.7075 39.579 44.1572 61.376 31.3971 24.1505 -29.9524 -49.7793 -42.801 -29.677 -23.115 -17.3048 -17.3048 -6.70999 12.976 3.133 15.5654 29.1046 49.067 29.381 58.5672 55.629 78.596 88.4433 112.232 164.218 396.387 123.821 22.819 138.355 0 0 0 0 0 0 0 0 0 0 0 0 0 0 0 0 0 0 0 0 0
-278.37 -284.957 -288.232 -286.081 -275.659 -262.434 -246.847 -246.847 -237.963 -222.354 -214.601 -206.457 -215.1 -201.456 -205.386 -205.386 -204.694 -191.021 -174.497 -152.606 -132.177 -109.265 -115.376 -92.0825 -76.5156 -42.9123 -21.241 7.72371 16.5826 16.5826 18.9358 35.5034 43.0994 24.1505 -28.9741 -49.7793 -46.3432 -39.52 -35.6621 -26.396 -22.8333 -6.70999 -10.1217 3.133 12.976 3.133 19.6137 29.381 57.3013 55.629 55.1608 55.1608 103.19 115.651 100.742 -3.93366 100.801 122.604 122.604 0 0 0 0 0 0 0 0 0 0 0 0 0 0 0 0 0 0 0 0
-264.449 -283.066 -293.002 -283.595 -292.471 -275.955 -264.299 -251.62 -238.085 -227.123 -230.79 -230.79 -246.139 -231.528 -230.899 -216.819 -204.663 -191.873 -192.725 -175.776 -160.062 -137.078 -129.677 -102.996 -85.3916 -85.3916 -62.545 -27.1128 -13.4981 1.6822 -0.860952 20.0562 33.4989 33.4989 11.8819 -25.7861 -41.379 -42.801 -39.52 -29.677 -32.958 -23.115 -17.5232 -0.14801 -0.14801 9.0939 37.3419 37.3419 49.067 65.2896 78.596 88.5941 95.536 110.12 95.8309 83.0931 16.257 100.217 0 0 0 0 0 0 0 0 0 0 0 0 0 0 0 0 0 0 0 0 0
-232.614 -254.647 -286.865 -302.031 -292.471 -280.313 -264.299 -273.676 -253.682 -247.755 -235.983 -248.64 -246.139 -243.532 -230.899 -233.16 -216.325 -206.952 -192.725 -180.699 -180.542 -158.048 -184.146 -149.139 -137.616 -101.46 -73.7646 -37.351 -27.9644 -27.9644 -29.2348 -5.19525 1.13178 20.3121 7.69652 -22.6956 -25.504 -46.3883 -46.082 -36.239 -29.677 -23.115 -19.834 -15.5887 -6.70999 3.133 16.257 32.662 49.067 58.91 75.315 75.315 68.5885 91.72 -9.991 -13.272 100.434 79.1169 117.968 0 0 0 0 0 0 0 0 0 0 0 0 0 0 0 0 0 0 0 0
-217.456 -263.982 -298.803 -307.338 -307.338 -298.944 -288.733 -285.574 -264.175 -256.239 -245.87 -254.866 -259.158 -262.934 -249.659 -235.868 -225.821 -223.118 -223.118 -217.569 -197.422 -200.353 -184.146 -171.298 -137.616 -153.073 -111.058 -83.0834 -49.0073 -50.617 -29.2348 -19.6465 1.13178 -16.3925 3.17934 -6.08395 -25.504 -50.1426 -46.082 -36.239 -36.239 -29.677 -23.115 -19.834 -5.62652 3.5528 22.819 22.819 21.404 44.8204 50.2812 65.5909 76.3253 44.0931 -16.553 -6.70999 91.8667 107.427 0 0 0 0 0 0 0 0 259.874 275.92 0 0 0 0 0 0 0 0 0 0 0
-112.566 -191.49 -272.103 -313.765 -311.81 -310.925 -294.858 -315.264 -295.59 -298.376 -275.915 -272.739 -268.763 -275.838 -275.838 -269.052 -246.552 -231.804 -230.454 -213.552 -205.671 -202.376 -202.376 -195.842 -180.567 -159.462 -119.067 -89.4685 -67.9288 -83.8859 -70.7881 -62.5582 -40.1885 -33.0279 -16.4907 -16.1623 -16.1623 -44.0277 -47.6319 -42.801 -39.52 -29.677 -23.115 -26.396 -16.553 -6.85107 2.08668 19.538 21.404 31.7054 50.2812 52.348 65.472 -29.677 -16.553 89.4046 91.8667 96.766 96.766 0 0 0 0 0 0 0 223.591 275.094 0 0 0 0 0 0 0 0 0 0 0
-101.177 -191.49 -280.217 -313.765 -338.598 -334.16 -345.106 -334.728 -309.884 -314.221 -285.693 -295.593 -286.15 -291.638 -288.153 -280.209 -255.258 -230.254 -230.254 -217.492 -208.687 -209.986 -203.238 -201.649 -189.139 -194.814 -166.135 -142.499 -106.234 -98.8178 -82.3296 -75.0887 -53.5991 -69.7059 -49.8723 -31.7817 -36.4055 -54.9807 -52.644 -43.2384 -43.2384 -32.9545 -26.396 -16.553 -9.991 -0.14801 3.133 3.133 19.538 35.943 45.786 55.629 62.191 49.067 49.067 78.596 81.877 81.877 82.8712 0 119.742 127.811 127.811 0 0 199.993 223.591 0 0 0 0 0 0 0 0 0 0 0 0
42.926 -68.3826 -156.192 -272.727 -351.954 -364.776 -357.463 -357.463 -334.984 -326.109 -322.132 -295.593 -298.728 -291.638 -299.607 -290.698 -283.556 -260.025 -231.366 -217.492 -212.156 -209.986 -208.184 -204.755 -203.562 -194.814 -172.918 -142.499 -124.022 -137.495 -117.607 -112.089 -94.0203 -84.7978 -42.5834 -48.1666 -48.1666 -61.1622 -55.925 -46.082 -42.801 -29.677 -21.7046 -23.115 -13.7379 -3.42899 -0.14801 12.976 26.1 9.79381 45.786 37.826 -39.52 58.91 52.348 68.753 72.034 81.877 81.877 88.439 104.844 124.53 134.373 163.902 177.531 170.464 194.849 0 0 0 0 0 0 0 0 0 0 0 0
92.2701 -31.3986 -150.754 -150.754 -270.755 -341.341 -341.631 -344.243 -329.732 -336.267 -319.834 -319.834 -309.293 -307.254 -302.793 -294.415 -276.315 -256.313 -253.528 -232.812 -221.185 -214.585 -214.638 -209.57 -210.789 -210.789 -210.718 -189.422 -174.187 -137.495 -131.603 -112.089 -122.249 -104.592 -68.2775 -56.0488 -64.1159 -61.1622 -52.644 -46.082 -42.801 -36.239 -26.396 -23.115 -13.272 -3.42899 3.133 3.133 -55.925 22.819 -51.455 -41.1952 49.067 58.91 58.91 52.348 62.191 68.8002 78.596 91.2819 104.844 104.844 121.249 132.623 154.059 152.405 199.063 0 0 0 0 0 0 0 0 0 0 0 0
240.443 116.886 -13.8069 -148.946 -263.038 -324.78 -316.202 -316.202 -300.766 -319.331 -327.635 -323.573 -318.22 -308.42 -314.036 -305.9 -291.429 -274.852 -260.352 -236.438 -228.021 -217.67 -225.058 -218.586 -221.004 -220.39 -219.971 -203.683 -189.028 -189.028 -163.944 -141.759 -131.016 -89.6216 -74.4995 -68.0341 -68.6696 -65.5029 -52.644 -46.082 -39.52 -29.677 -26.396 -26.396 -60.6637 -33.716 -3.42899 9.69501 19.538 22.819 32.662 32.662 39.224 45.786 49.067 52.348 58.3795 68.8002 65.472 75.315 88.439 104.844 121.249 132.623 145.857 145.857 140.935 170.464 0 0 0 0 0 0 0 0 0 0 0
240.443 128.246 -13.8069 -43.4023 -157.348 -231.689 -293.948 -287.926 -300.766 -323.267 -327.635 -332.438 -326.885 -326.146 -314.036 -306.117 -287.673 -268.943 -268.85 -256.961 -247.638 -232.326 -228.903 -223.178 -226.88 -226.88 -234.202 -225.286 -217.838 -192.122 -169.92 -153.02 -137.599 -116.743 -94.754 -76.201 -93.6474 -60.808 -52.644 -47.2454 -92.016 -90.4607 -32.958 -24.3731 -19.834 -9.991 -3.42899 -3.42899 3.133 14.2167 19.538 29.381 29.381 35.943 31.6672 39.224 49.067 58.91 62.191 75.315 88.439 88.439 101.563 112.597 124.53 122.069 144.717 180.307 0 0 0 0 0 0 0 0 0 0 0
324.803 202.632 86.8814 -70.7 -159.104 -215.195 -262.142 -275.094 -291.928 -334.719 -340.177 -339.232 -331.614 -331.074 -331.074 -315.151 -303.213 -279.798 -268.85 -260.873 -247.638 -255.29 -237.402 -235.52 -230.9 -239.399 -234.202 -230.948 -217.838 -212.73 -187.603 -173.146 -137.599 -120.482 -94.754 -101.864 -75.611 -65.768 -55.925 -65.768 -49.363 -38.9985 -32.958 -32.958 -29.677 -19.834 -7.43414 1.16653 1.25253 9.69501 9.57218 17.9213 16.257 22.819 27.6444 35.943 45.786 52.348 56.6711 65.472 78.596 91.72 85.158 98.5982 111.406 111.406 126.99 143.891 0 0 0 0 0 0 0 0 0 0 0
292.622 174.058 43.7562 1.42443 -99.7717 -188.419 -228.973 -288.155 -310.531 -347.585 -347.585 -347.578 -345.87 -351.943 -331.555 -318.319 -307.383 -288.829 -288.829 -281.035 -267.053 -259.01 -244.973 -250.703 -243.299 -266.263 -255.867 -246.357 -232.532 -202.738 -186.016 -161.611 -161.611 -147.054 -120.853 -83.9448 -75.611 -65.768 -55.925 -52.644 -52.644 -49.363 -39.52 -32.958 -29.677 -16.553 -7.43414 -16.553 -9.991 -6.70999 9.57218 12.976 16.257 16.257 16.257 26.1 35.943 45.786 52.348 67.3661 65.472 65.472 78.596 81.877 98.282 114.687 108.261 124.53 0 0 0 0 0 0 0 0 0 0 0
374.533 301.679 137.037 -14.1104 -120.225 -181.144 -238.302 -247.511 -287.591 -313.46 -335.123 -355.293 -352.711 -361.377 -361.377 -344.929 -319.883 -320.198 -300.003 -288.965 -276.834 -287.003 -274.744 -285.869 -275.804 -280.628 -263.138 -244.218 -224.512 -210.88 -195.716 -185.661 -163.078 -136.276 -100.851 -78.892 -78.892 -72.33 -62.487 -62.487 -55.925 -46.082 -42.801 -42.801 -36.239 -31.5576 -23.115 -20.9986 -15.5048 -6.70999 -6.70999 -0.14801 8.06342 9.69501 19.538 22.819 32.662 39.224 39.224 44.7162 58.91 62.191 78.596 85.158 98.282 88.439 98.282 101.563 119.236 0 0 295.911 295.911 166.924 185.701 0 0 0 0
319.7 273.688 124.077 124.077 -27.0711 -126.814 -193.342 -247.511 -290.85 -313.46 -318.473 -337.822 -369.698 -367.507 -369.518 -344.929 -319.456 -320.198 -320.506 -304.744 -296.864 -287.003 -294.782 -295.054 -293.737 -296.079 -279.377 -257.295 -234.54 -213.344 -196.727 -176.694 -176.694 -165.405 -131.152 -98.5608 -76.3043 -72.6996 -68.6683 -69.049 -62.487 -55.925 -49.363 -42.801 -41.6197 -39.52 -29.677 -29.677 -26.396 -16.553 -1.60268 -0.14801 3.133 3.133 3.133 12.976 19.538 23.3895 35.612 42.505 45.786 45.786 62.191 65.472 78.596 88.3146 98.282 101.563 101.563 125.374 263.016 144.216 157.34 180.307 213.989 0 0 0 0
0 390.957 274.618 101.157 -57.848 -155.639 -231.925 -231.925 -309.086 -304.067 -349.435 -358.659 -367.694 -368.73 -373.406 -361.933 -338.75 -325.77 -322.309 -311.268 -310.912 -310.912 -314.833 -303.883 -307.553 -296.079 -289.969 -257.295 -262.854 -230.475 -213.942 -199.2 -180.309 -165.405 -136.338 -98.5608 -108.124 -78.7008 -78.1656 -69.049 -62.487 -55.925 -49.09 -49.363 -46.082 -46.082 -39.52 -36.239 -29.677 -26.396 -26.396 -16.553 -13.272 -6.70999 3.133 6.414 16.257 19.538 26.1 29.381 39.224 49.067 69.6635 72.034 75.315 75.315 88.439 96.4095 104.844 111.406 127.811 127.811 127.811 200.083 0 0 265.307 0 0
0 429.127 202.547 202.547 69.444 -64.9113 -187.189 -282.769 -380.695 -378.469 -431.759 -398.979 -392.599 -385.128 -378.622 -352.923 -338.092 -326.683 -337.683 -332.322 -336.203 -323.942 -323.671 -315.521 -321.106 -321.106 -327.6 -304.026 -271.045 -237.399 -221.178 -201.077 -208.039 -184.962 -165.742 -143.354 -119.06 -95.8862 -85.0567 -85.0567 -76.5915 -62.5358 -52.644 -49.363 -49.363 -46.082 -39.52 -39.52 -32.958 -26.396 -23.115 -16.553 -13.272 -6.70999 -6.70999 -0.14801 9.69501 19.538 26.1 29.381 39.224 39.224 49.067 58.91 65.472 78.596 85.158 85.158 85.158 78.596 95.001 108.125 161.032 0 0 203.274 203.274 0 0
