gis_data/PP1766_DIS_Layer3_Top_ASCII.txt
ncols         308
nrows         431
xllcorner     -321143.35392317
yllcorner     1277883.4776336
cellsize      1609.334
NODATA_value  -9999
[rows 245 to 279 of 431, columns 160 to 239 of 308]
-18.927 -16.0103 -9.65601 -11.7374 -3.95089 2.81298 6.04739 13.3155 21.2728 32.5818 32.5818 44.7762 69.9204 86.4028 103.042 110.007 126.291 116.985 131.562 138.478 154.742 167.241 187.656 205.349 205.349 217.375 189.595 141.641 135.309 139.735 158.414 181.381 181.381 204.133 0 0 0 0 0 0 0 0 0 0 0 0 0 0 0 0 0 0 0 0 0 0 0 0 0 0 0 0 0 0 0 0 0 0 0 -9999 -9999 -9999 -9999 -9999 -9999 -9999 -9999 -9999 -9999 -9999
-24.1803 -22.5978 -17.8527 -11.1651 -4.32621 -0.266938 -0.266938 9.09434 15.7667 24.9047 32.6075 48.2597 68.1315 82.5056 82.5056 93.6059 104.833 113.805 122.222 134.264 147.915 149.398 171.91 196.249 208.703 213.472 192.909 143.343 143.343 129.404 149.429 158.414 181.381 220.753 0 0 0 0 0 0 0 0 0 0 0 0 0 0 0 0 0 0 0 0 0 0 0 0 0 0 0 0 0 0 0 0 0 0 0 -9999 -9999 -9999 -9999 -9999 -9999 -9999 -9999 -9999 -9999 -9999
-25.7268 -23.5221 -20.286 -21.1885 -14.6168 -5.37873 1.18878 11.2149 15.7752 28.4494 28.4494 35.5366 48.3096 63.6696 79.0699 96.2324 103.494 107.056 118.119 129.139 138.244 157.224 178.414 200.277 200.277 214.057 214.968 206.089 147.755 141.502 155.133 165.107 165.107 184.662 231.785 0 0 0 0 0 0 0 0 0 0 0 0 0 0 0 0 0 0 0 0 0 0 0 0 0 0 0 0 0 0 0 0 0 0 0 -9999 -9999 -9999 -9999 -9999 -9999 -9999 -9999 -9999 -9999
-30.3199 -28.2112 -23.6618 -21.1885 -14.725 -5.37873 -6.45791 3.1742 9.37632 18.846 28.4148 35.5366 50.0365 50.0365 65.5306 80.6568 98.0666 107.056 122.242 129.139 142.903 145.51 162.47 187.199 202.753 216.853 223.889 208.587 208.587 166.51 148.458 165.537 184.662 194.505 233.913 210.91 0 0 0 0 0 0 0 0 0 0 0 0 0 0 0 0 0 0 0 0 0 0 0 0 0 0 0 0 0 0 0 0 0 0 -9999 -9999 -9999 -9999 -9999 -9999 -9999 -9999 -9999 -9999
-32.2966 -30.9144 -29.7249 -26.1346 -18.7187 -13.2552 -7.86629 -0.651147 9.6834 17.5383 21.5583 31.1167 40.3806 51.7222 67.6137 82.7943 104.418 104.418 116.122 126.245 135.674 145.51 166.989 187.199 190.551 207.091 222.351 226.242 211.87 166.51 160.563 160.563 166.38 184.662 173.843 210.91 225.637 0 0 0 0 0 0 0 0 0 0 0 0 0 0 0 0 0 0 0 0 0 0 0 0 0 0 0 0 0 0 0 0 0 0 -9999 -9999 -9999 -9999 -9999 -9999 -9999 -9999 -9999
-36.0473 -31.2037 -25.1069 -26.579 -21.5381 -19.7845 -19.709 -10.7183 -1.0241 9.5271 25.4062 32.5789 44.708 44.708 56.9208 72.1074 94.8507 107.394 121.943 128.585 140.095 140.095 156.197 172.212 194.317 208.525 221.149 218.412 229.231 213.537 178.958 163.664 167.857 158.414 204.348 204.348 210.91 229.924 0 0 0 0 0 0 0 0 0 0 0 0 0 0 0 0 0 0 0 0 0 0 0 0 0 0 0 0 0 0 0 0 0 0 -9999 -9999 -9999 -9999 -9999 -9999 -9999 -9999
-36.0473 -27.0929 -27.0929 -25.0558 -25.8587 -20.3422 -19.709 -14.243 -2.47433 11.4486 13.5347 27.3121 40.4417 49.4178 60.01 76.6467 96.3197 96.3197 113.26 125.207 138.858 146.668 161.271 176.176 178.304 191.448 206.735 221.013 218.183 208.036 161.628 161.628 161.695 180.224 187.943 201.067 201.067 228.246 302.226 302.226 0 0 0 0 0 0 0 0 0 0 0 0 0 0 0 0 0 0 0 0 0 0 0 0 0 0 0 0 0 0 0 0 -9999 -9999 -9999 -9999 -9999 -9999 -9999 -9999
-37.9968 -32.9796 -25.9743 -22.1512 -21.2146 -22.068 -22.068 -21.2348 -12.3747 -0.0196533 13.5347 26.8283 40.4417 39.2133 47.6725 62.4889 76.3049 96.7924 113.26 126.968 126.968 139.595 151.186 161.414 178.304 194.241 206.735 220.767 220.767 227.498 180.435 161.2 161.695 174.819 184.662 184.662 167.218 187.943 218.554 271.87 0 0 0 0 0 0 0 0 0 0 0 0 0 0 0 0 0 0 0 0 0 0 0 0 0 0 0 0 0 0 0 0 0 -9999 -9999 -9999 -9999 -9999 -9999 -9999
-39.7488 -30.9954 -30.9954 -24.2334 -22.5722 -23.0985 -16.9807 -14.9472 -9.89996 1.18139 1.18139 14.3242 27.3563 38.9626 50.258 64.5765 80.8289 78.8287 96.2743 111.123 126.268 143.168 154.686 161.899 161.899 170.648 187.887 194.78 207.833 202.518 180.435 152.78 151.852 156.041 171.538 178.1 167.218 204.449 218.554 228.217 0 0 0 0 0 0 0 0 0 0 0 0 0 0 0 0 0 0 0 0 0 0 0 0 0 0 0 0 0 0 0 0 0 -9999 -9999 -9999 -9999 -9999 -9999 -9999
-45.8369 -40.7741 -30.0164 -23.5465 -23.0832 -21.6453 -21.6453 -20.4404 -15.2525 -6.93205 2.20794 15.9797 25.017 29.9922 41.6985 54.8718 65.5505 81.1283 96.476 110.796 110.796 118.598 134.142 149.861 161.843 169.904 185.465 199.355 199.355 170.981 162.114 137.177 148.571 155.133 168.257 153.877 166.878 187.943 204.348 223.077 241.773 0 0 0 0 0 0 0 0 0 0 0 0 0 0 0 0 0 0 0 0 0 0 0 0 0 0 0 0 0 0 0 0 0 -9999 -9999 -9999 -9999 -9999 -9999
-47.9376 -40.7741 -39.9962 -30.5764 -27.0188 -23.0937 -23.8945 -20.4404 -12.9699 -12.9699 -3.79215 4.66271 18.6047 29.9922 43.8254 54.8718 66.1397 71.647 81.2563 89.2664 102.539 117.511 135.066 145.904 145.904 153.384 164.347 169.885 171.19 124.833 126.931 122.323 132.166 142.009 151.852 169.638 168.277 191.224 191.224 199.329 207.183 219.822 0 0 0 0 0 0 0 0 0 0 0 0 0 0 0 0 0 0 0 0 0 0 0 0 0 0 0 0 0 0 0 0 -9999 -9999 -9999 -9999 -9999 -9999
-49.7385 -46.9625 -39.2513 -32.6861 -27.7786 -23.6234 -23.0995 -22.3372 -17.1225 -14.316 -2.28654 6.22939 18.5172 18.5172 30.5412 43.3849 57.4148 71.647 78.1966 89.2664 87.0921 101.151 114.457 129.644 139.449 153.384 160.09 169.885 135.102 127.772 110.299 122.323 128.885 142.009 148.571 148.571 161.695 173.342 192.649 197.786 214.33 232.819 232.819 230.596 237.073 0 0 0 0 0 0 0 0 0 0 0 0 0 0 0 0 0 0 0 0 0 0 0 0 0 0 0 0 0 0 -9999 -9999 -9999 -9999 -9999
-51.57 -45.008 -45.008 -38.4948 -32.0939 -28.927 -22.8892 -20.1153 -11.9931 -11.9931 -8.34506 0.820718 9.58125 17.5206 27.2675 44.4422 54.3969 54.3969 64.9522 74.8728 85.0983 100.89 109.02 128.443 118.152 131.117 138.631 144.579 106.507 104.336 105.918 105.918 115.955 125.604 132.166 152.71 155.133 173.342 164.976 181.381 208.845 218.857 214.191 230.596 244.301 0 0 0 0 0 0 0 0 0 0 0 0 0 0 0 0 0 0 0 0 0 0 0 0 0 0 0 0 0 0 0 -9999 -9999 -9999 -9999
-51.57 -45.008 -45.008 -38.4433 -33.422 -29.7012 -30.0844 -22.6934 -16.6125 -11.8314 -6.49222 0.815312 7.74538 7.74538 11.9283 24.6081 37.4482 51.4989 68.5242 78.4336 72.6862 84.6513 89.8993 105.615 111.684 126.753 123.639 123.639 99.1027 88.4525 96.075 105.918 111.149 122.323 125.604 125.604 144.962 165.115 174.819 185.411 210.423 229.198 194.584 194.475 225.228 0 0 0 0 0 0 0 0 0 0 0 0 0 0 0 0 0 0 0 0 0 0 0 0 0 0 0 0 0 0 0 -9999 -9999 -9999 -9999
-48.289 -41.727 -41.727 -41.727 -37.4234 -35.6213 -30.0844 -22.5682 -16.6125 -16.2194 -9.81998 -7.51847 2.40577 5.15088 11.9283 21.9182 37.4482 35.2418 51.3739 57.0487 72.6862 78.5364 89.8993 94.6602 92.5842 106.61 116.514 115.292 98.3744 87.3874 96.075 96.075 99.356 109.199 115.761 144.704 155.133 157.815 170.157 178.614 0 200.311 199.699 184.774 210.91 0 0 0 294.228 0 0 0 0 0 0 0 0 0 0 0 0 0 0 0 0 0 0 0 0 0 0 0 0 0 0 0 0 -9999 -9999 -9999
-45.008 -45.008 -41.727 -38.446 -35.9676 -33.292 -33.292 -27.5629 -26.5378 -19.3329 -11.0973 -8.24036 -3.39816 -4.00928 2.26187 8.76838 21.3637 29.7151 41.6125 50.8996 50.8996 60.1245 75.5389 80.5222 92.5842 106.466 116.514 116.276 112.721 105.144 93.8776 89.513 99.356 108.047 115.761 122.323 135.447 147.454 170.157 163.651 0 184.278 184.278 207.189 202.804 233.763 232.611 269.968 279.065 279.065 299.497 0 0 349.588 0 0 0 0 0 0 0 0 0 0 0 0 0 0 0 0 0 0 0 0 0 0 0 -9999 -9999 -9999
-45.008 -41.5704 -41.5704 -41.727 -38.446 -34.8684 -31.424 -25.5942 -18.2457 -20.2237 -16.4741 -12.8773 -9.50489 -9.64585 -0.296318 5.3879 5.3879 16.8189 26.2912 35.1088 45.3313 57.7183 71.4507 80.9153 80.9153 98.4545 112.568 116.437 116.684 112.157 91.9686 94.2864 89.513 105.621 115.761 132.166 145.29 158.414 158.414 149.116 171.522 191.224 187.943 198.484 202.804 201.067 227.733 244.554 260.125 276.382 299.497 375.95 0 291.185 352.638 0 0 0 0 0 0 0 0 0 0 0 0 0 0 0 0 0 0 0 0 0 0 0 -9999 -9999
-41.727 -41.727 -38.446 -41.727 -35.165 -35.165 -31.884 -29.5736 -26.3818 -20.2237 -15.9068 -14.6356 -10.9624 -17.2705 -9.38285 -3.9887 4.45329 14.0276 26.6534 34.7798 34.7798 42.7029 56.5335 68.9672 84.3382 96.5623 109.01 106.433 116.031 118.055 108.312 97.2405 90.5925 105.918 105.918 119.042 128.885 126.52 143.994 151.291 168.879 166.981 166.981 171.538 197.883 211.906 230.627 228.173 260.125 250.271 262.248 364.419 490.889 262.838 290.672 0 0 0 0 0 0 0 0 0 0 0 0 0 0 0 0 0 0 0 0 0 0 0 0 -9999
-38.446 -38.446 -35.165 -35.165 -35.165 -35.165 -31.3341 -31.3262 -26.6859 -26.6859 -23.0828 -19.5378 -16.2538 -17.2705 -14.2739 -3.9887 -7.0596 1.47357 14.0909 24.8961 34.6252 42.7029 53.1048 68.9672 67.5623 81.8608 95.7463 106.433 112.766 118.055 114.499 109.214 99.4365 100.29 109.199 122.323 128.885 134.695 134.695 145.29 164.976 155.133 167.565 181.105 201.067 181.381 210.567 207.629 230.596 240.443 264.232 316.218 548.387 275.821 174.819 290.355 0 0 0 0 0 0 0 0 0 0 0 0 0 0 0 0 0 0 0 0 0 0 0 -9999
-28.603 -35.165 -31.884 -31.884 -28.603 -28.603 -28.603 -28.603 -25.322 -25.322 -25.322 -22.0358 -18.76 -18.76 -18.76 -15.095 -7.39921 1.6405 12.9401 23.0194 20.931 32.0073 40.0608 52.8184 66.2475 84.0109 90.2113 90.2113 97.8194 111.074 109.53 109.214 101.204 100.29 103.246 112.48 116.338 125.604 129.167 145.29 141.878 155.133 164.976 155.133 171.614 181.381 209.301 207.629 207.161 207.161 255.19 267.651 252.742 148.066 252.801 274.603 274.603 0 0 0 0 0 0 0 0 0 0 0 0 0 0 0 0 0 0 0 0 0 0 0
-19.1881 -28.603 -18.76 -25.322 -22.041 -25.322 -22.041 -25.322 -25.322 -25.322 -22.041 -25.322 -19.1697 -15.5671 -15.479 -12.198 -8.91701 -8.59267 -0.957404 11.2543 11.6054 26.3546 33.4178 33.4178 42.3145 63.3116 75.2591 86.1853 89.7713 103.266 105.963 105.963 106.27 103.112 106.683 109.199 112.48 122.323 119.042 128.885 134.477 151.852 151.852 161.094 189.342 189.342 201.067 217.29 230.596 240.594 247.536 262.12 247.831 235.093 168.257 252.217 0 0 0 0 0 0 0 0 0 0 0 0 0 0 0 0 0 0 0 0 0 0 0 0
-15.479 -10.2218 -18.76 -18.76 -22.041 -15.479 -18.76 -18.6577 -22.041 -19.4325 -22.041 -18.76 -19.1697 -12.198 -20.0268 -12.198 -8.91701 -5.636 0.925995 0.925995 7.48801 10.769 17.331 21.1494 38.3452 59.833 67.8073 67.8073 72.0936 87.3944 95.4794 101.036 101.893 101.649 97.468 100.187 105.918 115.761 122.323 128.885 132.166 136.411 145.29 155.133 168.257 184.662 201.067 210.91 227.315 227.315 220.589 243.72 142.009 138.728 252.434 231.117 269.968 0 0 0 0 0 0 0 0 0 0 0 0 0 0 0 0 0 0 0 0 0 0 0
-2.355 -2.355 -2.355 -2.355 -8.91701 -5.636 -12.198 -8.91701 -15.479 -8.91701 -18.76 -15.479 -15.479 -12.198 -15.479 -8.91701 -8.91701 -2.355 -2.355 0.925995 7.48801 14.05 17.331 20.612 23.893 33.6858 54.0049 56.481 72.0936 81.8093 95.4794 88.3578 92.7271 94.7742 97.468 99.6866 105.918 115.761 115.761 122.323 128.885 132.166 146.373 155.553 174.819 174.819 173.404 196.82 202.281 217.591 228.325 196.093 135.447 145.29 243.867 259.427 0 0 0 0 0 0 0 0 411.874 427.92 0 0 0 0 0 0 0 0 0 0 0 0 0 0
23.893 20.612 7.48801 7.48801 0.925995 4.29664 0.925995 4.207 -2.355 -2.355 -8.91701 -12.198 -12.198 -12.198 -18.76 -5.636 -8.91701 -2.355 0.925995 4.207 4.207 10.769 14.05 23.893 27.174 33.736 46.1846 40.298 48.036 57.0724 71.8381 80.04 93.2244 91.8168 91.8168 97.2697 102.889 109.199 112.48 122.323 128.885 125.604 135.447 145.149 154.087 171.538 173.404 183.705 202.281 204.348 217.472 122.323 135.447 241.405 243.867 248.766 248.766 0 0 0 0 0 0 0 375.591 427.094 0 0 0 0 0 0 0 0 0 0 0 0 0 0
37.017 20.612 33.736 17.331 14.05 17.331 10.769 14.05 4.207 14.05 4.207 2.80567 -8.13793 -8.91701 -8.91701 -5.0363 -5.0363 -5.636 0.925995 0.925995 4.92955 13.122 17.331 20.612 23.893 33.736 37.017 46.86 53.422 59.984 66.546 63.265 73.108 82.3967 88.6888 96.2126 99.356 108.762 108.762 119.045 125.604 135.447 142.009 151.852 155.133 155.133 171.538 187.943 197.786 207.629 214.191 201.067 201.067 230.596 233.877 233.877 234.871 0 271.742 279.811 279.811 0 0 351.993 375.591 0 0 0 0 0 0 0 0 0 0 0 0 0 0 0
76.389 51.8229 37.017 23.893 23.893 23.893 27.174 20.612 20.612 14.05 14.05 2.80567 7.48801 -2.355 -2.355 -5.636 -2.355 -5.636 0.925995 0.925995 5.14815 10.7363 17.331 20.612 27.174 33.736 37.017 40.298 43.579 53.422 56.703 66.546 75.415 80.9083 80.9083 89.513 96.075 105.918 109.199 122.323 130.295 128.885 138.262 148.571 151.852 164.976 178.1 161.794 197.786 189.826 112.48 210.91 204.348 220.753 224.034 233.877 233.877 240.439 256.844 276.53 286.373 315.902 329.531 322.464 346.849 0 0 0 0 0 0 0 0 0 0 0 0 0 0 0
89.513 89.513 69.827 43.579 37.017 33.736 37.017 27.174 30.455 30.455 33.736 20.612 10.769 0.925995 -2.355 -5.636 -2.355 -2.355 0.925995 0.925995 4.207 10.769 17.331 17.331 23.893 27.174 33.736 40.298 46.86 53.422 53.422 59.984 69.9798 73.8264 83.0351 89.513 99.356 105.918 109.199 115.761 125.604 128.885 138.728 148.571 155.133 155.133 96.075 174.819 100.545 110.805 201.067 210.91 210.91 204.348 214.191 220.8 230.596 243.282 256.844 256.844 273.249 284.623 306.059 304.405 351.063 0 0 0 0 0 0 0 0 0 0 0 0 0 0 0
148.798 102.637 66.546 50.141 46.86 46.86 53.422 46.0574 46.86 40.298 35.8431 23.893 27.174 14.05 4.207 -2.355 -2.355 -2.355 0.925995 4.207 7.48801 7.48801 14.05 17.331 27.174 30.455 33.736 33.736 43.579 50.141 56.703 63.265 73.1721 76.4243 82.951 86.232 99.356 105.918 112.48 122.323 125.604 125.604 91.3363 118.284 148.571 161.695 171.538 174.819 184.662 184.662 191.224 197.786 201.067 204.348 210.379 220.8 217.472 227.315 240.439 256.844 273.249 284.623 297.857 297.857 292.935 322.464 0 0 0 0 0 0 0 0 0 0 0 0 0 0
148.798 128.885 95.131 69.827 53.422 59.984 53.422 56.703 46.86 56.703 46.86 40.298 27.174 17.331 10.769 0.925995 4.207 -5.636 -2.51282 4.207 7.48801 10.769 17.331 17.331 20.612 27.174 30.455 37.017 46.86 50.141 53.422 59.984 66.546 76.389 58.3534 91.192 99.356 104.755 59.984 61.5393 119.042 127.627 132.166 142.009 148.571 148.571 155.133 166.217 171.538 181.381 181.381 187.943 183.667 191.224 201.067 210.91 214.191 227.315 240.439 240.439 253.563 264.597 276.53 274.069 296.717 332.307 0 0 0 0 0 0 0 0 0 0 0 0 0 0
201.226 132.166 86.6192 79.67 66.546 85.6856 75.2547 74.6304 65.9759 66.546 53.422 43.579 43.579 37.017 23.893 17.331 4.207 0.925995 -2.51282 0.925995 7.48801 10.769 10.769 17.331 20.612 27.174 30.455 33.736 40.298 47.079 53.422 59.984 66.546 50.141 76.389 86.232 96.075 86.232 102.637 113.001 119.042 119.042 122.323 132.166 144.566 153.167 153.253 161.695 161.572 169.921 168.257 174.819 179.644 187.943 197.786 204.348 208.671 217.472 230.596 243.72 237.158 250.598 263.406 263.406 278.99 295.891 0 0 0 0 0 0 0 0 0 0 0 0 0 0
198.717 221.231 155.133 109.199 92.794 99.3933 86.232 86.232 86.232 82.951 69.827 63.265 50.141 40.298 27.174 17.331 17.331 14.05 4.207 7.48801 10.769 14.05 14.1029 17.331 20.612 27.174 29.3914 38.8986 40.298 46.86 46.86 52.1212 53.422 69.827 76.389 86.232 96.075 99.356 99.356 102.637 112.48 119.042 122.323 135.447 144.566 135.447 142.009 145.29 161.572 164.976 168.257 168.257 168.257 178.1 187.943 197.786 204.348 219.366 217.472 217.472 230.596 233.877 250.282 266.687 260.261 276.53 0 0 0 0 0 0 0 0 0 0 0 0 0 0
304.952 243.72 158.414 125.604 112.48 132.166 112.48 105.918 93.3357 89.1725 76.389 69.827 69.827 59.984 46.86 30.455 20.612 14.05 4.207 7.48801 7.48801 14.05 17.331 20.612 23.893 27.174 33.736 33.736 40.298 46.86 50.141 56.703 63.265 73.108 73.108 79.67 89.513 89.513 96.075 105.918 109.199 109.199 115.761 120.442 128.885 131.001 136.495 145.29 145.29 151.852 160.063 161.695 171.538 174.819 184.662 191.224 191.224 196.716 210.91 214.191 230.596 237.158 250.282 240.439 250.282 253.563 271.236 0 0 447.911 447.911 318.924 337.701 0 0 0 0 0 0 0
345.038 345.038 247.001 161.695 142.009 132.166 119.042 105.918 118.307 102.637 96.075 82.951 73.108 59.984 50.141 30.455 33.736 23.893 14.05 7.48801 9.02076 14.05 14.05 20.612 26.0022 23.893 29.6743 30.455 40.298 44.7286 44.7286 53.422 59.984 66.546 76.389 79.67 83.3317 82.951 89.513 96.075 102.637 109.199 110.38 112.48 122.323 122.323 125.604 135.447 150.397 151.852 155.133 155.133 155.133 164.976 171.538 175.389 187.612 194.505 197.786 197.786 214.191 217.472 230.596 240.315 250.282 253.563 253.563 277.374 415.016 296.216 309.34 332.307 365.989 0 0 0 0 0 0 0
452.51 336.855 217.616 155.133 161.504 161.504 155.133 135.447 128.885 109.199 102.637 89.513 92.794 79.67 63.265 50.141 37.017 27.174 17.331 17.331 7.48801 10.769 14.05 20.612 20.612 23.893 20.612 27.174 34.9804 40.298 46.86 53.422 59.984 66.546 66.546 76.389 76.389 82.951 89.513 96.075 102.91 102.637 105.918 105.918 112.48 115.761 122.323 125.604 125.604 135.447 138.728 145.29 155.133 158.414 168.257 171.538 178.1 181.381 191.224 201.067 221.663 224.034 227.315 227.315 240.439 248.41 256.844 263.406 279.811 279.811 279.811 352.083 0 0 417.307 0 0 0 0 0
394.194 394.194 292.982 217.472 187.943 174.819 168.257 148.571 158.414 138.728 132.166 115.761 96.075 79.67 66.546 50.141 50.141 37.017 23.893 14.05 7.48801 10.769 14.05 14.05 17.331 17.331 20.612 27.174 37.017 40.298 40.298 46.86 53.422 59.984 66.546 69.827 76.389 76.389 82.951 89.513 99.356 102.637 102.637 105.918 112.48 112.48 119.042 125.604 128.885 135.447 138.728 145.29 145.29 151.852 161.695 171.538 178.1 181.381 191.224 191.224 201.067 210.91 217.472 230.596 237.158 237.158 237.158 230.596 247.001 260.125 313.032 0 0 355.274 355.274 0 0 0 0 0
