gis_data/PP1766_DIS_Layer5_Top_ASCII.txt
ncols         308
nrows         431
xllcorner     -321143.35392317
yllcorner     1277883.4776336
cellsize      1609.334
NODATA_value  -9999
[rows 175 to 209 of 431, columns 79 to 157 of 308]
0 0 0 0 -268.059 -284.595 -281.314 -281.314 -294.438 -287.876 -297.719 -297.719 -265.157 -297.719 -62.0419 -291.157 -294.438 -297.719 -276.757 -202.57 -241.9 -228.818 -228.818 -224.566 -258.347 -268.19 -284.595 -294.438 -301 -301 -301.391 -304.281 -304.281 -304.281 -304.281 -304.281 -304.281 -291.453 -293.55 -301 -301 -301 -294.438 -291.157 -291.157 -284.595 -284.595 -274.752 -280.327 -258.347 -267.443 -245.223 -245.223 -228.818 -224.093 -209.132 -209.132 -192.07 -192.07 -179.603 -146.793 -150.074 -146.793 -139.41 -116.65 -188.826 -14.9582 -84.454 -55.9536 -84.454 2.37843 -84.454 0 0 0 407.696 0 0 0
0 0 0 0 0 -258.347 -297.719 -294.438 -295.573 -297.719 -294.438 -294.438 -290.597 -191.79 0.0292615 49.7234 -297.719 -297.719 -233.902 -199.289 -170.082 -197.011 -170.005 -224.566 -228.491 -228.491 -241.942 -278.033 -287.876 -301 -294.254 -304.281 -304.281 -304.281 -307.562 -307.562 -294.421 -291.453 -304.281 -304.281 -304.281 -301 -301 -297.719 -291.157 -281.314 -281.359 -278.033 -281.314 -264.909 -263.223 -245.223 -238.661 -228.818 -228.818 -215.694 -206.271 -192.727 -186.165 -169.76 -159.917 -150.972 -150.972 -202.435 -119.998 -64.768 -73.9492 -84.454 -84.454 -40.9583 -80.6491 55.6119 0 0 0 420.416 420.416 0 0
0 0 0 0 0 -284.595 -297.719 -297.719 -297.719 -297.719 -297.719 -300.336 -294.438 -254.777 -301 -270.362 -297.719 -294.438 -271.471 -218.683 -146.793 -150.819 -178.047 -215.694 -179.751 -217.17 -251.785 -268.394 -284.595 -284.595 -294.438 -301 -304.281 -301 -307.562 -304.281 -302.682 -301 -304.281 -304.281 -301 -301 -301 -301 -294.438 -291.157 -281.314 -278.033 -274.752 -264.909 -251.785 -251.785 -241.942 -235.535 -225.537 -215.694 -202.57 -192.727 -192.727 -188.842 -167.217 -209.132 -205.851 -159.917 -148.475 -133.669 -132.987 -112.772 26.1801 33.5074 -72.7152 109.837 109.837 182.596 234.286 452.444 432.263 0 0
0 0 0 0 0 -215.595 -297.719 -297.719 -297.719 -297.719 -294.438 -294.438 -297.719 -301 -297.719 -297.719 -297.719 -300.138 -264.672 -213.745 -128.008 -118.155 -165.944 -133.253 -167.733 -167.733 -238.203 -235.564 -243.51 -281.314 -301 -301 -301 -307.562 -301 -301 -307.562 -307.562 -307.562 -307.562 -307.562 -304.281 -301 -297.719 -291.157 -287.876 -278.033 -278.033 -271.471 -264.909 -255.066 -251.785 -236.576 -232.099 -228.818 -222.256 -209.132 -202.57 -205.851 -188.842 -212.413 -209.132 -153.67 -168.906 -134.012 -133.669 -111.039 -112.772 -18.9116 -18.9116 99.6373 171.387 153.073 182.596 424.673 452.444 320.066 0 0
0 0 0 0 0 -24.0328 -297.719 -294.438 -294.438 -301 -301 -297.719 -297.719 -301 -301 -301 -297.719 -58.0723 -264.672 -149.62 -128.008 -73.9257 -73.9257 -122.776 -119.48 -114.89 -176.251 -213.181 -254.528 -254.528 -304.281 -304.281 -304.281 -301 -304.281 -307.562 -307.562 -310.843 -307.562 -307.562 -307.562 -301 -301 -301 -291.157 -284.595 -278.033 -274.752 -264.909 -264.909 -255.066 -255.066 -245.223 -238.661 -228.818 -218.975 -209.132 -234.381 -239.732 -232.099 -189.119 -181.202 -123.069 -96.9518 -73.3465 -73.3465 -26.2671 -8.991 -61.7182 -28.9199 12.3469 32.5247 98.7191 129.746 276.087 350.253 0 0 0
0 0 0 0 0 0 -228.844 -300.156 -297.719 -297.719 -297.719 -297.719 -294.438 -297.719 -301 -301 -299.005 -291.157 -291.157 -146.051 -192.675 -43.497 -53.5169 -70.2541 -152.16 -151.504 -155.019 -149.84 -186.881 -301 -304.281 -314.124 -314.124 -307.562 -304.281 -308.779 -307.562 -298.713 -307.562 -307.562 -307.562 -307.562 -304.281 -297.719 -291.157 -284.595 -274.752 -274.752 -268.19 -264.909 -260.519 -248.504 -238.729 -235.38 -255.066 -234.784 -245.223 -245.223 -199.289 -206.715 -143.975 -143.975 -117.264 -81.9505 -59.6919 -58.5635 19.799 1.91352 -30.2624 -30.2624 31.2358 3.90861 63.2541 222.216 0 0 0 0 0
0 0 0 0 0 0 -294.438 -297.719 -301 -301 -301 -301 -301 -301 -301 -301 -301 -301 -287.938 -215.76 -73.9768 -69.841 -36.6003 -139.15 -77.6445 -189.067 -180.603 -225.04 -226.812 -301 -307.562 -317.405 -314.124 -307.562 -309.92 -307.562 -307.562 -310.843 -310.843 -307.562 -307.562 -301 -301 -301 -294.438 -287.876 -281.314 -273.944 -268.19 -258.347 -258.347 -255.066 -245.223 -238.661 -255.066 -225.537 -245.223 -209.132 -209.132 -202.57 -182.258 -159.917 -117.264 -75.9424 -59.6919 -37.6185 -31.958 87.2334 78.7854 44.8317 -31.582 27.8887 75.619 233.644 0 0 0 0 0
0 0 0 0 0 0 0 -297.719 -297.719 -301 -301 -301 -301 -297.719 -297.719 -298.685 -301 -301 -301 -283.251 -164.157 -58.9276 -145.499 -141.852 -101.724 -239.815 -176.332 -280.604 -189.631 -304.139 -314.124 -317.405 -317.405 -307.589 -310.843 -310.843 -310.843 -304.472 -310.843 -307.562 -307.562 -307.562 -304.281 -298.883 -294.438 -287.876 -277.633 -278.033 -271.471 -268.19 -261.628 -255.066 -251.785 -238.661 -238.661 -232.099 -225.537 -225.537 -209.132 -202.57 -181.081 -162.276 -169.76 -133.669 -84.7661 -9.59113 26.5968 5.62991 78.7854 39.6375 -43.2436 113.092 75.619 128.614 0 0 0 0 0
0 0 0 0 0 0 -291.114 -291.114 -297.719 -301 -301 -301 -297.719 -297.719 -297.719 -297.719 -297.719 -301 -301 -283.251 -109.981 -109.981 -141.427 -105.06 -112.437 -239.815 -271.471 -280.604 -275.747 -275.747 -310.843 -310.843 -314.124 -301 -310.843 -307.562 -307.562 -310.843 -310.843 -306.714 -307.562 -307.562 -304.281 -304.281 -301 -291.157 -284.595 -278.033 -274.752 -271.471 -271.471 -261.628 -255.066 -245.223 -238.661 -232.099 -225.537 -222.256 -222.256 -209.132 -198.745 -172.159 -153.355 -118.358 -54.925 -48.9124 -87.4676 -90.9348 24.3026 -63.5099 -14.7353 -32.8607 -32.8607 28.1695 0 0 0 0 0
0 0 0 0 0 0 -287.996 -300.459 -301 -301 -301 -297.719 -297.719 -297.719 -297.719 -297.719 -298.148 -297.719 -297.719 -297.719 -299.403 -76.2828 -264.589 -96.6574 -150.296 -150.296 -301.158 -301 -304.281 -301 -301 -314.124 -301 -306.195 -310.379 -301 -310.843 -310.843 -310.843 -310.843 -302.682 -307.562 -304.281 -304.281 -301 -291.157 -284.595 -284.595 -281.314 -274.752 -268.19 -261.628 -251.785 -245.223 -245.223 -242.513 -235.38 -228.818 -218.975 -202.561 -193.658 -182.818 -153.396 -114.853 -107.421 -40.8217 -72.6236 -68.8484 -68.8484 -84.8341 -110.702 -84.2541 -12.1962 0 0 0 0 0 0
-9999 0 0 0 0 -241.088 -301 -301 -301 -301 -301 -297.719 -301 -297.719 -301 -301 -301 -301 -294.438 -307.562 -295.229 -295.229 -297.719 -286.38 -301 -301 -307.562 -301 -310.843 -310.843 -307.562 -310.751 -310.805 -310.843 -310.843 -301 -301.001 -309.798 -310.843 -301 -307.562 -307.562 -301 -301 -301 -301 -291.157 -284.595 -281.314 -274.752 -271.471 -264.909 -258.347 -255.066 -251.785 -242.513 -235.38 -228.818 -228.818 -218.975 -194.685 -182.818 -166.357 -114.853 -77.1857 -77.1857 -28.3759 -138.386 -107.416 -84.8341 -71.7124 -84.2541 39.6086 -96.2747 0 0 0 0 0
-9999 0 0 0 0 0 -301 -301 -301 -301 -301 -294.438 -301 -301 -301 -301 -301 -301 -301 -301.183 -301 -301 -301 -301 -310.843 -310.843 -307.562 -307.562 -304.281 -301 -307.562 -307.347 -307.562 -306.7 -301 -304.281 -307.416 -306.015 -314.124 -314.124 -310.843 -310.843 -307.562 -304.281 -301 -301 -291.157 -291.157 -284.595 -278.033 -271.471 -264.909 -258.347 -251.785 -251.785 -245.223 -241.942 -235.38 -225.537 -209.34 -205.851 -205.851 -182.852 -165.627 -110.702 -98.685 -135.815 -128.917 -156.202 -107.311 -109.135 -77.892 -117.264 -13.7343 0 0 0 0 0
-9999 -9999 0 0 0 0 -301 -297.719 -297.719 -297.719 -294.438 -257.868 -297.719 -297.719 -297.719 -297.719 -301 -301 -301 -301 -301 -301 -297.719 -301 -303.436 -310.843 -307.562 -314.124 -314.124 -303.983 -307.562 -301 -307.562 -301 -301 -310.843 -310.843 -310.843 -307.562 -304.22 -310.843 -301 -307.562 -307.562 -301 -301 -297.719 -288.086 -281.314 -274.752 -281.314 -271.471 -264.909 -258.347 -251.785 -245.704 -238.661 -238.661 -228.818 -222.256 -212.413 -205.851 -192.727 -180.012 -171.381 -171.381 -169.76 -159.917 -87.3373 -124.12 26.1669 -120.545 -84.196 78.1055 173.316 0 0 0 0
-9999 -9999 0 0 0 0 0 -297.719 -294.438 -294.438 -294.438 0 0 0 -255.066 -276.509 -301 -275.251 -294.438 -284.477 -297.719 -301 -301 -301 -314.124 -301 -310.843 -301 -301 -310.843 -301 -304.281 -304.281 -301 -301 -304.702 -310.843 -307.562 -307.562 -304.281 -301 -310.843 -301 -307.562 -301 -301 -297.719 -294.438 -292.573 -281.314 -281.314 -271.471 -264.909 -257.152 -257.152 -248.504 -245.223 -235.38 -228.818 -218.975 -212.413 -209.132 -202.57 -192.727 -183.221 -176.322 -88.9615 -73.9422 -19.0735 -30.2499 -59.5723 69.2436 -61.487 20.538 167.474 0 0 0 0
-9999 -9999 -9999 0 0 0 0 0 0 -274.804 -264.909 -246.137 0 0 0 0 -180.851 -218.198 -253.411 -268.19 -298.95 -267.236 -293.197 -280.556 -301 -296.153 -301 -301 -301 -301 -307.019 -304.281 -304.281 -301 -301.041 -301 -301 -304.281 -304.281 -310.843 -297.719 -310.843 -307.562 -307.562 -307.562 -303.999 -301 -294.438 -287.876 -281.314 -281.314 -274.752 -271.471 -261.628 -251.785 -248.504 -241.942 -241.942 -235.38 -225.537 -222.256 -212.413 -202.57 -204.355 -183.221 -154.599 -142.271 -63.9362 -19.0735 -54.7135 -59.5723 40.2317 40.2317 34.9764 59.91 52.5108 0 0 0
-9999 -9999 -9999 -9999 0 0 0 0 -291.157 -274.804 -268.19 -125.209 -185.602 0 0 0 0 0 -133.669 -218.975 -206.411 -267.236 -262.526 -280.556 -266.166 -266.166 -274.752 -298.263 -297.719 -301 -301 -304.281 -304.281 -304.281 -307.562 -304.281 -301 -307.562 -306.572 -312.416 -310.843 -304.281 -307.562 -307.562 -304.281 -303.953 -303.953 -301 -294.438 -287.876 -281.314 -274.752 -268.19 -261.628 -261.628 -255.066 -245.223 -238.661 -232.099 -225.537 -218.975 -215.694 -209.132 -202.57 -199.289 -158.883 -89.9339 -128.534 -128.534 -61.487 15.5544 -7.22868 33.8893 105.333 74.3492 -61.487 0 0 0
-9999 -9999 -9999 -9999 0 0 0 0 0 -284.595 -238.661 -215.694 -153.355 0 0 0 0 0 0 -149.381 -178.275 -178.275 -217.186 -222.351 -159.313 -226.071 -248.504 -282.107 -270.465 -294.438 -291.157 -304.281 -304.281 -304.281 -307.562 -307.562 -314.124 -310.031 -299.866 -312.416 -312.524 -304.281 -301 -301 -301 -304.281 -302.34 -301 -291.157 -284.595 -284.595 -278.033 -271.471 -264.909 -261.628 -251.785 -248.326 -243.817 -235.38 -232.099 -225.537 -215.694 -199.289 -199.289 -167.372 -166.287 -153.751 -111.749 -107.405 -79.3188 -64.0193 -7.85668 -7.85668 72.1494 -33.3287 -21.9406 0 0 0
-9999 -9999 -9999 -9999 -9999 0 0 0 -274.752 -274.636 -258.347 -209.132 -128.045 -113.983 0 0 0 0 0 0 0 0 0 0 0 0 0 -235.408 -257.499 -274.752 -287.876 -301 -301 -304.281 -310.843 -301 -314.124 -301 -314.124 -314.124 -314.124 -301 -310.843 -310.843 -307.562 -301 -301.618 -301 -294.438 -291.157 -284.595 -278.033 -270.619 -264.909 -264.909 -258.347 -251.785 -243.817 -238.571 -232.099 -222.256 -222.256 -215.694 -212.413 -189.446 -166.287 -122.164 -111.749 -103.526 -43.891 -123.826 -45.1045 26.9546 -38.6101 -64.9698 -58.1415 0 0 0
-9999 -9999 -9999 -9999 -9999 0 0 0 0 -258.347 -258.347 -168.835 -128.045 -58.5648 -58.5648 0 0 0 0 0 0 0 0 0 0 0 -199.289 -222.256 -231.442 -250.2 -268.19 -287.876 -297.719 -304.281 -310.843 -310.843 -314.124 -310.843 -301 -307.562 -301 -314.124 -310.843 -310.843 -305.01 -307.562 -301 -301 -294.438 -291.157 -291.157 -281.314 -278.033 -271.471 -265.279 -258.347 -251.785 -251.785 -245.223 -234.924 -228.818 -222.256 -218.975 -200.102 -197.115 -176.322 -154.174 -107.813 -150.074 -43.891 -114.22 -45.1045 -30.5905 -42.5806 -94.6217 -58.1415 0 0 0
-9999 -9999 -9999 -9999 -9999 -9999 0 -146.663 -251.785 -235.38 -235.38 -215.694 0 0 4.133 0 0 0 0 0 0 0 0 0 0 0 0 -205.851 -231.442 -248.504 -268.19 -284.595 -284.595 -297.719 -307.562 -309.586 -310.843 -301 -297.719 -297.719 -308.182 -310.843 -307.562 -304.281 -304.281 -301 -301.525 -297.719 -291.157 -294.438 -287.876 -281.314 -271.471 -271.471 -271.471 -264.909 -255.066 -248.504 -238.661 -232.099 -225.537 -225.537 -218.975 -215.694 -205.851 -179.603 -130.003 -110.702 -176.187 -167.434 -123.088 -42.6733 -73.9237 -70.5473 -62.3384 -62.3384 -34.3633 59.4689 0
-9999 -9999 -9999 -9999 -9999 -9999 -9999 0 -202.57 -210.061 -205.851 -163.845 0 0 0 0 0 0 0 0 0 0 0 0 0 0 -179.603 -225.537 -225.537 -238.661 -251.796 -271.471 -284.595 -301 -310.843 -307.562 -301 -307.68 -297.719 -307.562 -308.182 -307.562 -307.562 -301 -304.281 -304.281 -301.525 -297.719 -291.157 -291.157 -291.157 -284.595 -284.595 -271.471 -271.471 -261.628 -251.785 -251.785 -241.942 -235.38 -227.267 -225.537 -215.845 -209.132 -205.851 -199.289 -194.86 -182.884 -174.366 -153.355 -120.036 -82.3798 -115.702 -104.14 -48.3747 -70.8711 -60.0604 4.21877 0
-9999 -9999 -9999 -9999 -9999 -9999 -9999 0 -150.074 0 0 -89.9196 -86.8775 0 0 0 0 0 0 0 0 0 0 0 0 0 0 -186.682 -215.694 -241.942 -255.066 -278.033 -278.033 -298.461 -307.562 -307.562 -307.562 -301 -307.562 -307.562 -304.281 -304.281 -307.562 -304.281 -301 -301 -301 -301 -301 -294.438 -291.157 -284.595 -278.033 -278.033 -271.471 -261.628 -258.347 -248.504 -241.942 -235.38 -227.267 -225.537 -218.975 -215.694 -205.851 -196.008 -194.86 -182.884 -182.884 -169.76 -116.839 -146.793 -115.702 -76.124 -48.3747 -61.4244 -100.859 -49.6372 0
-9999 -9999 -9999 -9999 -9999 -9999 -9999 -9999 0 0 0 -89.9196 0 0 0 0 0 0 0 0 0 0 0 0 0 0 0 -189.446 -189.446 -223.116 -248.504 -274.752 -284.595 -300.181 -305.777 -307.562 -301 -307.562 -301 -302.682 -304.281 -301 -301 -301 -301 -301 -301 -297.719 -294.438 -294.438 -294.438 -287.876 -284.595 -274.752 -268.19 -261.628 -255.066 -251.785 -245.223 -235.38 -230.292 -225.537 -218.618 -218.224 -218.224 -205.133 -196.008 -185.304 -182.884 -141.256 -105.915 -144.499 -145.507 -103.229 -130.388 -47.7105 -82.9992 -0.133013 0
-9999 -9999 -9999 -9999 -9999 -9999 -9999 -9999 0 0 0 0 0 0 0 0 0 0 0 0 0 0 0 0 0 0 0 0 0 -223.116 -258.347 -274.752 -284.595 -294.438 -307.562 -307.562 -304.281 -307.562 -304.281 -304.281 -301 -304.281 -301 -301 -300.588 -298.939 -298.939 -290.674 -292.987 -291.157 -291.157 -284.595 -278.033 -278.033 -273.054 -264.909 -258.347 -248.504 -241.942 -235.38 -228.818 -228.818 -222.256 -215.694 -209.132 -196.008 -192.727 -169.76 -169.76 -158.192 -169.76 -150.074 -96.4514 -114.443 -106.568 -121.684 -48.5237 -6.92435 -8.02199
-9999 -9999 -9999 -9999 -9999 -9999 -9999 -9999 -9999 0 0 0 0 0 0 0 0 0 0 0 0 0 0 0 0 0 0 0 0 0 0 -267.839 -287.876 -297.719 -304.351 -304.351 -304.281 -307.562 -301 -301 -302.479 -304.225 -290.017 -293.499 -272.159 -294.037 -275.363 -290.674 -281.016 -291.157 -264.882 -281.086 -275.312 -278.033 -271.471 -264.909 -258.347 -258.347 -248.504 -245.223 -235.38 -228.818 -222.256 -215.694 -212.565 -205.851 -196.484 -179.603 -154.769 -141.243 -133.05 -131.23 -153.355 -115.39 -120.628 -88.7171 -121.395 21.4845 -18.834
-9999 -9999 -9999 -9999 -9999 -9999 -9999 -9999 -9999 0 0 0 0 0 0 0 0 0 0 0 0 0 0 0 0 0 0 0 0 0 0 0 -273.003 -297.719 -301 -301 -301 -294.438 -301 -301 -280.001 -280.119 -241.473 -258.818 -234.449 -253.862 -214.244 -238.522 -221.404 -247.54 -226.165 -258.688 -248.386 -248.386 -257.536 -266.519 -258.347 -255.066 -245.223 -241.942 -238.661 -232.099 -225.537 -215.694 -205.851 -205.851 -192.727 -179.603 -182.288 -155.219 -133.669 -131.23 -140.231 -115.39 -19.2978 -19.2978 -45.9239 -94.3794 -51.9427
-9999 -9999 -9999 -9999 -9999 -9999 -9999 -9999 -9999 -9999 0 0 0 0 0 0 0 0 0 0 0 0 0 0 0 0 0 0 0 0 0 0 -271.553 -301 -301 -301 -301 -295.123 -274.679 -276.513 -222.528 -234.446 -203.968 -209.318 -208.919 -212.827 -211.799 -210.212 -208.346 -211.567 -197.4 -198.925 -188.217 -214.83 -224.607 -257.702 -258.203 -258.203 -251.785 -245.223 -238.661 -232.099 -218.975 -209.132 -209.132 -199.289 -189.446 -179.603 -166.479 -162.337 -146.793 -146.793 -107.025 -91.016 -91.016 -81.173 -31.958 -109.183 -72.2521
-9999 -9999 -9999 -9999 -9999 -9999 -9999 -9999 -9999 -9999 -9999 0 0 0 0 0 0 0 0 0 0 0 0 0 0 0 0 0 0 0 0 0 0 -282.863 -294.993 -301 -301 -270.472 -274.679 -213.121 -216.557 -200.087 -203.968 -242.305 -208.919 -236.299 -236.299 -230.621 -226.96 -221.374 -197.4 -187.929 -179.613 -179.613 -172.723 -203.785 -236.903 -253.945 -251.785 -245.223 -241.942 -235.38 -225.537 -215.694 -202.57 -196.008 -182.884 -176.322 -169.76 -166.479 -150.938 -136.8 -94.9945 -91.016 -67.0179 -67.0179 -77.2623 -38.5169 -38.4794
-9999 -9999 -9999 -9999 -9999 -9999 -9999 -9999 -9999 -9999 -9999 0 0 0 0 0 0 0 0 0 0 0 0 0 0 0 0 0 0 0 0 0 0 -300.111 -300.934 -286.124 -288.058 -207.378 -208.066 -185.774 -191.063 -240.58 -240.58 -238.792 -239.884 -234.801 -229.236 -224.965 -224.296 -221.815 -218.605 -203.325 -198.68 -183.714 -172.723 -193.484 -236.903 -233.935 -251.785 -241.942 -241.942 -235.1 -225.537 -210.594 -210.594 -202.57 -189.446 -179.603 -169.76 -165.112 -150.938 -150.074 -139.402 -120.545 -100.859 -76.704 -36.2498 -10.6892 17.2817
-9999 -9999 -9999 -9999 -9999 -9999 -9999 -9999 -9999 -9999 -9999 -9999 0 0 0 0 0 0 0 0 0 0 0 0 0 0 0 0 0 0 0 0 0 -215.105 -259.516 -242.097 -233.215 -175.896 -175.896 -224.886 -231.605 -233.515 -237.78 -238.113 -237.788 -229.893 -229.893 -226.139 -224.203 -221.713 -212.477 -199.884 -191.782 -189.048 -181.53 -163.22 -184.937 -230.953 -247.104 -238.661 -238.661 -228.818 -225.537 -215.694 -205.851 -189.629 -179.603 -169.76 -169.76 -156.636 -153.355 -143.512 -139.402 -100.859 -100.859 -80.1884 -48.363 -20.5806 17.2817
-9999 -9999 -9999 -9999 -9999 -9999 -9999 -9999 -9999 -9999 -9999 -9999 0 0 0 0 0 0 0 0 0 0 0 0 0 0 0 0 0 0 0 0 0 -215.105 -245.404 -245.404 -178.408 -176.168 -209.992 -223.288 -229.445 -234.79 -234.79 -235.14 -237.881 -233.523 -227.527 -225.596 -222.672 -223.787 -221.701 -207.989 -194.699 -184.323 -173.941 -152.384 -185.344 -170.253 -222.522 -235.567 -235.38 -225.537 -218.975 -205.851 -205.851 -192.727 -187.096 -176.322 -166.479 -156.636 -146.793 -142.69 -133.669 -117.25 -107.817 -74.2837 -112.573 -36.2214 -36.2214
-9999 -9999 -9999 -9999 -9999 -9999 -9999 -9999 -9999 -9999 -9999 -9999 -9999 0 0 0 0 0 0 0 0 0 0 0 0 0 0 0 0 0 0 0 0 0 0 -209.132 -112.71 -176.989 -176.656 -211.889 -226.894 -228.458 -234.534 -235.14 -233.776 -233.523 -232.667 -233.076 -233.907 -223.787 -223.721 -207.989 -192.909 -192.909 -180.66 -162.59 -146.565 -170.253 -204.188 -229.827 -229.827 -221.203 -222.256 -212.413 -201.242 -189.446 -182.884 -179.603 -173.041 -159.917 -150.073 -133.669 -133.669 -123.826 -100.859 -117.595 -142.913 -71.33 -166.479
-9999 -9999 -9999 -9999 -9999 -9999 -9999 -9999 -9999 -9999 -9999 -9999 -9999 -9999 0 0 0 0 0 0 0 0 0 0 0 0 0 0 0 0 0 0 0 0 -61.2377 -61.2377 -51.8597 -127.722 -166.887 -209.496 -224.431 -229.681 -221.138 -228.596 -221.387 -231.661 -233.825 -236.016 -241.017 -241.017 -245.014 -221.483 -197.726 -190.688 -171.85 -151.636 -153.072 -135.463 -142.5 -184.466 -201.451 -221.203 -215.694 -212.413 -209.132 -199.289 -186.165 -179.603 -166.479 -159.917 -146.793 -146.793 -189.446 -189.675 -143.512 -117.595 -81.173 -71.33 -94.297
-9999 -9999 -9999 -9999 -9999 -9999 -9999 -9999 -9999 -9999 -9999 -9999 -9999 -9999 0 0 0 0 0 0 0 0 0 0 0 0 0 0 0 0 0 0 0 0 0 -50.9893 -25.6664 -104.539 -76.0622 -145.848 -190.55 -213.756 -218.527 -218.694 -210.844 -222.506 -215.056 -232.698 -247.215 -249.728 -239.106 -219.754 -190.749 -190.749 -172.6 -165.955 -151.429 -127.788 -110.722 -150.524 -108.275 -159.063 -177.501 -212.091 -208.157 -199.289 -225.537 -225.537 -212.413 -173.041 -205.851 -199.289 -159.917 -150.074 -128.869 -128.869 -107.735 -100.859 -56.3734
-9999 -9999 -9999 -9999 -9999 -9999 -9999 -9999 -9999 -9999 -9999 -9999 -9999 -9999 -9999 0 0 0 0 0 0 0 0 0 0 0 0 0 0 0 0 0 0 0 0 0 128.555 14.8337 -76.0622 -140.844 -190.55 -216.323 -216.323 -222.811 -209.656 -197.933 -203.126 -230.856 -236.856 -236.856 -239.344 -231.818 -192.366 -184.428 -171.255 -158.981 -154.21 -146.271 -128.984 -101.313 -97.7651 -123.687 -137.339 -198.079 -174.749 -197.647 -196.008 -218.975 -212.902 -183.917 -173.041 -173.041 -137.75 -130.388 -113.983 -104.14 -81.795 -54.775 -83.1548
