gis_data/PP1766_DIS_Layer10_Bot_ASCII.txt
ncols         308
nrows         431
xllcorner     -321143.35392317
yllcorner     1277883.4776336
cellsize      1609.334
NODATA_value  -9999
[rows 105 to 139 of 431, columns 79 to 157 of 308]
-1685.17 -1695.01 -1711.41 -1711.41 -1724.54 -1731.1 -1737.66 -1747.5 -1750.79 -1750.79 -1750.79 -1750.79 -1747.5 -1747.5 -1744.22 -1747.5 -1750.79 -1754.07 -1754.07 -1737.66 0 -1635.11 0 0 0 0 0 -1183.56 -1711.98 -1734.38 -1734.38 -1731.1 -1734.38 -1727.82 -1732.19 -1727.82 -1724.54 -1724.54 -1718.65 -1717.97 -1719.82 -1704.63 -1701.57 -1690.99 0 0 0 0 0 0 0 0 0 0 0 0 0 0 0 0 0 0 0 0 0 0 0 -9999 -9999 -9999 -9999 -9999 -9999 -9999 -9999 -9999 -9999 -9999 -9999
-1668.76 -1694.21 -1703.97 -1717.97 -1724.54 -1731.1 -1737.66 -1737.66 -1744.22 -1750.79 -1754.07 -1750.79 -1747.5 -1747.5 -1747.5 -1744.22 -1750.79 -1750.79 -1754.07 0 0 0 0 0 0 0 -1196.48 -1587.03 -1718.4 -1718.4 -1737.66 -1734.38 -1734.38 -1737.66 -1736.49 -1727.82 -1731.1 -1727.82 -1724.54 -1714.69 -1711.41 -1699.9 -1642.3 -1642.3 -1640.74 0 0 0 0 0 0 0 0 0 0 0 0 0 0 0 0 0 0 0 0 0 0 0 -9999 -9999 -9999 -9999 -9999 -9999 -9999 -9999 -9999 -9999 -9999
-1678.6 -1693.06 -1704.85 -1698.29 -1714.69 -1727.82 -1734.38 -1740.94 -1744.22 -1750.79 -1754.07 -1754.07 -1754.07 -1750.79 -1747.5 -1750.79 -1750.79 -1750.79 -1750.79 -1754.07 0 0 0 0 0 0 0 -1529.37 -1651.49 -1737.66 -1737.66 -1735.98 -1735.98 -1734.38 -1744.22 -1734.48 -1731.1 -1734.38 -1721.26 -1708.13 -1708.13 -1690.62 -1680.06 -1672.04 0 0 0 0 0 0 0 0 0 0 0 0 0 0 0 0 0 0 0 0 0 0 0 0 -9999 -9999 -9999 -9999 -9999 -9999 -9999 -9999 -9999 -9999 -9999
-1668.76 -1675.32 -1685.52 -1701.57 -1717.97 -1730.16 -1734.38 -1734.38 -1737.66 -1747.5 -1750.79 -1757.35 -1754.07 -1754.07 -1754.07 -1750.79 -1750.79 -1760.63 -1750.79 -1734.69 -1689.57 -1645.79 -1307.58 -1501.77 0 -1623.66 -1289.05 -1704.27 -1737.66 -1744.22 -1740.94 -1740.94 -1740.94 -1736.09 -1744.22 -1734.38 -1734.38 -1734.38 -1729.43 -1708.34 -1708.13 -1693.72 -1680.06 -1681.79 -1678.46 0 0 0 0 0 0 0 0 0 0 0 0 0 0 0 0 0 0 0 0 0 0 0 0 -9999 -9999 -9999 -9999 -9999 -9999 -9999 -9999 -9999 -9999
-1658.92 -1675.32 -1688.45 -1695.01 -1708.13 -1714.69 -1727.82 -1731.1 -1740.94 -1747.5 -1747.5 -1754.07 -1760.63 -1760.63 -1757.35 -1754.07 -1750.79 -1754.07 -1754.07 -1757.35 -1753.8 -1737.98 -1482.16 -1675.53 -1426.25 -1750.79 -1580.99 -1725.46 -1744.22 -1744.22 -1744.22 -1740.94 -1740.94 -1740.94 -1740.94 -1744.22 -1734.38 -1727.82 -1717.97 -1717.97 -1714.69 -1706.51 -1678.6 -1698.29 -1685.17 0 0 0 0 0 0 0 0 0 0 0 0 0 0 0 0 0 0 0 0 0 0 0 0 0 -9999 -9999 -9999 -9999 -9999 -9999 -9999 -9999 -9999
-1639.23 -1662.2 -1685.17 -1695.01 -1708.13 -1714.69 -1721.26 -1721.26 -1731.1 -1740.94 -1750.79 -1754.07 -1760.63 -1760.63 -1760.63 -1760.63 -1754.07 -1754.07 -1750.79 -1757.35 -1754.92 -1754.92 -1757.35 -1720.68 -1750.79 -1754.07 -1737.66 -1750.79 -1748.47 -1750.79 -1747.5 -1744.22 -1744.22 -1740.94 -1747.5 -1737.45 -1737.45 -1729.9 -1717.97 -1717.97 -1721.26 -1714.69 -1704.85 -1697.92 -1645.79 0 0 0 0 0 0 0 0 0 0 0 0 0 0 0 0 0 0 0 0 0 0 0 0 0 -9999 -9999 -9999 -9999 -9999 -9999 -9999 -9999 -9999
-1642.51 -1662.2 -1681.88 -1681.88 -1688.45 -1698.29 -1701.57 -1717.97 -1724.54 -1737.66 -1737.66 -1750.79 -1760.63 -1763.91 -1760.63 -1760.63 -1750.79 -1750.79 -1754.07 -1760.63 -1760.63 -1760.63 -1760.63 -1754.07 -1760.63 -1760.63 -1757.35 -1754.07 -1750.79 -1750.79 -1747.5 -1744.22 -1744.22 -1744.22 -1740.94 -1741.25 -1746.59 -1729.9 -1727.82 -1727.82 -1721.26 -1717.97 -1714.89 -1697.92 -1662 0 0 0 0 0 0 0 0 0 0 0 0 0 0 0 0 0 0 0 0 0 0 0 0 0 0 -9999 -9999 -9999 -9999 -9999 -9999 -9999 -9999
-1565.65 -1619.55 -1649.07 -1672.04 -1675.32 -1686.51 -1701.57 -1701.57 -1717.11 -1724.54 -1737.66 -1754.07 -1763.91 -1763.91 -1763.91 -1760.63 -1754.07 -1757.35 -1747.5 -1760.63 -1760.63 -1760.63 -1760.63 -1760.63 -1763.91 -1760.63 -1760.63 -1754.07 -1757.35 -1754.07 -1750.79 -1750.79 -1747.5 -1744.22 -1749.65 -1732.37 -1737.66 -1734.38 -1731.1 -1724.54 -1724.54 -1720.39 -1714.69 -1714.69 -1701.57 0 0 0 0 0 0 0 0 0 0 0 0 0 0 0 0 0 0 0 0 0 0 0 0 0 0 -9999 -9999 -9999 -9999 -9999 -9999 -9999 -9999
-1565.65 -1557.21 -1649.07 -1636.57 -1665.48 -1665.48 -1681.88 -1704.85 -1717.11 -1731.1 -1731.1 -1740.94 -1757.35 -1762.26 -1760.63 -1760.63 -1754.07 -1754.07 -1760.63 -1750.79 -1760.63 -1760.63 -1763.91 -1763.91 -1763.91 -1763.91 -1763.91 -1760.63 -1757.35 -1754.07 -1750.79 -1750.79 -1750.79 -1750.79 -1749.27 -1740.94 -1737.66 -1739.71 -1734.38 -1734.38 -1734.38 -1724.54 -1724.54 -1701.57 -1688.45 -1688.45 -1688.45 0 0 0 0 0 0 0 0 0 0 0 0 0 0 0 0 0 0 0 0 0 0 0 0 0 -9999 -9999 -9999 -9999 -9999 -9999 -9999
-1520.83 -1549.91 -1604.2 -1616.12 -1642.51 -1668.76 -1685.17 -1685.17 -1708.13 -1724.54 -1732.35 -1744.22 -1757.35 -1760.63 -1760.63 -1763.91 -1760.63 -1760.63 -1760.63 -1754.07 -1760.63 -1763.91 -1763.91 -1763.91 -1763.91 -1763.91 -1763.91 -1760.63 -1760.63 -1760.63 -1754.07 -1754.07 -1750.79 -1752.71 -1750.21 -1750.79 -1744.22 -1740.94 -1734.38 -1734.38 -1727.98 -1727.82 -1724.54 -1724.54 -1713.29 -1688.45 -1688.45 -1644.02 0 0 0 0 0 0 0 0 0 0 0 0 0 0 0 0 0 0 0 0 0 0 0 0 0 -9999 -9999 -9999 -9999 -9999 -9999
0 -1329.04 -1482.77 -1535.89 -1599.17 -1655.64 -1678.6 -1695.01 -1708.13 -1724.54 -1724.54 -1737.66 -1750.79 -1760.63 -1763.91 -1767.19 -1760.63 -1763.91 -1763.91 -1757.35 -1757.35 -1763.91 -1763.91 -1763.91 -1763.91 -1763.91 -1763.91 -1767.19 -1763.91 -1760.63 -1755.01 -1754.07 -1754.07 -1754.07 -1747.5 -1754.07 -1744.22 -1740.94 -1734.38 -1734.38 -1737.9 -1728.86 -1727.06 -1724.24 -1713.29 -1704.29 -1704.29 -1667.71 -1658.92 0 0 0 0 0 0 0 0 0 0 0 0 0 0 0 0 0 0 0 0 0 0 0 0 -9999 -9999 -9999 -9999 -9999 -9999
-1318.76 -1232.47 -1305.48 -1443.77 -1599.86 -1642.51 -1642.51 -1636.28 -1677.9 -1701.57 -1724.54 -1737.66 -1754.07 -1763.91 -1763.91 -1770.47 -1767.19 -1763.91 -1763.91 -1760.63 -1760.63 -1757.35 -1760.63 -1763.91 -1767.19 -1767.19 -1767.19 -1763.91 -1763.91 -1763.91 -1760.63 -1757.35 -1754.07 -1750.79 -1750.79 -1754.07 -1747.5 -1744.22 -1740.94 -1737.23 -1739.96 -1727.82 -1724.54 -1714.69 -1712.92 -1691.73 -1685.17 -1678.6 0 0 0 0 0 0 0 0 0 0 0 0 0 0 0 0 0 0 0 0 0 0 0 0 0 0 -9999 -9999 -9999 -9999 -9999
-1264.26 -1232.47 -1494.87 -1494.87 -1442.91 -1590.45 -1603.14 -1636.28 -1666.06 -1701.57 -1695.01 -1721.26 -1730.67 -1754.07 -1767.19 -1770.47 -1763.91 -1763.91 -1770.47 -1763.91 -1763.91 -1760.63 -1760.63 -1764.7 -1770.47 -1770.47 -1770.47 -1770.47 -1767.19 -1763.91 -1760.63 -1754.33 -1754.33 -1754.07 -1754.07 -1754.07 -1750.79 -1744.22 -1754.07 -1744.22 -1744.22 -1727.82 -1718.45 -1714.69 -1708.13 -1695.01 -1695.01 -1660.53 -1648.13 0 0 0 0 0 0 0 0 0 0 0 0 0 0 0 0 0 0 0 0 0 0 0 0 0 -9999 -9999 -9999 -9999 -9999
-1347.6 -1439.09 -1086.1 -1240 -1442.58 -1553.38 -1524.39 -1573.61 -1626.11 -1665.48 -1688.45 -1714.69 -1744.22 -1763.91 -1765.46 -1767.19 -1773.75 -1770.47 -1767.19 -1763.91 -1763.91 -1763.91 -1763.91 -1763.91 -1767.19 -1770.47 -1770.47 -1770.47 -1770.47 -1767.19 -1763.91 -1760.63 -1757.35 -1754.07 -1767.19 -1767.19 -1754.07 -1749.71 -1753.92 -1738.93 -1734.38 -1727.89 -1717.97 -1717.97 -1711.41 -1704.85 -1702.78 -1639.23 -1616.27 0 0 0 0 0 0 0 0 0 0 0 0 0 0 0 0 0 0 0 0 0 0 0 0 0 0 -9999 -9999 -9999 -9999
-1070.61 -982.996 -1036.86 -1036.86 -1320.5 -1340.52 -1521.11 -1579.48 -1619.55 -1658.92 -1645.79 -1678.6 -1717.97 -1750.79 -1770.47 -1770.47 -1773.75 -1773.75 -1773.75 -1770.47 -1770.47 -1767.19 -1763.91 -1760.63 -1763.91 -1763.91 -1770.47 -1762.6 -1770.72 -1766.7 -1763.91 -1760.63 -1760.63 -1760.63 -1754.07 -1755.38 -1757.35 -1760.63 -1744.22 -1744.22 -1735.01 -1734.8 -1724.54 -1717.97 -1717.97 -1704.85 -1702.01 -1701.57 -1681.88 0 0 0 0 0 0 0 0 0 0 0 0 0 0 0 0 0 0 0 0 0 0 0 0 0 0 0 -9999 -9999 -9999
-1307 -840.539 -1029.23 -1330.82 -1320.5 -1413.39 -1399.66 -1496.49 -1573.61 -1616.26 -1629.39 -1677.7 -1717.97 -1750.79 -1757.35 -1777.95 -1773.75 -1773.75 -1773.75 -1770.47 -1770.47 -1770.47 -1767.19 -1760.63 -1763.91 -1770.47 -1770.47 -1770.47 -1773.75 -1770.47 -1763.91 -1760.63 -1763.91 -1760.63 -1750.79 -1750.79 -1772.04 -1757.35 -1754.07 -1747.5 -1734.38 -1727.82 -1731.82 -1731.82 -1714.82 -1704.85 -1698.29 -1691.73 -1662.2 0 0 0 0 0 0 0 0 0 0 0 0 0 0 0 0 0 0 0 0 0 0 0 0 0 0 0 -9999 -9999 -9999
-1100.28 -1155.97 -1235.53 -856.56 -1123.53 -1275.62 -1399.66 -1483.7 -1573.61 -1590.02 -1590.02 -1639.23 -1678.28 -1727.82 -1757.35 -1773.75 -1773.75 -1773.75 -1773.75 -1773.75 -1772.56 -1773.75 -1767.19 -1770.47 -1770.47 -1763.91 -1773.75 -1770.47 -1773.75 -1770.47 -1767.19 -1763.91 -1763.91 -1763.91 -1760.63 -1760.63 -1760.63 -1761.19 -1747.14 -1747.14 -1744.22 -1740.94 -1727.82 -1724.54 -1711.16 -1704.26 -1708.13 -1695.01 -1648.74 -1658.92 0 0 0 0 0 0 0 0 0 0 0 0 0 0 0 0 0 0 0 0 0 0 0 0 0 0 0 -9999 -9999
-1230.05 -874.736 -787.296 -800.375 -1133.66 -1265.68 -1265.68 -1382.41 -1475.18 -1539.26 -1596.58 -1646.52 -1688.71 -1701.57 -1744.22 -1763.91 -1773.75 -1773.75 -1773.75 -1773.75 -1773.75 -1773.75 -1773.75 -1763.91 -1764.54 -1773.75 -1773.75 -1773.75 -1773.75 -1773.75 -1770.47 -1769.73 -1763.91 -1765.68 -1760.63 -1760.63 -1761 -1761.79 -1750.79 -1748.03 -1744.22 -1727.82 -1727.82 -1727.82 -1714.69 -1721.26 -1708.13 -1675.96 -1684.68 -1639.44 -1613.7 0 0 0 0 0 0 0 0 0 0 0 0 0 0 0 0 0 0 0 0 0 0 0 0 0 0 -9999 -9999
-1042 -788.499 -788.499 -954.631 -822.463 -1111.03 -1226.08 -1420.96 -1488.31 -1528.91 -1528.91 -1590.77 -1642.53 -1704.85 -1737.66 -1750.79 -1767.19 -1763.91 -1773.75 -1773.75 -1773.75 -1770.47 -1770.47 -1770.47 -1770.47 -1773.75 -1773.75 -1773.75 -1773.75 -1770.47 -1773.75 -1767.19 -1767.19 -1767.19 -1763.91 -1763.91 -1760.63 -1757.35 -1754.07 -1750.79 -1747.5 -1740.94 -1734.38 -1730.19 -1724.54 -1717.97 -1717.97 -1704.85 -1694.89 -1675.32 -1613.7 0 0 0 0 0 0 0 0 0 0 0 0 0 0 0 0 0 0 0 0 0 0 0 0 0 0 0 -9999
-743.975 -862.353 -615.377 -954.631 -924.948 -1111.03 -1055.21 -1270.3 -1403.01 -1471.9 -1537.52 -1590.77 -1658.92 -1662.2 -1704.85 -1724.54 -1744.22 -1763.91 -1773.75 -1773.75 -1773.75 -1773.75 -1767.19 -1770.47 -1773.75 -1773.75 -1773.75 -1777.03 -1777.03 -1773.75 -1773.75 -1773.75 -1770.47 -1765.73 -1763.91 -1763.91 -1780.31 -1769.57 -1754.07 -1747.5 -1744.22 -1734.38 -1734.38 -1727.82 -1721.26 -1717.97 -1715.99 -1701.82 -1687.73 -1637.34 -1637.34 -1629.76 0 0 0 0 0 0 0 0 0 0 0 0 0 0 0 0 0 0 0 0 0 0 0 0 0 0 -9999
-652.531 -843.822 -495.137 -689.423 -1004.64 -1125.87 -1077.02 -1328.39 -1394.68 -1475.18 -1481.74 -1547.23 -1606.72 -1662.2 -1698.29 -1724.54 -1744.22 -1744.22 -1770.47 -1780.31 -1773.75 -1773.75 -1763.91 -1770.47 -1773.75 -1773.75 -1773.75 -1780.31 -1777.03 -1773.75 -1773.75 -1773.75 -1773.75 -1772.07 -1767.19 -1775.68 -1772.12 -1760.63 -1751.73 -1747.5 -1748.25 -1741.06 -1734.38 -1724.54 -1717.97 -1708.13 -1708.13 -1695.39 -1675.28 -1674.09 -1658.92 0 0 0 0 0 0 0 0 0 0 0 0 0 0 0 0 0 0 0 0 0 0 0 0 0 0 0 0
-1056.53 -902.758 -661.655 0 -847.615 -949.309 -837.198 -1071.8 -1307.84 -1415.54 -1498.15 -1550.64 -1619.55 -1619.55 -1680.97 -1704.85 -1738.82 -1754.07 -1773.75 -1777.03 -1773.75 -1773.75 -1770.47 -1770.47 -1773.75 -1773.75 -1780.31 -1780.31 -1780.31 -1777.03 -1777.03 -1773.75 -1783.15 -1773.75 -1767.19 -1767.19 -1763.91 -1763.91 -1754.07 -1747.5 -1744.22 -1741.06 -1737.66 -1734.38 -1727.82 -1724.54 -1708.13 -1695.39 -1680 -1680 -1654.52 -1649.07 -1609.7 0 0 0 0 0 0 0 0 0 0 0 0 0 0 0 0 0 0 0 0 0 0 0 0 0 0
-1327.35 -827.181 -1064.3 0 0 -686.398 -1061.62 -1177.02 -1368.42 -1432.53 -1444.36 -1538.04 -1584.02 -1649.07 -1708.13 -1729.95 -1760.63 -1760.63 -1773.75 -1773.75 -1777.68 -1773.75 -1773.75 -1778.07 -1771.72 -1770.47 -1780.31 -1780.31 -1780.31 -1780.31 -1777.03 -1777.03 -1773.75 -1773.75 -1770.47 -1770.47 -1767.19 -1760.63 -1754.07 -1754.07 -1750.79 -1750.78 -1737.67 -1727.82 -1717.97 -1708.13 -1703.14 -1698.29 -1681.88 -1668.76 -1644.85 -1626.11 0 0 0 0 0 0 0 0 0 0 0 0 0 0 0 0 0 0 0 0 0 0 0 0 0 0 0
0 -1349.44 -1064.3 0 0 -813.77 -813.77 -1151.34 -1068.84 -1409.12 -1444.36 -1487.97 -1584.02 -1567.37 -1678.72 -1734.38 -1744.22 -1770.47 -1773.75 -1780.31 -1780.31 -1777.03 -1777.03 -1773.75 -1770.47 -1773.75 -1780.31 -1780.31 -1780.31 -1780.31 -1780.31 -1780.31 -1773.75 -1770.47 -1770.47 -1770.47 -1773.75 -1767.19 -1760.63 -1750.79 -1750.79 -1744.22 -1744.22 -1734.38 -1724.54 -1714.69 -1704.85 -1695.01 -1675.53 -1675.53 -1660.08 -1648.95 -1596.8 0 0 0 0 0 0 0 0 0 0 0 0 0 0 0 0 0 0 0 0 0 0 0 0 0 0
0 -1389.88 -1389.88 -910.957 0 0 -1156.4 -1177.7 -1303.62 -1267.67 -1446.28 -1471.9 -1471.77 -1581.89 -1708.66 -1748.34 -1760.63 -1762.8 -1773.75 -1777.03 -1777.03 -1780.31 -1777.03 -1773.7 -1773.7 -1773.75 -1775.05 -1780.31 -1780.31 -1780.31 -1780.31 -1780.31 -1777.03 -1773.75 -1770.47 -1770.47 -1773.75 -1768.47 -1768.47 -1758.26 -1757.35 -1750.79 -1737.66 -1734.38 -1717.97 -1708.13 -1704.85 -1695.01 -1684.06 -1668.76 -1660.38 -1631.97 0 0 0 0 0 0 0 0 0 0 0 0 0 0 0 0 0 0 0 0 0 0 0 0 0 0 0
0 -1289.8 -1419.4 0 0 -923.097 -923.097 -999.818 -1254.86 -1309.49 -1426.19 -1524.4 -1450.24 -1500.06 -1601.84 -1734.38 -1750.79 -1763.91 -1773.75 -1777.03 -1777.03 -1777.03 -1780.31 -1777.03 -1770.47 -1773.75 -1773.75 -1780.31 -1780.31 -1780.31 -1777.03 -1780.31 -1780.31 -1773.82 -1770.47 -1773.75 -1773.75 -1770.47 -1763.91 -1760.63 -1757.35 -1747.5 -1747.5 -1734.38 -1727.82 -1714.69 -1704.85 -1695.01 -1684.06 -1678.6 -1658.92 -1648.76 0 0 0 0 0 0 0 0 0 0 0 0 0 0 0 0 0 0 0 0 0 0 0 0 0 0 0
0 -1289.8 -1373.72 -1442.37 0 0 -933.018 -999.818 -1219.69 -1307.25 -1362.29 -1492.12 -1500.51 -1577.98 -1593.52 -1721.32 -1747.97 -1750.79 -1767.19 -1775.44 -1777.03 -1777.03 -1777.03 -1780.31 -1780.31 -1777.03 -1776.07 -1773.75 -1777.03 -1780.31 -1780.31 -1780.31 -1781.25 -1770.92 -1773.75 -1773.75 -1773.75 -1767.19 -1767.19 -1760.63 -1757.35 -1754.07 -1741.27 -1734.38 -1724.54 -1724.54 -1724.54 -1698.85 -1695.12 -1678.6 -1668.76 -1588.97 -1533.27 -1454.67 -1454.29 0 0 0 0 0 0 0 0 0 0 0 0 0 0 0 0 0 0 0 0 0 0 0 0
0 0 -1409.56 -1449.39 0 0 0 -904.049 -1137.01 -1307.25 -1442.37 -1492.12 -1529.53 -1529.53 -1653.08 -1672.04 -1717.97 -1750.79 -1770.47 -1775.44 -1770.47 -1773.75 -1777.03 -1776.86 -1777.03 -1777.03 -1778.08 -1778.08 -1767.19 -1780.31 -1780.31 -1780.31 -1777.03 -1777.03 -1774.22 -1782.54 -1780.31 -1773.75 -1763.91 -1757.73 -1754.07 -1749.23 -1749.23 -1737.66 -1734.33 -1717.97 -1700.62 -1688.45 -1691.73 -1683.66 -1685.17 -1646.25 -1615.14 -1466.34 0 0 0 0 0 0 0 0 0 0 0 0 0 0 0 0 0 0 0 0 0 0 0 0 0
0 0 0 -1412.84 -1283.56 0 0 -1112.96 -1320.97 -1320.97 -1432.28 -1481.74 -1472.68 -1448.22 -1510.52 -1602.73 -1705.33 -1705.33 -1754.07 -1763.91 -1757.35 -1763.91 -1772.75 -1773.75 -1770.47 -1773.75 -1773.75 -1773.75 -1771.26 -1780.31 -1780.31 -1780.31 -1777.03 -1781.49 -1780.31 -1782.54 -1777.03 -1773.75 -1780.82 -1767.19 -1757.35 -1754.07 -1744.22 -1737.66 -1712.96 -1717.97 -1717.97 -1698.49 -1681.88 -1669.59 -1665.48 -1588.62 -1445.45 -1609.7 0 0 0 0 0 0 0 0 0 0 0 0 0 0 0 0 0 0 0 0 0 0 0 0 0
0 0 -1299.89 -1444.5 -1236.31 0 0 0 -1075.51 -1360.01 -1484.53 -1530.96 -1578.66 -1578.66 -1645.79 -1610.3 -1646.48 -1659.05 -1748.32 -1757.35 -1754.07 -1757.35 -1761 -1770.47 -1763.91 -1773.75 -1773.75 -1773.75 -1777.03 -1777.03 -1778.53 -1783.59 -1773.75 -1777.03 -1783.59 -1783.59 -1780.31 -1780.31 -1773.75 -1763.91 -1760.63 -1750.79 -1750.79 -1735.33 -1734.38 -1727.82 -1698.88 -1695.01 -1688.45 -1688.45 -1685.4 -1659.51 -1635.46 -1609.7 0 0 0 0 0 0 0 0 0 0 0 0 0 0 0 0 0 0 0 0 0 0 0 0 0
0 0 0 -1386.81 -1474.61 0 0 0 -1075.51 -1219.91 -1437.82 -1511.27 -1527.96 -1577.27 -1645.79 -1608.58 -1557.05 -1637.4 -1602.02 -1744.22 -1747.5 -1757.35 -1750.79 -1757.35 -1757.06 -1757.64 -1760.63 -1770.47 -1770.47 -1772.58 -1780.31 -1780.31 -1780.31 -1782.05 -1780.31 -1780.31 -1783.59 -1780.31 -1777.03 -1770.47 -1760.63 -1754.07 -1740.94 -1734.38 -1704.85 -1704.85 -1713.28 -1695.01 -1704.26 -1696.15 -1682.15 -1678.6 -1521.76 -1521.76 0 0 0 0 0 0 0 0 0 0 0 0 0 0 0 0 0 0 0 0 0 0 0 0 0
0 0 0 -1441.57 -1501.43 -1504.71 0 0 0 -1402.79 -1479.6 -1551.36 -1573.61 -1599.86 -1582.57 -1559.98 -1557.05 -1570.34 -1602.02 -1736.02 -1736.02 -1744.22 -1744.22 -1754.07 -1757.06 -1750.79 -1760.63 -1760.63 -1763.91 -1775.33 -1770.47 -1780.31 -1780.31 -1790.16 -1780.31 -1780.31 -1773.75 -1783.59 -1777.03 -1770.47 -1757.35 -1759.35 -1747.5 -1740.94 -1727.82 -1710.75 -1694.01 -1710.04 -1679.91 -1679.91 -1668.66 -1643.01 -1576.25 -1568.94 0 0 0 0 0 0 0 0 0 0 0 0 0 0 0 0 0 0 0 0 0 0 0 0 0
0 0 0 0 -1297.88 -1517.66 0 0 -1163.23 -1169.43 -1477.54 -1564.41 -1583.45 -1609.7 -1570.33 -1555.26 -1555.26 -1546.75 -1554.52 -1635.69 -1737.66 -1734.38 -1744.22 -1750.79 -1750.79 -1750.79 -1760.63 -1770.47 -1773.75 -1773.75 -1773.75 -1773.75 -1777.03 -1773.75 -1773.75 -1777.03 -1773.75 -1783.59 -1783.59 -1770.47 -1763.91 -1754.07 -1747.5 -1734.38 -1727.82 -1727.78 -1708.13 -1681.88 -1694.04 -1668.01 -1668.66 -1623.93 -1576.25 -1591.12 0 0 0 0 0 0 0 0 0 0 0 0 0 0 0 0 0 0 0 0 0 0 0 0 0
0 0 0 0 -1465.43 -1465.34 -1509.76 0 0 -1376.26 -1528.03 -1597.21 -1606.42 -1619.55 -1622.83 -1626.11 -1577.92 -1629.24 -1648.7 -1652.92 -1652.92 -1727.77 -1734.38 -1734.38 -1728.29 -1750.79 -1763.91 -1763.91 -1770.47 -1773.75 -1773.75 -1771.87 -1773.75 -1780.31 -1780.31 -1773.75 -1773.75 -1783.59 -1780.31 -1773.75 -1763.91 -1750.28 -1750.28 -1732.97 -1727.82 -1709.08 -1704.52 -1685.17 -1686.91 -1659.87 -1655.5 -1629.39 -1621.69 -1560.63 0 0 0 0 0 0 0 0 0 0 0 0 0 0 0 0 0 0 0 0 0 0 0 0 0
0 0 0 0 0 -1465.34 -1468.99 0 -1378.57 -1378.57 -1472.22 -1583.54 -1619.55 -1619.55 -1632.67 -1626.11 -1639.23 -1604.07 -1551.63 -1557.1 -1680.48 -1727.77 -1730.91 -1721.26 -1721.45 -1737.66 -1750.79 -1757.35 -1770.47 -1770.47 -1777.03 -1773.75 -1777.03 -1783.59 -1780.31 -1780.31 -1780.31 -1783.59 -1783.59 -1783.59 -1773.75 -1757.35 -1746.07 -1732.3 -1717.97 -1706.39 -1698.67 -1700.94 -1668.76 -1668.76 -1649.07 -1655.64 -1611.39 -1632.67 -1520.47 -1535.67 0 0 0 0 0 0 0 0 0 0 0 0 0 0 0 0 0 0 0 0 0 0 0
