gis_data/PP1766_DIS_Layer1_Top_ASCII.txt
ncols         308
nrows         431
xllcorner     -321143.35392317
yllcorner     1277883.4776336
cellsize      1609.334
NODATA_value  -9999
[rows 252 to 287 of 431, columns 164 to 245 of 308]
102 102 102 105 112 118 125 131 141 141 148 161 164 177 187 197 197 207 217 223 233 246 253 266 266 279 289 302 312 325 335 335 318 338 367 423 469 630 502 676 495 574 597 866 1286 1286 1503 1371 1575 1352 1358 1542 1759 1759 1030 1401 1873 2257 1742 1214 1040 1581 2225 1030 1339 2415 3163 3163 3373 -9999 -9999 -9999 -9999 -9999 -9999 -9999 -9999 -9999 -9999 -9999 -9999 -9999
102 102 108 112 115 121 121 128 135 144 151 164 171 171 180 190 197 210 217 223 223 230 243 246 256 279 289 289 302 305 322 328 318 354 367 377 410 440 502 518 495 541 541 1001 1155 1217 1348 1421 1381 1381 1358 1329 1221 1280 1125 1526 1486 1883 2097 1017 942 2398 2120 1460 1329 2041 4105 4180 3238 -9999 -9999 -9999 -9999 -9999 -9999 -9999 -9999 -9999 -9999 -9999 -9999 -9999
102 105 105 108 112 118 125 131 135 141 148 157 164 174 184 194 194 197 207 217 226 233 246 256 256 262 276 285 299 305 318 305 318 338 354 371 390 456 456 449 436 390 545 892 1034 889 968 1011 1207 1119 1358 1358 1221 1053 1099 945 1486 2320 2097 1299 1299 1611 2536 2471 1329 3179 4498 4498 3806 3333 -9999 -9999 -9999 -9999 -9999 -9999 -9999 -9999 -9999 -9999 -9999 -9999
105 105 105 108 115 115 121 125 135 141 151 157 164 171 177 184 190 200 210 217 217 226 230 240 249 259 272 272 282 292 302 322 318 341 341 348 358 371 459 410 449 469 469 623 873 781 797 1040 909 965 1066 1089 1184 1004 935 1073 1073 951 2011 722 1280 2051 2202 2139 2392 3071 4042 4541 3806 3570 -9999 -9999 -9999 -9999 -9999 -9999 -9999 -9999 -9999 -9999 -9999 -9999
108 108 112 108 112 112 121 128 135 135 144 151 161 171 177 184 184 194 200 207 213 226 230 240 236 249 259 272 279 292 299 299 312 322 341 348 364 381 381 381 387 453 502 630 673 558 768 748 781 637 764 673 892 1129 863 1207 1923 561 1854 1332 1332 2215 2051 1998 2559 3540 4446 4518 4200 3986 4452 -9999 -9999 -9999 -9999 -9999 -9999 -9999 -9999 -9999 -9999 -9999
112 108 112 112 118 118 118 125 131 138 144 154 161 161 167 174 180 194 197 210 203 210 220 230 240 249 256 256 266 276 282 302 305 322 315 331 358 371 364 381 394 453 463 630 518 558 594 748 653 653 577 600 991 1345 614 1253 1253 1660 853 1355 1378 1644 1877 1795 1873 2011 3432 3635 4436 3960 4994 4259 -9999 -9999 -9999 -9999 -9999 -9999 -9999 -9999 -9999 -9999
108 108 112 115 115 118 121 125 131 131 135 144 154 161 174 177 174 184 190 200 200 210 220 220 230 236 246 256 259 272 276 276 295 315 325 335 361 381 345 345 377 400 482 545 502 502 499 571 617 705 574 781 1017 1221 561 561 623 1660 1463 1355 1319 1591 1677 1795 1791 2011 2854 2854 2786 3504 3645 4259 -9999 -9999 -9999 -9999 -9999 -9999 -9999 -9999 -9999 -9999
112 105 112 115 115 118 121 121 128 131 135 144 154 154 164 164 174 180 190 190 190 200 210 220 226 233 246 246 249 259 266 295 305 308 318 328 325 351 351 335 361 384 390 440 443 476 499 633 650 650 427 558 673 883 1093 623 778 1581 1332 1280 1424 1598 1942 1942 1844 2195 1936 2198 2681 3235 3045 3045 2848 -9999 -9999 -9999 -9999 -9999 -9999 -9999 -9999 -9999
112 112 112 115 112 118 121 125 125 128 131 138 148 151 157 164 164 171 180 184 190 200 210 210 217 226 240 240 249 259 266 272 285 295 318 315 325 335 335 358 351 384 384 420 430 430 449 489 476 502 476 696 561 561 784 1329 1276 1099 1201 1260 1404 984 1562 1795 2523 2923 2028 2028 1864 2605 3783 2936 2622 -9999 -9999 -9999 -9999 -9999 -9999 -9999 -9999 -9999
112 115 115 118 121 121 121 125 128 125 135 138 138 148 151 157 161 171 174 184 184 194 200 210 217 226 233 233 240 256 266 282 295 308 308 299 322 341 338 348 351 351 377 394 410 427 449 525 476 440 499 348 561 712 784 1119 1119 1175 925 1243 1404 1017 1335 1335 1283 1883 2031 1745 2021 2658 2047 3192 1860 2218 -9999 -9999 -9999 -9999 -9999 -9999 -9999 -9999
115 115 118 118 118 121 125 128 128 125 131 138 141 148 154 161 161 164 171 177 184 194 200 200 210 220 223 236 240 256 256 269 279 276 295 302 318 318 318 322 348 361 381 374 410 400 410 515 646 413 440 545 545 604 722 843 1404 732 919 883 883 876 1070 945 1283 1670 2031 1516 1686 1998 2047 2264 1860 3416 3416 -9999 -9999 -9999 -9999 -9999 -9999 -9999
115 115 118 118 121 121 125 125 131 125 131 138 138 141 151 154 161 164 171 177 180 187 194 200 210 220 230 230 240 249 259 272 279 285 285 295 315 305 318 331 351 331 361 358 381 387 417 466 696 423 325 440 518 689 774 669 669 574 620 915 958 820 896 807 1007 1011 1549 2605 2418 1995 1995 1854 1496 1890 2936 -9999 -9999 -9999 -9999 -9999 -9999 -9999
121 121 121 121 125 125 125 128 131 131 131 135 141 144 151 154 157 164 171 177 184 190 194 194 207 217 223 230 243 249 253 262 269 276 279 295 292 305 315 305 322 331 361 358 358 358 404 417 400 299 404 423 423 410 512 564 522 925 735 955 1119 906 1020 2064 1565 1184 2139 2047 2103 1864 2067 1821 1440 3028 3028 2448 -9999 -9999 -9999 -9999 -9999 -9999
128 125 128 125 125 125 128 125 131 135 135 138 141 141 148 154 157 164 174 174 177 184 194 200 210 217 226 226 240 246 256 259 262 272 269 279 282 302 302 312 341 341 351 367 381 390 397 410 397 384 318 404 358 410 810 564 778 738 892 955 817 906 807 807 1316 1739 1782 2047 1703 1772 1772 1398 1447 2015 2635 2461 -9999 -9999 -9999 -9999 -9999 -9999
128 135 131 131 128 131 128 131 131 138 128 138 141 144 151 151 157 161 167 171 180 187 194 194 203 210 220 230 240 246 243 249 256 266 272 279 282 289 295 305 318 335 351 361 377 377 371 394 292 289 404 381 420 466 869 1503 869 817 682 682 620 692 850 978 1289 1667 2018 2018 1752 1493 1417 1398 1404 2015 1539 1667 1883 -9999 -9999 -9999 -9999 -9999
141 144 138 141 135 141 131 135 135 138 135 141 141 148 148 151 157 164 167 171 174 180 187 194 203 213 220 223 230 236 243 249 256 266 266 272 279 282 295 305 325 325 322 345 351 367 377 341 285 295 394 410 404 466 574 909 538 548 633 640 561 577 902 902 1024 1375 1703 2097 2487 2087 1949 1759 1847 1929 1506 1024 1181 1181 -9999 -9999 -9999 -9999
151 154 151 154 148 148 141 138 138 138 131 144 141 148 151 154 154 161 164 174 177 184 190 190 197 207 217 223 233 236 236 246 253 259 262 272 279 276 285 299 305 322 322 335 351 354 367 272 285 390 394 400 400 390 443 476 453 532 541 541 525 577 810 761 1043 1378 1719 2001 2359 1782 1818 2562 2172 1677 1158 951 948 1637 -9999 -9999 -9999 -9999
164 167 161 164 154 164 154 151 144 141 141 144 144 144 151 151 154 164 167 171 174 184 187 197 203 210 217 213 223 230 236 246 249 259 259 269 276 285 292 302 305 305 322 338 348 358 364 351 351 381 384 384 384 407 423 430 430 486 538 502 525 735 810 873 883 863 1719 1677 2359 1188 1188 1289 1972 2425 1158 1283 948 1611 1253 -9999 -9999 -9999
174 174 177 171 171 164 164 151 157 148 148 144 148 144 151 151 157 161 167 171 177 184 187 190 194 203 207 217 223 230 230 240 246 256 259 272 279 279 289 299 302 315 328 312 348 341 262 361 354 371 374 384 384 390 407 427 436 466 482 472 495 525 600 696 778 1050 1050 1434 2067 1217 1175 1106 1778 994 994 951 1355 1152 1253 -9999 -9999 -9999
187 184 187 177 180 180 184 171 161 151 148 144 148 148 151 151 154 161 167 167 174 177 184 190 197 203 203 210 220 223 233 240 249 256 259 266 276 279 289 299 305 305 246 325 249 262 351 361 361 354 364 371 381 394 407 407 423 433 456 453 502 512 650 594 663 883 1112 1565 2179 912 912 2067 951 951 951 1247 1506 1424 2641 3714 -9999 -9999
197 197 203 197 197 190 187 174 177 164 154 148 148 148 151 154 157 157 164 167 177 180 184 184 194 200 207 213 223 226 233 236 249 256 262 272 276 276 240 269 299 312 322 325 335 335 341 348 351 354 361 371 367 377 390 407 423 433 446 446 443 472 509 594 633 787 787 1280 1093 1145 843 1158 1011 1306 1306 2326 1647 1555 2208 3265 -9999 -9999
203 210 203 207 197 207 197 190 177 167 161 151 154 144 148 154 157 161 167 167 171 177 180 187 197 200 203 210 217 226 207 243 249 253 210 210 269 279 282 292 299 299 305 315 322 331 331 338 331 341 351 361 364 377 390 390 404 413 427 423 446 482 518 518 666 728 846 1280 1099 1145 594 1106 892 1493 1726 2326 2307 2307 1880 2241 2717 -9999
217 236 226 223 217 217 203 194 194 187 174 167 154 151 148 151 157 161 161 167 171 177 180 184 190 197 203 210 217 200 226 236 246 236 253 262 269 269 272 282 295 302 305 312 312 318 318 325 328 338 348 354 358 367 381 394 387 404 413 413 430 443 466 505 732 623 564 666 951 522 1411 666 715 715 1030 2172 1647 1496 1834 2720 2152 2152
243 249 236 236 236 233 220 213 200 190 177 167 167 164 154 157 161 164 164 167 171 177 180 190 190 197 197 200 203 220 226 236 246 249 249 253 262 269 272 285 295 285 292 295 312 315 318 318 318 328 338 348 354 371 367 367 381 384 400 417 410 427 440 440 541 663 525 541 922 1178 1552 2024 1181 653 715 1063 866 866 1283 1394 1883 2120
262 282 262 256 243 240 226 220 220 210 197 180 171 164 154 157 157 164 167 171 174 177 184 184 190 197 200 207 213 223 223 230 240 240 246 256 259 259 266 269 279 279 289 295 295 302 308 312 322 325 335 341 341 345 361 364 381 387 400 390 400 404 420 502 541 597 597 469 489 1050 1552 997 1388 1388 1027 1529 2530 2021 1969 2428 2333 2333
292 282 269 256 269 253 246 233 223 210 200 180 184 174 164 157 157 164 164 171 177 174 180 180 190 197 197 203 210 217 226 230 233 233 240 246 253 259 262 262 272 272 276 285 302 302 305 305 305 315 322 325 338 345 348 348 364 367 381 390 400 404 404 430 564 446 459 482 515 650 650 696 1322 1808 1027 1375 2530 1903 2372 3350 2789 2038
312 312 305 285 279 259 253 240 243 230 213 200 187 177 167 167 157 161 164 171 171 174 171 177 187 190 197 203 210 217 217 226 226 233 240 246 253 253 256 256 262 266 272 276 276 285 289 295 305 308 318 322 328 331 341 351 371 374 377 377 390 397 407 413 430 430 430 502 614 1181 568 630 1132 1135 1709 2887 2261 1614 1434 1588 1795 1732
338 325 318 299 308 289 282 266 246 230 217 200 200 187 174 164 157 161 164 164 167 167 171 177 187 190 190 197 203 210 217 220 226 226 233 240 249 253 253 256 262 262 269 276 279 285 289 295 295 302 312 322 328 331 341 341 351 361 367 381 387 387 387 381 397 410 463 1946 1864 505 505 892 1257 1440 2595 1736 1680 1572 1601 2129 2136 2054
338 354 338 325 322 299 279 262 266 246 233 217 197 184 167 167 161 157 161 161 161 164 164 171 177 184 190 197 200 210 207 213 220 226 230 240 246 246 246 249 256 262 266 272 269 276 295 289 292 302 308 308 315 322 331 341 351 354 367 367 374 387 364 381 394 410 397 1079 659 518 525 892 1398 1398 1263 1667 1640 1572 1680 2441 2441 2900
377 367 348 338 338 325 302 285 266 249 233 230 213 194 180 164 161 157 161 157 161 161 164 171 177 184 184 190 197 203 207 213 220 220 226 230 236 240 243 249 249 253 256 266 269 276 279 285 285 292 299 305 315 322 331 331 341 351 361 367 371 351 348 361 371 387 400 479 443 443 456 495 814 1119 965 1887 1696 1696 1398 1926 2431 2900
384 400 377 367 345 331 308 289 289 262 246 226 210 190 177 174 161 161 157 157 161 157 157 167 171 177 184 190 197 200 200 207 213 220 226 230 236 233 240 243 249 249 256 262 262 269 272 279 299 295 305 305 312 318 328 335 345 351 354 354 364 341 345 358 364 377 364 1490 420 433 482 505 938 938 1207 758 1716 1850 1214 1683 1303 1854
436 410 390 371 371 351 328 302 282 256 240 236 220 200 187 171 164 161 157 157 157 161 167 167 171 177 177 184 190 194 200 207 213 213 220 223 230 233 236 240 240 246 249 256 262 269 272 282 282 289 295 302 312 325 328 335 338 341 348 354 364 335 335 341 358 361 394 417 417 417 420 453 463 489 971 1181 1306 1306 991 1398 1181 1450
492 433 417 390 371 351 318 302 295 276 249 226 213 194 180 180 171 164 161 161 157 167 167 164 171 174 180 184 190 190 197 200 207 210 217 220 226 226 230 233 240 243 249 256 256 262 269 276 282 292 299 302 305 315 322 328 341 341 341 348 354 322 335 328 345 381 381 387 400 407 420 709 463 453 476 545 1119 1319 991 1719 1719 1513
463 443 427 397 407 371 345 312 285 269 243 243 220 207 187 180 167 164 161 161 161 161 161 164 167 174 174 180 184 190 197 200 207 203 210 213 220 226 226 233 233 240 243 253 259 266 272 279 279 289 295 302 305 315 325 322 331 338 345 348 354 358 358 322 325 371 381 384 394 381 397 417 430 449 482 541 915 666 676 1821 1483 1900
522 482 489 446 436 384 348 308 305 276 249 236 213 200 184 184 171 167 164 164 164 164 164 164 167 171 174 180 187 187 190 194 200 203 210 213 220 220 223 226 236 240 249 253 253 262 269 272 282 289 295 295 302 308 315 325 331 335 335 341 351 351 354 361 308 364 364 374 377 387 397 417 427 427 446 482 643 748 1831 1690 1690 2054
650 561 528 492 522 456 413 358 302 269 240 240 213 207 190 180 171 167 171 167 167 164 167 167 171 171 171 174 180 184 190 194 200 200 203 207 213 217 223 230 233 236 246 249 256 262 272 272 276 285 285 295 302 308 315 315 325 331 335 341 345 351 348 354 354 361 361 374 371 371 384 397 410 427 456 472 472 538 1296 1719 1969 2021
