gis_data/PP1766_DIS_Layer10_Top_ASCII.txt
ncols         308
nrows         431
xllcorner     -321143.35392317
yllcorner     1277883.4776336
cellsize      1609.334
NODATA_value  -9999
[rows 315 to 349 of 431, columns 158 to 236 of 308]
0 0 0 0 0 0 0 0 0 0 0 0 0 0 0 0 0 0 0 0 0 0 0 0 0 0 -738.401 -933.781 -1176.5 -1369.55 -1309.77 -1393.83 -1366.36 -1363.97 -1383.59 -1418.75 -1506.92 -1604.55 -1639.44 -1660.4 -1615.77 -1578.8 -1549.18 -1546.18 -1555.36 -1555.36 -1574.43 -1592.74 -1562.62 -1534.05 -1516.52 -1514.99 -1513.09 -1513.22 -1508.47 -1497.03 -1493.04 -1470.57 -1456.75 -1471.09 -1445.3 -1423.34 -1390.54 -1357.32 -1323.11 -1306.47 -1279.04 -1284.52 -1254.03 -1233.72 -1206.84 -1170.68 -1148.56 -1126.96 -1126.96 -1102.49 -1086.47 -1068.16 -1054.3
0 0 0 0 0 0 0 0 0 0 0 0 0 0 0 0 0 0 -478.605 -478.605 -538.621 -497.725 -576.873 0 0 0 -745.805 -745.805 -957.035 -1130.29 -1201.85 -1329.38 -1319.11 -1351.89 -1328.74 -1396.15 -1465.7 -1503.57 -1645.38 -1668.21 -1655.21 -1655.21 -1590.39 -1547.16 -1535.2 -1547.16 -1556.55 -1585.72 -1575.13 -1547.11 -1534.66 -1516.49 -1516.53 -1513.46 -1513.57 -1507.56 -1512.18 -1507.37 -1492.55 -1471.09 -1455.51 -1423.34 -1392.86 -1392.86 -1359.32 -1327.58 -1312.65 -1284.52 -1257.79 -1233.72 -1230.85 -1200.91 -1169.79 -1148.27 -1122.32 -1102.49 -1083.77 -1083.77 -1067.84
0 0 0 0 0 0 0 0 0 0 0 0 0 0 0 0 0 0 -475.375 -556.783 -538.621 -581.691 -576.873 -638.327 -598.291 0 0 -793.453 -929.641 -1023.47 -952.421 -1051.36 -1051.21 -1194.95 -1314.48 -1433.79 -1512.27 -1512.27 -1592.52 -1644.94 -1625.93 -1640.43 -1554.59 -1539.22 -1535.76 -1535.76 -1556.84 -1549.04 -1581.82 -1558.81 -1546.3 -1527.58 -1537.45 -1521.54 -1524.1 -1521.35 -1521.3 -1514.65 -1500.04 -1500.04 -1472.41 -1454.93 -1433.69 -1405.37 -1377.73 -1349.98 -1361.26 -1329.6 -1292.93 -1257.63 -1228.66 -1197.9 -1162.45 -1142.64 -1137.8 -1119.81 -1099.92 -1081.52 -1070.88
0 0 0 0 0 0 0 0 0 0 0 0 0 0 0 0 0 0 0 0 -618.971 -671.269 -644.345 -694.585 -699.531 0 0 -760.172 -797.071 -910.447 -952.421 -950.701 -1051.21 -1101.91 -1101.91 -1334.1 -1494.75 -1538.47 -1592.52 -1595.07 -1625.93 -1543.11 -1567.38 -1547.34 -1536.85 -1542.15 -1552.11 -1558.23 -1583.9 -1589.97 -1595.79 -1567.17 -1536.35 -1527.1 -1526.16 -1525.46 -1531.28 -1527.57 -1520.55 -1504.86 -1485.73 -1458.86 -1451.2 -1451.2 -1427.55 -1391.03 -1368.34 -1333.49 -1297.96 -1260.28 -1271.46 -1230.31 -1189.73 -1159.95 -1141.32 -1119.96 -1104.29 -1104.29 -1090.12
0 0 0 0 0 0 0 0 0 0 0 0 0 0 0 0 0 0 0 -640.602 -658.645 -707.709 -701.147 -750.362 -756.924 -799.577 -753.643 -861.916 -886.635 -915.616 -915.616 -928.424 -950.503 -979.636 -1087.41 -1384.22 -1518.27 -1544.33 -1631.99 -1596.59 -1546.12 -1566.08 -1571.96 -1546.49 -1538.57 -1547.15 -1543.3 -1555.82 -1583.9 -1593.74 -1595.79 -1562.65 -1562.65 -1533.8 -1526.73 -1534.69 -1531.28 -1527.62 -1520.55 -1531.46 -1513.27 -1508.64 -1476.78 -1459.95 -1427.55 -1400.69 -1421.36 -1382.05 -1349.46 -1309.84 -1273.65 -1229.71 -1196.53 -1163.94 -1169.21 -1144.03 -1123.62 -1104.23 -1089.02
-9999 0 0 0 0 0 0 0 0 0 0 0 0 0 0 0 0 0 0 0 -658.308 -727.395 -737.91 -770.048 -783.172 -809.787 -809.787 -829.106 -836.815 -799.136 -901.356 -924.255 -947.222 -981.867 -981.867 -1142.41 -1401.76 -1567.31 -1637.48 -1588.45 -1562 -1622.1 -1611.18 -1562.03 -1549.26 -1557.08 -1558.26 -1585.04 -1585.04 -1618.29 -1602.82 -1570.64 -1534.18 -1539.16 -1541.04 -1545.82 -1544.47 -1554.75 -1544.5 -1556.17 -1533.04 -1526.22 -1495.74 -1513.33 -1477.78 -1460.65 -1421.36 -1387.91 -1349.46 -1311.95 -1311.95 -1275.77 -1235.33 -1199.7 -1169.21 -1145.87 -1123.62 -1122.43 -1104.43
-9999 -9999 0 0 0 0 0 0 0 0 0 0 0 0 0 0 0 0 0 0 -694.638 -727.395 -753.643 -753.643 -776.61 -793.015 -809.42 -829.106 -776.61 -799.136 -783.096 -897.032 -924.255 -966.908 -989.875 -1172.7 -1460.27 -1467.45 -1572.36 -1572.79 -1574.35 -1618.06 -1596.91 -1560.58 -1549.44 -1544.07 -1557.84 -1613.92 -1594.54 -1614.76 -1602.92 -1563.37 -1563.37 -1549.14 -1538.48 -1545.07 -1558.3 -1576.01 -1571.39 -1597.93 -1580.35 -1575.68 -1546.16 -1537.48 -1499.12 -1471.2 -1471.2 -1438.34 -1393.95 -1355.02 -1318.13 -1274.45 -1234.43 -1195.79 -1195.79 -1163.65 -1141.84 -1119.08 -1098.98
-9999 -9999 0 0 0 0 0 0 0 0 0 0 0 0 0 0 0 0 0 0 0 -707.709 -737.238 -756.924 -770.048 -794.49 -789.734 -809.42 -822.544 -826.727 -852.073 -885.352 -920.532 -966.908 -943.941 -1017.15 -1227.59 -1467.45 -1575.71 -1572.79 -1600.7 -1600.7 -1616.78 -1590.95 -1568.15 -1544.07 -1595.53 -1613.92 -1652.31 -1608.39 -1633.11 -1610.56 -1596.09 -1599.6 -1553.77 -1569.43 -1560.18 -1571.46 -1592.83 -1616.84 -1594.67 -1602.58 -1575.47 -1609.9 -1570.44 -1511.76 -1470.18 -1433.81 -1394.74 -1353.9 -1353.9 -1300.93 -1264.07 -1217.19 -1189.23 -1157.36 -1139.69 -1133.52 -1115.04
-9999 -9999 -9999 0 0 0 0 0 0 0 0 0 0 0 0 0 0 0 0 0 0 -601.267 -649.168 -649.168 -731.865 -761.913 -773.329 -809.42 -802.858 -822.626 -789.734 -806.034 -789.734 -891.393 -917.693 -1002.13 -1281.65 -1281.65 -1512.84 -1564.76 -1579.79 -1605.49 -1624.84 -1595.92 -1586.88 -1570.1 -1598.56 -1646.68 -1696.93 -1662.88 -1678.49 -1636.44 -1693.78 -1676.1 -1636.64 -1569.43 -1565.76 -1571.46 -1599.7 -1599.7 -1621.21 -1621.08 -1644.55 -1609.9 -1556.23 -1511.76 -1481.8 -1456.86 -1425.87 -1393.67 -1342.9 -1300.93 -1250.67 -1250.67 -1208.81 -1176.23 -1153.65 -1123.46 -1108.32
-9999 -9999 -9999 0 0 0 0 0 0 0 0 0 0 0 0 0 0 0 0 0 0 0 0 0 0 -693.149 -604.438 -768.591 -773.329 -783.172 -644.213 -672.342 -669.076 -829.106 -772.837 -905.801 -1100.51 -1340.2 -1528.34 -1562.1 -1606.33 -1606.33 -1611.29 -1604.05 -1583.46 -1582.66 -1649.85 -1683.08 -1726.93 -1730.91 -1725.5 -1705.77 -1742.09 -1726.36 -1648.91 -1648.91 -1626.64 -1580.27 -1590.92 -1603.94 -1627.55 -1646.17 -1639.44 -1639.44 -1606.89 -1523.18 -1480.23 -1444.24 -1396.45 -1392.35 -1366.67 -1328.76 -1264.87 -1237.85 -1201.65 -1176.23 -1144.62 -1144.62 -1118.33
-9999 -9999 -9999 -9999 0 0 0 0 0 0 0 0 0 0 0 0 0 0 0 0 0 0 0 0 0 0 -604.438 -708.71 -773.329 -750.362 -750.362 -491.118 -611.019 -679.94 -772.837 -892.959 -1100.51 -1195.51 -1409.9 -1515.68 -1554 -1597.41 -1588.03 -1585.71 -1590.45 -1601.69 -1687.9 -1705.96 -1752.9 -1753.7 -1754.21 -1744.21 -1782.85 -1777.21 -1750.74 -1701.17 -1677.69 -1615.45 -1610.52 -1610.52 -1640.97 -1642.22 -1661.61 -1647.69 -1610.89 -1533.8 -1546.73 -1489.46 -1438.19 -1394.41 -1347.62 -1302.58 -1259.26 -1259.26 -1221.65 -1192.27 -1158 -1136.18 -1115.73
-9999 -9999 -9999 -9999 -9999 0 0 0 0 0 0 0 0 0 0 0 0 0 0 0 0 0 0 0 0 0 0 0 -622.195 -707.976 -687.494 -485.776 0 0 0 0 -911.754 -1263.27 -1394.37 -1478.09 -1554 -1548.99 -1584.9 -1586.43 -1590.45 -1641.79 -1687.9 -1732.85 -1732.85 -1765.46 -1767.6 -1786.43 -1782.85 -1759.53 -1750.74 -1718.78 -1714.47 -1697.79 -1635.74 -1658.8 -1640.97 -1646.93 -1632.69 -1642.76 -1624.1 -1604.19 -1519.97 -1483.51 -1431.02 -1383.55 -1373.97 -1338.36 -1305.5 -1263.25 -1230.51 -1185.65 -1155.41 -1155.41 -1130.06
-9999 -9999 -9999 -9999 -9999 0 0 0 0 0 0 0 0 0 0 0 0 0 0 0 0 0 0 0 0 0 0 0 -682.572 -665.056 -665.056 -641.077 -493.763 0 0 0 -770.722 -905.318 -1175.71 -1353.57 -1464 -1529.79 -1584.43 -1607.13 -1607.13 -1648.89 -1646.37 -1663.14 -1726.69 -1770.55 -1792.9 -1806.8 -1806.8 -1766.36 -1731.89 -1738.71 -1725.38 -1764.59 -1696.19 -1786.18 -1721.1 -1657.03 -1632.69 -1635.98 -1624.1 -1555.74 -1555.74 -1491.66 -1463.51 -1416.62 -1373.97 -1344.97 -1305.5 -1319.61 -1279.23 -1237.8 -1190.17 -1156.79 -1130.06
-9999 -9999 -9999 -9999 -9999 -9999 0 0 0 0 0 0 0 0 0 0 0 0 0 0 0 0 0 0 0 0 0 0 0 -551.072 -635.527 -624.55 -450.223 -468.55 0 0 0 0 -1088.71 -1291.78 -1452 -1418.43 -1550.11 -1661.18 -1677.51 -1679.82 -1654.04 -1679.75 -1679.75 -1748.71 -1791.91 -1847.42 -1825.61 -1797.19 -1757.26 -1821.4 -1806.35 -1857.94 -1837.26 -1846 -1762.85 -1680.91 -1680.91 -1662.52 -1646.07 -1612.64 -1538.78 -1470.54 -1458.43 -1392.2 -1392.2 -1363.43 -1355.65 -1338.2 -1292.26 -1238.12 -1191.5 -1186.03 -1151.71
-9999 -9999 -9999 -9999 -9999 -9999 0 0 0 0 0 0 0 0 0 0 0 0 0 0 0 0 0 0 0 0 0 0 -420.785 -551.072 -573.188 -614.023 -622.403 -468.55 -425.42 0 0 0 0 -1026.86 -1203.53 -1418.43 -1520.99 -1661.18 -1653.54 -1694.22 -1700.39 -1682.85 -1720.07 -1753.56 -1782.23 -1741.54 -1795.69 -1816.34 -1835.79 -1859.16 -1860.08 -1885.81 -1883.12 -1883.68 -1868.31 -1794.14 -1708.49 -1684.07 -1657.32 -1635.51 -1635.51 -1475.68 -1435.8 -1440.78 -1377.01 -1413.22 -1381.63 -1381.68 -1333.67 -1276.58 -1229.09 -1182.34 -1147.45
-9999 -9999 -9999 -9999 -9999 -9999 -9999 0 0 0 0 0 0 0 0 0 0 0 0 0 0 0 0 0 0 0 0 0 0 -477.861 -529.604 -596.155 -628.965 -628.965 -601.496 -428.171 0 0 0 0 0 -1152.3 -1315.84 -1505.92 -1592.23 -1684.98 -1706.65 -1700.14 -1725.52 -1747.68 -1735.77 -1741.54 -1760.75 -1816.34 -1851.66 -1851.66 -1862.06 -1874.06 -1879.85 -1883.68 -1837.48 -1794.14 -1770.16 -1721.38 -1697.11 -1675.07 -1595.15 -1475.68 -1438.33 -1490.98 -1485.43 -1500.73 -1447.22 -1358.34 -1321.42 -1271.43 -1227.57 -1227.98 -1185.53
-9999 -9999 -9999 -9999 -9999 -9999 -9999 0 0 0 0 0 0 0 0 0 0 0 0 0 0 0 0 0 0 0 0 0 0 -286.852 0 -505.9 -567.966 -629.72 -648.063 -574.159 -441.842 -441.842 0 0 0 0 -1304 -1465.67 -1472.87 -1590.29 -1666 -1711.48 -1723.68 -1738.79 -1699.36 -1699.36 -1702.92 -1746.21 -1801.13 -1843.87 -1850.63 -1864.15 -1844.19 -1844.19 -1795.91 -1785.84 -1756.01 -1719.28 -1700.24 -1676.42 -1661.56 -1547.61 -1459.21 -1490.98 -1545.64 -1500.73 -1401.14 -1401.14 -1350.06 -1315.41 -1270.85 -1227.98 -1183.94
-9999 -9999 -9999 -9999 -9999 -9999 -9999 -9999 0 0 0 0 0 0 0 0 0 0 0 0 0 0 0 0 0 0 0 0 0 0 0 -418.526 -567.966 -537.557 -605.998 -680.17 -717.375 -570.477 -550.482 0 0 0 0 -1257.09 -1486.35 -1598.6 -1662.85 -1704.48 -1691.09 -1709.02 -1651.35 -1664.41 -1710.13 -1752.33 -1797.84 -1797.84 -1812.88 -1829.14 -1803.71 -1807.17 -1771.89 -1765.71 -1756.25 -1737.91 -1704.9 -1694.37 -1634.69 -1517.86 -1517.65 -1517.65 -1662.15 -1585.65 -1478.43 -1393.84 -1355.3 -1312.71 -1273.32 -1273.32 -1224.8
-9999 -9999 -9999 -9999 -9999 -9999 -9999 -9999 -9999 0 0 0 0 0 0 0 0 0 0 0 0 0 0 0 0 0 0 0 0 0 0 0 -359.324 -282.022 -619.306 -714.399 -717.375 -748.909 -694.292 -597.301 0 0 0 -1261.56 -1261.56 -1492.39 -1596.88 -1640.98 -1691.09 -1644.64 -1651.35 -1633.84 -1665.73 -1743.05 -1767.14 -1795.35 -1806.81 -1805.89 -1787.26 -1784.73 -1782.78 -1763.94 -1746.44 -1724.24 -1700.68 -1682.21 -1679.88 -1622.5 -1604.07 -1619.03 -1671.48 -1584.95 -1472.99 -1472.99 -1417.37 -1361.91 -1326.96 -1274.93 -1214.82
-9999 -9999 -9999 -9999 -9999 -9999 -9999 -9999 -9999 0 0 0 0 0 0 0 0 0 0 0 0 0 0 0 0 0 0 0 0 0 0 0 0 0 -408.109 -617.871 -698.499 -793.618 -743.8 -643.893 -643.893 -450.568 0 0 -1290.49 -1490.96 -1591.86 -1605.92 -1605.92 -1606.63 -1618.4 -1667.9 -1707.86 -1778.14 -1786.46 -1809.36 -1809.6 -1798.36 -1787.26 -1785.7 -1782.78 -1764.18 -1764.18 -1746.2 -1713.71 -1701.64 -1679.88 -1651.79 -1604.07 -1667.93 -1670.66 -1633.76 -1547.06 -1467.6 -1417.37 -1372.17 -1331.51 -1331.51 -1272.25
-9999 -9999 -9999 -9999 -9999 -9999 -9999 -9999 -9999 -9999 0 0 0 0 0 0 0 0 0 0 0 0 0 0 0 0 0 0 0 0 0 0 0 0 0 -636.183 -731.315 -755.445 -819.263 -830.68 -677.455 0 0 0 0 -1364.78 -1476.66 -1554.79 -1583.92 -1629.34 -1652.53 -1705.14 -1729.68 -1800.63 -1812.61 -1822.5 -1807.76 -1784.53 -1784.53 -1771.26 -1778.93 -1761.77 -1765.3 -1700.92 -1705.35 -1696.15 -1696.15 -1693.23 -1684.74 -1676.15 -1672.48 -1610.94 -1527.91 -1539.01 -1471.21 -1436.07 -1386.52 -1333.13 -1272.25
-9999 -9999 -9999 -9999 -9999 -9999 -9999 -9999 -9999 -9999 0 0 0 0 0 0 0 0 0 0 0 0 0 0 0 0 0 0 0 0 0 0 0 0 0 0 0 -755.445 -852.073 -830.68 -843.929 -598.502 0 0 0 -1433.11 -1523.52 -1557.87 -1593.01 -1689 -1691.65 -1790.37 -1786.89 -1850.4 -1842.19 -1846.41 -1813.97 -1779.04 -1773.31 -1757.48 -1759.02 -1726.49 -1726.49 -1671.7 -1645.72 -1614.38 -1665.36 -1661.44 -1676.01 -1640 -1662.25 -1633.61 -1606.79 -1532.05 -1479.1 -1440.57 -1440.57 -1382.21 -1326.99
-9999 -9999 -9999 -9999 -9999 -9999 -9999 -9999 -9999 -9999 -9999 0 0 0 0 0 0 0 0 0 0 0 0 0 0 0 0 0 0 0 0 0 0 0 0 0 0 0 -835.668 -884.883 -837.431 -584.105 0 0 0 0 -1476.61 -1557.87 -1653.99 -1689 -1790.79 -1790.79 -1869.01 -1851.65 -1871.78 -1846.41 -1799.62 -1779.04 -1767.08 -1759.73 -1753.58 -1743.93 -1705.75 -1649.56 -1607.24 -1563.84 -1563.84 -1545.56 -1606.61 -1588.07 -1628.64 -1603.77 -1582.08 -1548.1 -1518.21 -1465 -1429.81 -1357.62 -1313.63
-9999 -9999 -9999 -9999 -9999 -9999 -9999 -9999 -9999 -9999 -9999 -9999 0 0 0 0 0 0 0 0 0 0 0 0 0 0 0 0 0 0 0 0 0 0 0 0 0 0 -835.668 -907.85 -917.693 -836.885 -680.708 0 0 0 -1505.06 -1505.06 -1620.36 -1707.22 -1804.51 -1853.41 -1870.99 -1878.75 -1863.29 -1863.29 -1841.48 -1797.09 -1775.64 -1754.18 -1797.29 -1757.35 -1717.83 -1685.1 -1617.87 -1574.32 -1509.43 -1545.56 -1531.67 -1531.67 -1522 -1582.96 -1559.18 -1548.1 -1497.2 -1465 -1439.59 -1401.28 -1328.54
-9999 -9999 -9999 -9999 -9999 -9999 -9999 -9999 -9999 -9999 -9999 -9999 0 0 0 0 0 0 0 0 0 0 0 0 0 0 0 0 0 0 0 0 0 0 -497.725 0 0 0 0 -855.59 -938.189 -840.588 -743.058 0 0 0 -1393.78 -1527.86 -1648.12 -1743.43 -1825.02 -1825.02 -1831.71 -1851.81 -1858.34 -1870.69 -1863.14 -1818.81 -1831 -1813.87 -1776.6 -1760.33 -1650.43 -1647.77 -1566.75 -1566.75 -1445.88 -1427.83 -1378.19 -1451.37 -1452.88 -1520.85 -1504.83 -1504.83 -1471.62 -1467.88 -1418.6 -1373.63 -1290.86
-9999 -9999 -9999 -9999 -9999 -9999 -9999 -9999 -9999 -9999 -9999 -9999 -9999 0 0 0 0 0 0 0 0 0 0 0 0 0 0 0 0 0 0 0 0 0 -443.715 -569.907 0 0 0 -876.447 -876.447 -940.66 -876.377 -795.827 0 0 -1393.78 -1469.88 -1555.98 -1680.53 -1769.14 -1814.1 -1818.44 -1847.38 -1860.47 -1860.47 -1856.42 -1853.51 -1773.35 -1775.55 -1672.98 -1662.57 -1573.34 -1580.95 -1515.39 -1494.53 -1364.27 -1350.77 -1338.21 -1338.21 -1295.46 -1354.06 -1381.75 -1444.19 -1422.77 -1429.2 -1390.4 -1383.7 -1297.95
-9999 -9999 -9999 -9999 -9999 -9999 -9999 -9999 -9999 -9999 -9999 -9999 -9999 0 0 0 0 0 0 0 0 0 0 0 0 0 0 0 0 0 0 0 0 0 -585.766 -627.603 -627.603 0 0 0 -884.883 -953.89 -952.813 -866.388 -866.388 0 0 -1507.43 -1594.12 -1702.14 -1769.14 -1770.24 -1802.24 -1820.92 -1839.09 -1844.71 -1856.42 -1786.19 -1786.19 -1690.13 -1683.1 -1578.49 -1573.34 -1514.15 -1515.39 -1450.96 -1409.83 -1345.28 -1331.67 -1316.65 -1295.46 -1300.38 -1328.01 -1328.01 -1337.8 -1376.6 -1352.96 -1338.26 -1273.11
-9999 -9999 -9999 -9999 -9999 -9999 -9999 -9999 -9999 -9999 -9999 -9999 -9999 -9999 0 0 0 0 0 0 0 0 0 0 0 0 0 0 0 0 0 0 0 0 0 -622.486 -658.494 -691.304 0 0 0 0 -963.627 -962.298 -1012.84 -1045.65 -1264.88 -1354.18 -1570.07 -1656.97 -1706.38 -1751.83 -1799.34 -1829.45 -1829.45 -1829.01 -1821.86 -1714.81 -1694.78 -1619.21 -1598.67 -1507.27 -1507.27 -1448.27 -1461.67 -1404.48 -1374.92 -1332.54 -1324.14 -1321.66 -1313.23 -1287.76 -1283.61 -1287.92 -1337.8 -1340.28 -1340.28 -1304.54 -1301.04
-9999 -9999 -9999 -9999 -9999 -9999 -9999 -9999 -9999 -9999 -9999 -9999 -9999 -9999 -9999 0 0 0 0 0 0 0 0 0 0 0 0 0 0 0 0 0 0 0 0 -622.486 -659.701 -720.833 -720.833 0 0 0 -953.784 -930.817 -869.034 0 0 -1469.75 -1589.9 -1648.07 -1699.69 -1688.59 -1745.06 -1812.84 -1834.85 -1830.4 -1765.16 -1654.3 -1654.3 -1582.67 -1557.38 -1467.72 -1446.44 -1407.57 -1416.19 -1362.72 -1356.68 -1333.53 -1326.7 -1318.15 -1307.8 -1273.33 -1264.05 -1235.63 -1254.36 -1257.7 -1289.98 -1242.96 -1249.71
-9999 -9999 -9999 -9999 -9999 -9999 -9999 -9999 -9999 -9999 -9999 -9999 -9999 -9999 -9999 0 0 0 0 0 0 0 0 0 0 0 0 0 0 0 0 0 0 0 0 -583.303 -694.039 -720.833 -740.519 0 0 0 0 -930.817 -756.127 0 0 0 -1496.52 -1573.37 -1628.44 -1688.59 -1750.85 -1812.84 -1814.7 -1845.23 -1803.47 -1706.75 -1618.32 -1552.77 -1510.91 -1427.9 -1427.9 -1374.85 -1361.31 -1322.26 -1331.02 -1322.79 -1328.32 -1321.98 -1313.32 -1266.77 -1238.16 -1197.85 -1230.69 -1228 -1228 -1215.9 -1218.8
-9999 -9999 -9999 -9999 -9999 -9999 -9999 -9999 -9999 -9999 -9999 -9999 -9999 -9999 -9999 -9999 0 0 0 0 0 0 0 0 0 0 0 0 0 0 0 0 0 0 0 -626.125 -625.684 -700.242 -756.924 -764.806 0 0 -898.007 -898.007 -787.056 0 0 0 -1496.64 -1542.43 -1604 -1604 -1676.85 -1758.69 -1806.25 -1834.9 -1776.4 -1682.5 -1681.26 -1608.56 -1521.67 -1474.85 -1401.35 -1374.85 -1326.15 -1326.15 -1281.41 -1305.19 -1305.4 -1321.98 -1289 -1266.77 -1215.97 -1175.9 -1160.29 -1202.49 -1207.47 -1215.9 -1199.78
-9999 -9999 -9999 -9999 -9999 -9999 -9999 -9999 -9999 -9999 -9999 -9999 -9999 -9999 -9999 -9999 0 0 0 0 0 0 0 0 0 0 0 0 0 0 0 0 0 0 0 0 -647.412 -720.118 -779.891 -795.504 -802.858 -838.949 -884.883 -888.164 -773.629 0 0 0 0 -1473.43 -1519.51 -1593.29 -1692.65 -1757.63 -1753.94 -1790.37 -1782.13 -1760 -1658 -1594.87 -1492.01 -1492.01 -1415.88 -1371.27 -1299.29 -1286.67 -1252.81 -1274.8 -1260.7 -1260.7 -1241.24 -1244.33 -1145.6 -1123.25 -1167.81 -1193.1 -1197.65 -1197.73 -1180.88
-9999 -9999 -9999 -9999 -9999 -9999 -9999 -9999 -9999 -9999 -9999 -9999 -9999 -9999 -9999 -9999 -9999 0 0 0 0 0 0 0 0 0 0 0 0 0 0 0 0 0 0 0 0 0 -737.238 -770.048 -802.858 0 -884.883 -906.586 -882.045 -850.627 -983.661 0 -1339.7 -1450.84 -1558.88 -1558.88 -1648.41 -1704.16 -1745.18 -1774.09 -1751.03 -1715.67 -1651.07 -1609.21 -1507 -1460.61 -1380.1 -1341.45 -1266.89 -1266.89 -1244.93 -1239.76 -1219.39 -1224.64 -1190.97 -1178.61 -1149.89 -1136.67 -1204.67 -1207.14 -1192.44 -1184.88 -1165.44
-9999 -9999 -9999 -9999 -9999 -9999 -9999 -9999 -9999 -9999 -9999 -9999 -9999 -9999 -9999 -9999 -9999 0 0 0 0 0 0 0 0 0 0 0 0 0 0 0 0 0 0 0 0 -608.993 -701.147 0 0 0 -844.521 -917.288 -874.899 -932.363 -983.661 -997.747 -1092.77 -1324.16 -1461.21 -1585.55 -1648.41 -1704.13 -1704.13 -1727.68 -1749.39 -1689.72 -1651.07 -1542.86 -1507 -1444.97 -1417.89 -1358.29 -1320.29 -1260.75 -1229.57 -1223.25 -1188.24 -1188.24 -1161.96 -1153.71 -1157.96 -1187.02 -1213.43 -1205.06 -1187 -1175.94 -1152.19
-9999 -9999 -9999 -9999 -9999 -9999 -9999 -9999 -9999 -9999 -9999 -9999 -9999 -9999 -9999 -9999 -9999 -9999 0 0 0 0 0 0 0 0 0 0 0 0 0 0 0 0 0 0 0 0 0 0 0 0 -899.789 -901.44 -914.35 -930.817 -950.503 -976.751 -1087.95 -1322.18 -1322.18 -1418.57 -1565.87 -1598.47 -1674.61 -1663.95 -1692.6 -1593.93 -1593.93 -1486.93 -1468.65 -1391.02 -1379.31 -1338.85 -1304 -1268.63 -1238.16 -1206.86 -1198.88 -1169.43 -1161.96 -1151.48 -1151.48 -1187.12 -1214.36 -1196.78 -1187 -1158.62 -1152.19
