gis_data/PP1766_DIS_Layer4_Top_ASCII.txt
ncols         308
nrows         431
xllcorner     -321143.35392317
yllcorner     1277883.4776336
cellsize      1609.334
NODATA_value  -9999
[rows 245 to 279 of 431, columns 158 to 236 of 308]
-90.7072 -87.0367 -79.7221 -77.1695 -67.742 -71.9048 -62.8938 -55.928 -49.4592 -41.485 -32.1323 -16.7472 -16.7472 -0.0961722 32.6986 54.1411 74.1788 79.705 100.849 85.2503 103.834 109.287 128.762 144.229 169.93 191.547 191.547 202.983 136.706 20.2786 -14.6911 -10.2651 8.414 31.381 31.381 54.1329 0 0 0 0 0 0 0 0 0 0 0 0 0 0 0 0 0 0 0 0 0 0 0 0 0 0 0 0 0 0 0 0 0 0 0 -9999 -9999 -9999 -9999 -9999 -9999 -9999 -9999
-94.0571 -97.0611 -90.2286 -87.0636 -80.8543 -74.0412 -63.6444 -58.8069 -58.8069 -49.9273 -39.8637 -28.1495 -17.6359 1.84801 30.0152 46.6548 46.6548 58.3838 71.9442 80.4806 89.824 101.325 118.521 119.105 149.593 181.178 196.579 195.028 139.908 24.1369 24.1369 -20.0025 -0.570802 8.414 31.381 70.753 0 0 0 0 0 0 0 0 0 0 0 0 0 0 0 0 0 0 0 0 0 0 0 0 0 0 0 0 0 0 0 0 0 0 0 -9999 -9999 -9999 -9999 -9999 -9999 -9999 -9999
-102.972 -97.0611 -93.3217 -92.1933 -85.7209 -88.8726 -77.6636 -69.0305 -59.1764 -48.9673 -39.8465 -24.3413 -24.3413 -13.9557 1.92293 21.6819 39.8609 59.7193 68.295 71.9974 83.8014 95.278 104.015 127.563 157.708 185.581 185.581 201.33 198.535 154.971 26.2807 -6.45811 5.133 15.107 15.107 34.662 81.785 0 0 0 0 0 0 0 0 0 0 0 0 0 0 0 0 0 0 0 0 0 0 0 0 0 0 0 0 0 0 0 0 0 0 0 -9999 -9999 -9999 -9999 -9999 -9999 -9999
-107.639 -107.639 -102.508 -98.2903 -92.9989 -88.8726 -81.1609 -69.0305 -71.1888 -58.4866 -49.3634 -36.9861 -23.6321 -13.9557 2.87274 2.87274 21.1924 40.6007 61.7939 71.9974 88.2139 95.278 109.362 111.728 133.792 165.963 187.654 202.242 205.886 161.783 161.783 47.7926 -1.54247 15.5369 34.662 44.505 83.9126 60.91 0 0 0 0 0 0 0 0 0 0 0 0 0 0 0 0 0 0 0 0 0 0 0 0 0 0 0 0 0 0 0 0 0 0 -9999 -9999 -9999 -9999 -9999 -9999 -9999
-111.939 -113.442 -106.461 -103.697 -104.599 -97.4182 -89.1485 -81.5025 -74.0056 -62.8563 -48.7492 -36.3204 -31.5614 -19.0066 -8.33012 5.40132 24.3171 43.807 71.3207 71.3207 82.3147 92.5774 101.443 111.728 138.929 165.963 169.351 189.24 205.567 208.572 158.964 47.7926 13.0975 13.0975 16.3803 34.662 23.843 60.91 75.6368 0 0 0 0 0 0 0 0 0 0 0 0 0 0 0 0 0 0 0 0 0 0 0 0 0 0 0 0 0 0 0 0 0 0 -9999 -9999 -9999 -9999 -9999 -9999
-116.627 -116.627 -113.963 -107.556 -98.6438 -98.3071 -91.5061 -87.9991 -91.1289 -79.7095 -66.8832 -49.0618 -27.1467 -16.7516 -3.47954 -3.47954 9.91827 29.417 56.97 74.1451 87.7656 94.4475 106.791 106.791 124.382 145.124 171.719 189.751 202.23 196.763 207.684 161.54 61.925 13.664 17.8565 8.414 54.348 54.348 60.91 79.9243 0 0 0 0 0 0 0 0 0 0 0 0 0 0 0 0 0 0 0 0 0 0 0 0 0 0 0 0 0 0 0 0 0 0 -9999 -9999 -9999 -9999 -9999
-123.053 -120.212 -113.963 -102.616 -102.616 -98.5416 -97.721 -92.3953 -91.1289 -86.7589 -69.7837 -48.4998 -47.6086 -26.6158 -10.1995 0.304182 12.9115 32.9451 57.533 57.533 76.3814 90.5156 104.935 113.369 130.353 149.429 150.981 167.416 183.496 200.28 190.7 150.256 31.7532 31.7532 11.695 30.2241 37.943 51.067 51.067 78.2461 152.226 152.226 0 0 0 0 0 0 0 0 0 0 0 0 0 0 0 0 0 0 0 0 0 0 0 0 0 0 0 0 0 0 0 0 -9999 -9999 -9999 -9999 -9999
-126.923 -130.438 -121.143 -111.108 -100.447 -96.0134 -94.1403 -95.8471 -95.8471 -97.4617 -86.3034 -68.1553 -47.6086 -27.8641 -10.1995 -12.6563 -2.3138 13.3488 32.4323 56.6016 76.3814 92.0214 92.0214 106.04 119.083 130.567 150.981 168.325 183.496 197.142 197.142 199.431 82.1568 22.7695 11.695 24.819 34.662 34.662 17.2176 37.943 68.5537 121.87 0 0 0 0 0 0 0 0 0 0 0 0 0 0 0 0 0 0 0 0 0 0 0 0 0 0 0 0 0 0 0 0 0 -9999 -9999 -9999 -9999
-138.812 -136.679 -124.647 -110.421 -110.421 -100.178 -96.8555 -97.908 -92.2345 -91.4484 -84.6349 -69.0342 -69.0342 -49.3106 -29.8084 -16.4388 -0.409945 14.8398 35.0811 32.937 54.184 71.5359 90.9724 109.76 123.756 131.294 131.294 141.137 160.433 169.133 183.481 144.337 82.1568 20.2803 1.85199 6.04059 21.538 28.1 17.2176 54.4493 68.5537 78.2173 0 0 0 0 0 0 0 0 0 0 0 0 0 0 0 0 0 0 0 0 0 0 0 0 0 0 0 0 0 0 0 0 0 -9999 -9999 -9999 -9999
-146.852 -153.202 -140.104 -129.978 -111.744 -102.085 -97.8775 -98.2825 -98.2825 -99.1537 -92.0591 -81.9801 -69.4866 -49.2806 -34.487 -31.0987 -14.248 2.2556 16.3008 34.746 52.846 69.4043 69.4043 79.3732 97.8609 116.518 129.57 138.38 155.161 169.17 169.17 94.9899 57.8677 -10.664 -1.42899 5.133 18.257 3.87748 16.8779 37.943 54.348 73.0774 91.7734 0 0 0 0 0 0 0 0 0 0 0 0 0 0 0 0 0 0 0 0 0 0 0 0 0 0 0 0 0 0 0 0 0 -9999 -9999 -9999
-159.703 -153.202 -144.305 -129.978 -131.703 -114.593 -109.03 -101.179 -102.781 -99.1537 -90.7748 -90.7748 -78.9813 -65.3526 -47.3116 -31.0987 -13.2751 2.2556 17.1845 22.1645 33.2975 42.0315 58.6589 76.1954 97.6073 110.583 110.583 117.66 131.686 127.442 113.004 -6.32081 -17.3161 -27.677 -17.834 -7.991 1.85199 19.6383 18.2774 41.224 41.224 49.3294 57.1832 69.8221 0 0 0 0 0 0 0 0 0 0 0 0 0 0 0 0 0 0 0 0 0 0 0 0 0 0 0 0 0 0 0 0 -9999 -9999 -9999
-166.418 -166.418 -157.273 -145.636 -133.495 -120.364 -113.83 -105.52 -107.753 -102.947 -95.7991 -90.1861 -75.9701 -62.8653 -47.4867 -47.4867 -33.2816 -14.1561 4.06063 22.1645 28.7079 42.0315 37.6261 54.9364 71.6143 91.1144 102.541 117.66 123.252 127.442 51.2665 14.8496 -38.3359 -27.677 -21.115 -7.991 -1.42899 -1.42899 11.695 23.3418 42.6494 47.786 64.3297 82.8189 82.8189 80.596 87.0726 0 0 0 0 0 0 0 0 0 0 0 0 0 0 0 0 0 0 0 0 0 0 0 0 0 0 0 0 0 0 -9999 -9999
-177.703 -168.965 -162.057 -145.374 -147.228 -135.263 -125.742 -116.127 -107.332 -101.785 -91.4297 -91.4297 -84.8061 -73.0366 -62.0775 -51.8626 -39.829 -15.3225 -1.9751 -1.9751 12.5733 25.3627 37.42 54.5458 65.0994 87.6718 75.5177 91.678 93.5192 87.986 -19.2725 -38.9869 -44.082 -44.082 -34.0448 -24.396 -17.834 2.71034 5.133 23.3418 14.976 31.381 58.8447 68.8572 64.191 80.596 94.3006 0 0 0 0 0 0 0 0 0 0 0 0 0 0 0 0 0 0 0 0 0 0 0 0 0 0 0 0 0 0 0 -9999
-186.364 -179.497 -173.394 -158.572 -147.228 -135.16 -125.117 -117.675 -121.723 -110.222 -100.076 -91.7787 -84.3814 -73.0474 -65.7493 -65.7493 -60.6644 -45.1477 -29.3105 -7.77116 14.8647 29.0634 21.4794 35.109 39.5006 58.4559 67.3445 84.5211 61.1899 61.1899 -16.3982 -57.6754 -53.925 -44.082 -38.8509 -27.677 -24.396 -24.396 -5.0385 15.1145 24.819 35.4113 60.4227 79.1979 44.5836 44.475 75.2281 0 0 0 0 0 0 0 0 0 0 0 0 0 0 0 0 0 0 0 0 0 0 0 0 0 0 0 0 0 0 0 -9999
-189.964 -182.581 -173.128 -157.031 -157.031 -144.817 -136.401 -128.494 -121.723 -109.971 -100.076 -100.555 -91.037 -86.4339 -73.1475 -70.9383 -60.6644 -50.5275 -29.3105 -33.7235 -11.3022 0.0473 21.4794 26.6178 39.5006 46.4381 42.9802 59.5428 67.6923 45.6187 -11.9566 -54.714 -53.925 -53.925 -50.644 -40.801 -34.239 -5.29564 5.133 7.81458 20.1568 28.6145 0 50.3114 49.6991 34.7744 60.91 0 0 0 144.228 0 0 0 0 0 0 0 0 0 0 0 0 0 0 0 0 0 0 0 0 0 0 0 0 0 0 0 0
-196.254 -189.823 -181.992 -173.071 -157.417 -142.609 -133.489 -128.138 -128.138 -119.961 -114.63 -106.356 -93.5916 -91.1587 -81.4743 -85.9776 -76.7163 -70.2652 -54.9176 -41.4958 -24.2631 -12.2507 -12.2507 -0.0617744 20.6228 27.062 42.9802 59.2915 67.6923 67.86 46.7501 8.07111 -48.1161 -60.487 -50.644 -41.9529 -34.239 -27.677 -14.553 -2.54616 20.1568 13.6515 0 34.2775 34.2775 57.189 52.8036 83.7635 82.611 119.968 129.065 129.065 149.497 0 0 199.588 0 0 0 0 0 0 0 0 0 0 0 0 0 0 0 0 0 0 0 0 0 0 0
-193.69 -188.807 -183.891 -169.895 -169.895 -158.715 -145.835 -134.572 -127.683 -119.304 -107.888 -111.844 -104.345 -100.433 -96.1029 -93.9697 -84.7498 -77.0262 -77.0262 -64.0071 -48.3435 -37.2705 -20.1064 -2.76127 17.2276 27.4617 27.4617 50.8922 68.7821 69.5045 59.1917 29.8456 -40.8963 -33.4321 -60.487 -44.3788 -34.239 -17.834 -4.70999 8.414 8.414 -0.883763 21.5223 41.224 37.943 48.4843 52.8036 51.067 77.7328 94.5542 110.125 126.382 149.497 225.95 0 141.185 202.638 0 0 0 0 0 0 0 0 0 0 0 0 0 0 0 0 0 0 0 0 0 0
-194.252 -192.204 -189.207 -181.407 -169.252 -158.715 -145.166 -145.166 -135.857 -127.263 -120.88 -111.844 -106.492 -107.23 -99.8839 -109.219 -100.006 -95.7794 -82.1764 -69.5898 -50.9001 -41.2093 -41.2093 -28.6441 -7.54508 10.7605 34.6392 48.0539 63.4446 59.579 70.098 63.376 28.0494 -29.8944 -57.2303 -44.082 -44.082 -30.958 -21.115 -23.4796 -6.0063 1.29108 18.8792 16.9809 16.9809 21.538 47.8829 61.9062 80.6272 78.173 110.125 100.271 112.248 214.419 340.889 112.838 140.672 0 0 0 0 0 0 0 0 0 0 0 0 0 0 0 0 0 0 0 0 0 0
-191.221 -192.921 -185.413 -178.594 -176.672 -167.728 -159.812 -148.505 -136.35 -130.768 -124.769 -124.769 -120.844 -113.754 -113.748 -109.219 -109.788 -95.7794 -101.921 -88.1359 -72.7442 -54.4148 -41.5187 -28.6441 -14.4023 10.7605 4.6695 27.1902 46.8299 59.579 64.1572 63.376 33.3971 26.1505 -27.9524 -47.7793 -40.801 -27.677 -21.115 -15.3048 -15.3048 -4.70999 14.976 5.133 17.5654 31.1046 51.067 31.381 60.5672 57.629 80.596 90.4433 114.232 166.218 398.387 125.821 24.819 140.355 0 0 0 0 0 0 0 0 0 0 0 0 0 0 0 0 0 0 0 0 0
-178.291 -184.445 -186.836 -184.369 -176.75 -168.43 -158.607 -158.607 -153.381 -140.505 -134.222 -127.213 -135.641 -122.031 -124.821 -124.821 -124.612 -114.711 -105.881 -91.083 -75.0458 -58.1682 -65.626 -48.0872 -40.4904 -21.5372 -1.24104 27.7237 36.8435 36.8435 38.9358 55.6022 45.0994 26.1505 -26.9741 -47.7793 -44.3432 -37.52 -33.6621 -24.396 -20.8333 -4.70999 -8.12172 5.133 14.976 5.133 21.6137 31.381 59.3013 57.629 57.1608 57.1608 105.19 117.651 102.742 -1.93366 102.801 124.604 124.604 0 0 0 0 0 0 0 0 0 0 0 0 0 0 0 0 0 0 0 0
-164.589 -182.668 -192.404 -183.475 -195.343 -180.208 -174.065 -164.02 -154.065 -145.014 -149.975 -149.975 -165.807 -151.35 -149.829 -135.689 -125.624 -116.893 -118.597 -108.268 -99.5598 -81.6984 -84.2772 -61.3408 -57.0575 -57.0575 -42.545 -7.11277 6.93912 22.2295 19.5586 40.5891 35.4989 35.4989 13.8819 -23.7861 -39.379 -40.801 -37.52 -27.677 -30.958 -21.115 -15.5232 1.85199 1.85199 11.0939 39.3419 39.3419 51.067 67.2896 80.596 90.5941 97.536 112.12 97.8309 85.0931 18.257 102.217 0 0 0 0 0 0 0 0 0 0 0 0 0 0 0 0 0 0 0 0 0
-132.695 -155.448 -186.168 -203.828 -195.343 -188.414 -174.065 -186.299 -168.091 -162.292 -153.134 -167.555 -165.807 -162.77 -149.829 -151.751 -135.232 -128.2 -118.597 -114.472 -122.49 -106.785 -137.827 -109.203 -105.687 -78.3133 -53.7646 -17.351 -7.96435 -7.96435 -9.23479 14.8048 21.1318 22.3121 9.69652 -20.6956 -23.504 -44.3883 -44.082 -34.239 -27.677 -21.115 -17.834 -13.5887 -4.70999 5.133 18.257 34.662 51.067 60.91 77.315 77.315 70.5885 93.72 -7.991 -11.272 102.434 81.1169 119.968 0 0 0 0 0 0 0 0 0 0 0 0 0 0 0 0 0 0 0 0
-116.136 -147.397 -192.964 -213.663 -213.663 -210.709 -200.586 -197.76 -176.925 -168.754 -162.457 -172.211 -178.287 -182.237 -168.404 -154.391 -144.946 -145.912 -145.912 -149.887 -134.881 -146.665 -137.827 -132.791 -105.687 -121.953 -88.7547 -63.0834 -29.0073 -30.617 -9.23479 0.353542 21.1318 3.60752 5.17934 -4.08395 -23.504 -48.1426 -44.082 -34.239 -34.239 -27.677 -21.115 -17.834 -3.62652 5.5528 24.819 24.819 23.404 46.8204 52.2812 67.5909 78.3253 46.0931 -14.553 -4.70999 93.8667 109.427 0 0 0 0 0 0 0 0 261.874 277.92 0 0 0 0 0 0 0 0 0 0 0
-20.5694 -83.666 -149.505 -207.096 -220.522 -217.053 -206.389 -214.608 -202.279 -202.28 -187.425 -192.627 -188.379 -195.127 -195.127 -187.898 -164.666 -153.662 -157.975 -151.469 -146.985 -152.787 -152.787 -152.597 -141.71 -126.89 -95.5215 -69.4685 -47.9288 -63.8859 -50.7881 -42.5582 -20.1885 -13.0279 3.50929 -14.1623 -14.1623 -42.0277 -45.6319 -40.801 -37.52 -27.677 -21.115 -24.396 -14.553 -4.85107 4.08668 21.538 23.404 33.7054 52.2812 54.348 67.472 -27.677 -14.553 91.4046 93.8667 98.766 98.766 0 0 0 0 0 0 0 225.591 277.094 0 0 0 0 0 0 0 0 0 0 0
-16.7127 -83.666 -159.618 -207.096 -209.553 -224.502 -220.887 -219.734 -210.01 -213.523 -201.111 -217.34 -207.658 -212.264 -207.919 -198.837 -173.271 -161.809 -161.809 -161.115 -153.07 -160.79 -156.531 -158.047 -148.797 -153.302 -131.383 -115.388 -86.2338 -78.8178 -62.3296 -55.0887 -33.5991 -49.7059 -29.8723 -29.7817 -34.4055 -52.9807 -50.644 -41.2384 -41.2384 -30.9545 -24.396 -14.553 -7.991 1.85199 5.133 5.133 21.538 37.943 47.786 57.629 64.191 51.067 51.067 80.596 83.877 83.877 84.8712 0 121.742 129.811 129.811 0 0 201.993 225.591 0 0 0 0 0 0 0 0 0 0 0 0
103.365 10.8395 -55.9743 -154.42 -214.34 -222.515 -222.158 -222.158 -222.044 -220.164 -224.434 -217.34 -220.358 -212.264 -220.054 -210.743 -202.842 -183.111 -174.992 -161.115 -162.159 -160.79 -161.067 -159.229 -159.504 -153.302 -136.073 -115.388 -104.022 -116.87 -97.6068 -92.0891 -74.0203 -64.7978 -40.5834 -46.1666 -46.1666 -59.1622 -53.925 -44.082 -40.801 -27.677 -19.7046 -21.115 -11.7379 -1.42899 1.85199 14.976 28.1 11.7938 47.786 39.826 -37.52 60.91 54.348 70.753 74.034 83.877 83.877 90.439 106.844 126.53 136.373 165.902 179.531 172.464 196.849 0 0 0 0 0 0 0 0 0 0 0 0
143.417 45.0025 -51.8358 -51.8358 -160.215 -214.075 -224.294 -224.83 -227.011 -232.025 -232.591 -232.591 -229.054 -227.99 -223.465 -215.167 -206.286 -194.59 -198.665 -181.689 -173.116 -166.985 -167.76 -163.922 -166.467 -166.467 -167.575 -150.496 -142.139 -116.87 -111.603 -92.0891 -102.249 -84.592 -66.2775 -54.0488 -62.1159 -59.1622 -50.644 -44.082 -40.801 -34.239 -24.396 -21.115 -11.272 -1.42899 5.133 5.133 -53.925 24.819 -49.455 -39.1952 51.067 60.91 60.91 54.348 64.191 70.8002 80.596 93.2819 106.844 106.844 123.249 134.623 156.059 154.405 201.063 0 0 0 0 0 0 0 0 0 0 0 0
274.385 159.972 62.6126 -53.0682 -161.797 -211.725 -232.46 -232.46 -243.079 -240.944 -246.893 -241.38 -237.826 -228.584 -234.107 -228.175 -222.544 -215.111 -208.632 -187.107 -179.378 -169.972 -176.347 -171.374 -174.58 -175.293 -175.513 -163.092 -155.161 -155.161 -143.944 -121.759 -111.016 -87.6216 -72.4995 -66.0341 -66.6696 -63.5029 -50.644 -44.082 -37.52 -27.677 -24.396 -24.396 -58.6637 -31.716 -1.42899 11.695 21.538 24.819 34.662 34.662 41.224 47.786 51.067 54.348 60.3795 70.8002 67.472 77.315 90.439 106.844 123.249 134.623 147.857 147.857 142.935 172.464 0 0 0 0 0 0 0 0 0 0 0
274.385 171.934 62.6126 24.6989 -73.3223 -158.736 -211.177 -234.854 -243.079 -248.239 -246.893 -249.852 -245.275 -245.288 -234.107 -228.957 -222.72 -213.877 -216.482 -205.685 -195.412 -181.917 -179.348 -175.686 -180.212 -180.212 -187.879 -181.04 -177.113 -161.106 -149.92 -133.02 -135.599 -114.743 -92.754 -74.201 -91.6474 -58.808 -50.644 -45.2454 -90.016 -88.4607 -30.958 -22.3731 -17.834 -7.991 -1.42899 -1.42899 5.133 16.2167 21.538 31.381 31.381 37.943 33.6672 41.224 51.067 60.91 64.191 77.315 90.439 90.439 103.563 114.597 126.53 124.069 146.717 182.307 0 0 0 0 0 0 0 0 0 0 0
356.432 238.998 137.475 -13.0563 -98.8389 -159.235 -207.228 -208.438 -229.642 -251.965 -257.874 -256.843 -250.165 -250.219 -250.219 -233.835 -223.943 -221.217 -216.482 -206.476 -195.412 -200.323 -185.15 -185.726 -183.406 -192.315 -187.879 -187.121 -177.113 -177.456 -164.058 -153.146 -135.599 -118.482 -92.754 -99.8642 -73.611 -63.768 -53.925 -63.768 -47.363 -36.9985 -30.958 -30.958 -27.677 -17.834 -5.43414 3.16653 3.25253 11.695 11.5722 19.9213 18.257 24.819 29.6444 37.943 47.786 54.348 58.6711 67.472 80.596 93.72 87.158 100.598 113.406 113.406 128.99 145.891 0 0 0 0 0 0 0 0 0 0 0
325.962 231.304 109.492 85.3288 -20.6092 -107.358 -155.403 -206.195 -229.515 -264.215 -264.215 -266.763 -265.512 -273.282 -250.998 -236.893 -226.739 -225.203 -225.203 -219.274 -209.117 -202.671 -191.856 -201.212 -195.742 -218.613 -208.979 -202.283 -190.759 -177.724 -166.016 -159.611 -159.611 -145.054 -118.853 -81.9448 -73.611 -63.768 -53.925 -50.644 -50.644 -47.363 -37.52 -30.958 -27.677 -14.553 -5.43414 -14.553 -7.991 -4.70999 11.5722 14.976 18.257 18.257 18.257 28.1 37.943 47.786 54.348 69.3661 67.472 67.472 80.596 83.877 100.282 116.687 110.261 126.53 0 0 0 0 0 0 0 0 0 0 0
376.533 343.604 213.286 69.1043 -36.9553 -99.4779 -155.069 -166.668 -205.571 -232.062 -253.842 -277.41 -275.45 -286.225 -286.225 -272.343 -244.211 -242.52 -230.027 -226.556 -217.842 -228.384 -218.529 -233.809 -226.617 -233.498 -217.261 -202.982 -188.013 -187.561 -175.716 -165.661 -161.078 -134.276 -98.8513 -76.892 -76.892 -70.33 -60.487 -60.487 -53.925 -44.082 -40.801 -40.801 -34.239 -29.5576 -21.115 -18.9986 -13.5048 -4.70999 -4.70999 1.85199 10.0634 11.695 21.538 24.819 34.662 41.224 41.224 46.7162 60.91 64.191 80.596 87.158 100.282 90.439 100.282 103.563 121.236 0 0 297.911 297.911 168.924 187.701 0 0 0 0
321.7 329.338 199.079 199.079 53.2013 -45.1907 -114.868 -166.668 -210.349 -232.062 -240.299 -259.154 -298.753 -296.312 -299.995 -272.343 -254.881 -242.52 -253.796 -237.855 -235.693 -228.384 -239.475 -244.129 -245.046 -248.557 -233.388 -217.575 -201.248 -193.344 -176.727 -174.694 -174.694 -163.405 -129.152 -96.5608 -74.3043 -70.6996 -66.6683 -67.049 -60.487 -53.925 -47.363 -40.801 -39.6197 -37.52 -27.677 -27.677 -24.396 -14.553 0.39732 1.85199 5.133 5.133 5.133 14.976 21.538 25.3895 37.612 44.505 47.786 47.786 64.191 67.472 80.596 90.3146 100.282 103.563 103.563 127.374 265.016 146.216 159.34 182.307 215.989 0 0 0 0
0 392.957 340.459 175.472 20.8501 -76.8863 -151.345 -151.345 -221.432 -225.51 -272.897 -285.36 -306.328 -306.063 -313.163 -300.177 -278.978 -264.891 -259.58 -247.51 -250.734 -250.734 -258.539 -250.131 -258.526 -248.557 -246.167 -217.575 -232.568 -208.128 -193.942 -179.2 -178.309 -163.405 -134.338 -96.5608 -106.124 -76.7008 -76.1656 -67.049 -60.487 -53.925 -47.09 -47.363 -44.082 -44.082 -37.52 -34.239 -27.677 -24.396 -24.396 -14.553 -11.272 -4.70999 5.133 8.414 18.257 21.538 28.1 31.381 41.224 51.067 71.6635 74.034 77.315 77.315 90.439 98.4095 106.844 113.406 129.811 129.811 129.811 202.083 0 0 267.307 0 0
0 431.127 274.356 274.356 145.919 29.2869 -87.018 -181.992 -278.267 -284.847 -330.581 -314.326 -312.609 -310.504 -312.984 -293.541 -277.069 -265.705 -277.63 -271.433 -277.169 -265.583 -270.119 -264.126 -274.864 -274.864 -286.248 -266.902 -251.045 -217.399 -201.178 -181.077 -188.039 -182.962 -163.742 -141.354 -117.06 -93.8862 -83.0567 -83.0567 -74.5915 -60.5358 -50.644 -47.363 -47.363 -44.082 -37.52 -37.52 -30.958 -24.396 -21.115 -14.553 -11.272 -4.70999 -4.70999 1.85199 11.695 21.538 28.1 31.381 41.224 41.224 51.067 60.91 67.472 80.596 87.158 87.158 87.158 80.596 97.001 110.125 163.032 0 0 205.274 205.274 0 0
