%define here the values that the parval will be multiplied in LPF
%Get those values from SENSITIVITY.TXT file
D_DELTA =	1000;
HK_BDRX =	0.07960000000000002629;
VK_BDRX	= 1.00E-04;
HK_SJ	= 0.0530000000000000426;
VK_SJ	= 2.00E-04;
HK_QPC	= 0.79500000000000000555;
VK_QPC	= 0.095709999999999996412;
HK_UN_VF= 	1.00E+00;
HK_LN6_VF=	0.91446618;
HK_LN7_VF=	3.70E-01;
HK_LN8_VF=	2.40E-01;
HK_LN9_VF=	1.50E-01;
HK_LN10_VF=	8.00E-02;
HK_US_VF	=1.00E+00;
HK_LS6_VF	=0.61446618;
HK_LS7_VF	=2.40E-01;
HK_LS8_VF	=1.80E-01;
HK_LS9_VF	=8.00E-02;
HK_LS10_VF	=2.00E-02;
HK_UWS_VF	=0.180586;
HK_WS6_VF	=1.00E-01;
HK_WS7_VF	=7.50E-02;
HK_WS8_VF	=6.50E-02;
HK_WS9_VF	=5.00E-02;
HK_WS10_VF	=4.00E-02;
HK_CORC	=1.00E-02;
HK_DUMMY=	1.00E-02;
VK_UN_VF=	1.00E+00;
VK_LN6_VF=	0.663;
VK_LN7_VF=	3.70E-01;
VK_LN8_VF=	2.40E-01;
VK_LN9_VF=	1.50E-01;
VK_LN10_VF=	8.00E-02;
VK_US_VF	=1.00E+00;
VK_LS6_VF	=0.463;
VK_LS7_VF	=2.00E-01;
VK_LS8_VF	=1.50E-01;
VK_LS9_VF	=8.00E-02;
VK_LS10_VF	=2.00E-02;
VK_UWS_VF	=1.80E-01;
VK_WS6_VF	=1.50E-01;
VK_WS7_VF	=1.00E-01;
VK_WS8_VF	=6.50E-02;
VK_WS9_VF	=5.00E-02;
VK_WS10_VF	=4.00E-02;
VK_CORC	=0.001996599;
VK_DUMMY	=1.00E+03;
SS_VF_UP	=1.00E+00;
SS_VF_DN	=1.00E+00;
SS_WEST6	=1.00E+00;
SS_CORC	=1.00E+00;
SS_QPC	=1.00E+00;
SS_DUMMY=	1.00E-06;
